18.07674370171889
6.585759979374004
5.3695473063666865
4.92508475847964
4.632379448638772
4.407644532761484
4.246799210332474
4.107236870054929
3.9842817800224952
3.9217783493815728
3.801738678846719
3.7288826006763385
3.639637969574838
3.590910106335046
3.506271923488041
3.470034470535674
3.4299776981461725
3.3753785912720664
3.3429318925119795
3.291578801735392
3.2383681367028436
3.231930730477819
3.196190987555486
3.154462219409223
3.137654335993641
3.119902015856977
3.081258825536044
3.0623818427886604
3.0507967528307214
3.0201192486960933
2.9996666812671804
2.999420200878719
2.9756821433328233
2.966183621928377
2.941162347231271
2.921257778158728
2.907286327964855
2.886449265592503
2.875077262801944
2.882055054295738
2.863265576227656
2.878621516924984
2.8441022820067854
2.826504926636534
2.820276531970726
2.8013567896384113
2.792138439866732
2.7778861623889997
2.762424589328046
2.78516164478266
2.7580729312491865
2.753849685754416
2.777836073119685
2.730383001408487
2.710849686613623
2.705485370642734
2.7087176548984817
2.688810780363263
2.691908063191288
2.676015353990051
2.665542958480007
2.667298486772573
2.655611421139735
2.642293196804119
2.654134597418443
2.635447044417543
2.640107278553945
2.644862567478756
2.6172770256141447
2.6040357475010856
2.609434727227913
2.613020526350669
2.597480890885839
2.5871630957666434
2.5725229000145533
2.5811988556722425
2.560036005838862
2.560744657269064
2.556468366451983
2.59705092771998
2.5576859397708245
2.549409935496888
2.536982482334353
2.53276430267208
2.5254557689405837
2.5239849377353236
2.5284357560130784
2.5076028057989084
2.5141757496123045
2.501366243609842
2.519520055010634
2.4865588177487536
2.4988568689463273
2.4844011658767484
2.4697804318846397
2.4709051403234588
2.478859400411822
2.466729648270697
2.4635971284137583
2.453409748819639
2.4483221347601907
2.4511244578181572
2.4431288664071067
2.4308821901960194
2.431595967203941
2.4258780799946695
2.430033546011403
2.4255740344524384
2.4151071703658915
2.4272136114678293
2.4210105015421814
2.4012784187523826
2.4021650001687824
2.397806125991749
2.408665804930453
2.3892471933702253
2.390139804133829
2.381523067658802
2.3775175095729106
2.3681890621500195
2.37405260638246
2.3677004339560024
2.362979380589611
2.3700895579356067
2.3512755770165965
2.352244199446912
2.3607950913456253
2.342932088195153
2.343720022799834
2.3318289906348824
2.335331958419872
2.3372377539580724
2.335426246782519
2.331340697014107
2.329210828497725
2.32632056497178
2.317310113389537
2.3291000150284678
2.336207540530079
2.3160662544223496
2.30623378674939
2.3081313222646713
2.3004560959788987
2.293486048028154
2.292384794860516
2.2889642569254027
2.301121419330813
2.286125658255703
2.2991000728787117
2.279503774530483
2.275053131692814
2.3074856102466583
2.2731070119254992
2.262397659555921
2.2765153342822813
2.2627768533409767
2.269762877023445
2.2563711103965653
2.252638323127099
2.2533941162082383
2.2480096142247037
2.2513672765695825
2.2466116395761384
2.242376872391071
2.235625254095725
2.2350489789584898
2.2306492188066804
2.2366212066614404
2.235343301071311
2.2361340151642852
2.223852112608136
2.22919266685
2.2162825178425267
2.23317984477529
2.214856022933744
2.213612046444191
2.2348441987667442
2.2168748249422827
2.2096323117894947
2.2060480938767486
2.202875036113667
2.21512985285723
2.1969395524488307
2.2012447489882416
2.204958992184333
2.1810383403076314
2.18669992685318
2.1913798254615857
2.173996120902165
2.187126748404413
2.172647315657364
2.173348859795984
2.1735998931920752
2.165716753534551
2.1787235669369966
2.165490076789316
2.1597034644405797
2.1750963656407483
2.173583636868675
2.1523566729617567
2.164904147386551
2.1600793695674754
2.147978574037552
2.14890289756487
2.1415111650273486
2.144418679880646
2.1549217827477545
2.138960580218513
2.1418702745775007
2.1377531197273507
2.1403299828745284
2.1401621634667776
2.1413411784846828
2.123885155286429
2.1458253742388957
2.1187900422878987
2.126069980972218
2.119582859412679
2.1326662673140473
2.1201340066936782
2.1265249440692506
2.111505223895019
2.1127815142555058
2.1103652631336787
2.114728327067393
2.1173560118900157
2.0975865794802613
2.106595565687935
2.106343523792501
2.104494626510818
2.102790502444753
2.0901076287593483
2.108437369454582
2.0989017104202845
2.0968202928889474
2.0918089741805814
2.0920507317444064
2.084382992308095
2.103727678645332
2.081256208835908
2.0844925543609656
2.0721010700711666
2.083895712247435
2.076206811756458
2.066589688073914
2.0759929044629044
2.0749934917350985
2.0713024786058463
2.0807029259092404
2.070561411245814
2.0751315681439526
2.067509221018485
2.0731443000851937
2.0690989826085433
2.0762106826845206
2.0611581369391025
2.052194434797989
2.058356415550664
2.0558831461195677
2.064180845921894
2.0448241028583274
2.039616710453663
2.047104111257589
2.046977164610377
2.0357676412699357
2.046898934919879
2.0361879737871997
2.0296151264096207
2.0329464834253743
2.046277746839343
2.048014206706353
2.0303030778776923
2.031568118423786
2.034845379163634
2.0396254467514328
2.0251331171899474
2.02745191781026
2.0301490083055675
2.0185292250705213
2.0238081014381266
2.0249706354905976
2.0280343299766757
2.022983597978106
2.0256641270979396
2.029129816676086
2.0154374365536674
2.0092912411914683
2.017473380520659
2.021501378911846
2.022000752530008
2.0154279838755444
2.0300297534690714
2.0151740838334247
1.995196559237984
2.017575735191129
2.001044548063908
1.9912941812906626
1.999954177523559
1.9932048624416567
1.9912293924475617
2.000662307975427
1.9958281567636527
1.9880762105842806
1.9954911700959475
1.982317159198365
1.9867709464621994
1.9792856680897046
1.9944120637088452
1.983813060060987
1.99238299170755
2.001622551454688
1.9840116416508298
1.974602831422158
1.9763035644900124
1.9804597148355447
1.9771158444993902
1.9725668764901612
1.983421361108996
1.9624571159200848
1.9841629755946826
1.9725246359154862
1.9585615756376735
1.9825072569667168
1.9663065728151574
1.9687267255108312
1.9739286072973936
1.963475376367569
1.9619223273025368
1.954174301815483
1.9555865866395663
1.9516880813072313
1.9571490456473153
1.9522398015800513
1.9428437925031725
1.9691116354375515
1.960042472155589
1.9547663915832088
1.9446946748022764
1.9407550580096695
1.952423280702447
1.9397120745676868
1.9376891826121312
1.9411662355908808
1.94100436624491
1.9297254034933053
1.9465243040390734
1.9329534971489097
1.9424929894366354
1.941874310093106
1.9317073793906085
1.9328033319621716
1.9335044762998257
1.938151756828686
1.9368005785739646
1.931260901239683
1.936784197699349
1.9234510671417668
1.9361639481108144
1.929357130853635
1.9252887056121286
1.9406479169737618
1.9163861491207808
1.920214592848184
1.9233393663505338
1.9135179564637959
1.9185760746586997
1.9226231662169941
1.9193215637274508
1.915311632853634
1.9131742195700698
1.9192772046575006
1.9193860441446304
1.9059020601353556
1.9068047570170097
1.9202637936709062
1.9084336771717612
1.9010624247339536
1.91052786134324
1.9023059182009607
1.8957556896614578
1.905205489048418
1.8936542851744957
1.896532599937241
1.8984687885023512
1.9045205403049037
1.9005436278739065
1.8936044627203132
1.8927763852308381
1.8949117081345253
1.9033574577210084
1.8880025359257213
1.9038750652996999
1.8830295132016235
1.891125185028562
1.8957191014064934
1.8823568730984095
1.878421000995726
1.8838108451861255
1.8830645927843057
1.8881976567911651
1.8760204582281832
1.8733391016721725
1.8786651106937877
1.8687398397135284
1.8721492276439127
1.8749198275354673
1.8780093758173708
1.8696757518457916
1.8794775551782463
1.8725622223233276
1.8737812843525186
1.859517458474861
1.877059371966236
1.8882771550484423
1.8659020777580873
1.87611209081029
1.864864023226612
1.8780868722582764
1.8677685249526546
1.8658161607553374
1.8576938417160287
1.8564167849297792
1.860394320398007
1.8588172658434454
1.866803135230856
1.8602321431884226
1.8600107479207921
1.8493859430529036
1.8565689983232967
1.8512822665133566
1.8491575897864576
1.8551355383868486
1.8542522759932392
1.8444192344849963
1.8587332142973847
1.852136587759234
1.8412227987680796
1.8538040009871968
1.8556020816542067
1.8412656758753758
1.8476038651084
1.8569721236543835
1.8467145534056537
1.8427399166350096
1.833258534096322
1.8354128323635965
1.8510363374678593
1.831385851749834
1.826507217198048
1.8305721243597426
1.827298126411888
1.8334039438445613
1.8345861932579077
1.839024747036538
1.8269281685352325
1.8432718501338419
1.8372276439419333
1.8265980867282399
1.8188455745858967
1.8245024574252795
1.8288153564592577
1.8296259110266309
1.8207642630023777
1.828747812307106
1.8238227302735706
1.816757879729541
1.8163153678178787
1.8289470132791772
1.8215383696106244
1.8157613797570176
1.8174364400922127
1.808691678463288
1.8221547668272595
1.8136057215479184
1.8067458963619087
1.814772884800749
1.8036122046551615
1.8231083674813218
1.8059037932247486
1.8130010608232245
1.808467223959149
1.8155260519036707
1.796864924003493
1.799584707842683
1.8047844357085678
1.801777499183169
1.7986735797153328
1.8031468652891662
1.8035723505155095
1.810927429289188
1.799594816171898
1.8091211333027426
1.8077603154024988
1.806408721321034
1.8098583086481634
1.7907896074202825
1.7836524453365579
1.7933992178372617
1.792509359290015
1.7843764477743294
