1.886252405643463
1.8553838390111923
1.8339607200026513
1.8793306493759154
1.816772807240486
1.8406020104885101
1.8504950693249702
1.9099151712656022
1.827185070514679
1.8143588349223136
1.8779622119665147
1.8424305230379106
1.8036626994609832
1.815011930167675
1.8589998680353164
1.839211142063141
1.8504661524295807
1.8192226260900497
1.8194645461440087
1.8239432045817374
1.7888099426031112
1.8321562507748603
1.824240693449974
1.7949903208017348
1.8228360629081726
1.8558943766355513
1.8055003246665
1.7724775850772858
1.8566116401553154
1.7927603009343147
1.8023660719394683
1.815109006166458
1.7898109018802644
1.8188223162293433
1.8788165432214736
1.7597328892350197
1.7636018335819243
1.7834668803215026
1.8108460539579392
1.848756108880043
1.7557881987094879
1.793401227593422
1.7537128520011902
1.8055787163972854
1.7577670669555665
1.7716962116956712
1.8911348593235016
1.7405082261562348
1.815122139453888
1.771533637046814
1.8279723644256591
1.827710393667221
1.788905392587185
1.8470056611299515
1.7562069195508956
1.8023884743452072
1.7598394322395325
1.775233620405197
1.7989469742774964
1.7836575770378114
1.7757774749398232
1.7316507136821746
1.7333024987578391
1.733179041147232
1.7266944134235382
1.7921892416477203
1.73526345461607
1.7456554049253463
1.7647951921820642
1.7594447714090347
1.7576660865545273
1.777475630044937
1.7307397803664208
1.7547762167453766
1.7773946332931518
1.7979721343517303
1.7291174840927124
1.740594623684883
1.7181622153520584
1.7174583226442337
1.7255448287725448
1.720625266134739
1.71109403192997
1.763478262424469
1.728076971769333
1.8163234478235244
1.7140437054634095
1.761758460998535
1.6765553617477418
1.7233060598373413
1.6808435279130935
1.7638230460882187
1.7170382848381995
1.7201553052663803
1.7104503047466277
1.712429780960083
1.7058131849765779
1.8089578232169152
1.742128123641014
1.6823523271083831
1.7655969041585922
1.68748608648777
1.7484541893005372
1.7384506237506867
1.6919933405518532
1.7838917139172554
1.7093040895462037
1.6975089421868323
1.6670628598332404
1.7343987095355988
1.6866108959913253
1.6971038365364075
1.6722358173131944
1.6490375816822052
1.670611754655838
1.692797548174858
1.65100128531456
1.675809480547905
1.684665759205818
1.7065229660272598
1.6781628513336182
1.6819691783189774
1.7515667879581451
1.708038271665573
1.6758795720338822
1.7005914881825448
1.6535358354449272
1.6635319483280182
1.67934097468853
1.6715123489499093
1.6997869712114335
1.6336260664463043
1.6641112077236175
1.6676294618844987
1.6528397753834725
1.6508426564931868
1.6673705852031708
1.6174695691466332
1.6701393353939056
1.634078063070774
1.6354872328042984
1.6413563483953475
1.671760890185833
1.6829020065069198
1.5970079410076141
1.6482414799928664
1.6461873278021812
1.6351458168029784
1.6644426190853119
1.6527480810880661
1.7225745242834092
1.6532187193632126
1.60532687664032
1.623238822221756
1.584604514837265
1.6112102529406547
1.6193044021725655
1.6474535328149795
1.596371648311615
1.5993748357892037
1.661420556306839
1.6060226187109947
1.6022350251674653
1.609474136531353
1.6257296282052993
1.6192797082662582
1.6868798005580903
1.641843444108963
1.6614984887838364
1.6518638795614242
1.5780617469549179
1.5904297935962677
1.608146055340767
1.5984233599901199
1.6576609879732132
1.5916174274683
1.5928573405742645
1.6245814281702042
1.6394245845079423
1.578015042245388
1.5766759809851647
1.6266874366998672
1.5873237982392312
1.6599894443154335
1.5592132002115249
1.5896501368284226
1.597381078004837
1.5901380449533462
1.564956794977188
1.591067441701889
1.5510630908608436
1.587550581395626
1.596428920030594
1.6307863932847977
1.5629953223466873
1.6192048788070679
1.565928595662117
1.5773385348916054
1.6333893036842346
1.589207468032837
1.611713732481003
1.5883421117067338
1.589455395936966
1.6954931476712227
1.6349493587017059
1.5547752445936203
1.567263486981392
1.5607538774609566
1.589682906270027
1.6031026500463486
1.6030644989013672
1.5799319216609
1.5653294199705123
1.5550931638479233
1.5692564076185227
1.5360535278916359
1.509520601630211
1.5509359937906266
1.5361796516180037
1.5440703147649766
1.5779288029670715
1.5784530147910119
1.5227196162939072
1.537329224050045
1.5310589814186095
1.6200633719563484
1.5188333493471147
1.6214954069256782
1.5140918666124343
1.5300556436181068
1.533645876646042
1.5394187711179257
1.5849986261129378
1.5476654168963433
1.5351020574569703
1.548299635052681
1.5310436794161797
1.540450034737587
1.5105250409245492
1.488595575094223
1.5232725137472152
1.5664727887511254
1.4951135554909707
1.4921771435439586
1.5528487572073937
1.5231777077913284
1.5144784143567085
1.503693175315857
1.5065759369730949
1.531564286351204
1.6035880935192108
1.5267766086757184
1.4794010058045388
1.5076434611529113
1.5027002876996993
1.5310153770446777
1.5097441071271895
1.5946421802043915
1.5986736083030701
1.5420243561267852
1.5355108591914177
1.522497445642948
1.4830285182595253
1.5296005953848362
1.4720381864905356
1.5329531830549241
1.4984205394983292
1.515983021259308
1.4759715986251831
1.471596622467041
1.521632644236088
1.4983930957317353
1.519551528096199
1.53772295743227
1.45423879891634
1.4775191634893416
1.4457482424378396
1.4995316651463508
1.4686144012212754
1.5417122370004654
1.4723914229869843
1.4890454199910164
1.472836017012596
1.4627293521165847
1.4784614944458008
1.5087503266334534
1.4619841477274895
1.487624621093273
1.5174456113576889
1.4342402318120002
1.4950935140252113
1.4389761823415756
1.4578641918301583
1.457415557205677
1.4335649448633194
1.4451428818702698
1.4602197742462157
1.4562815114855767
1.449872285425663
1.4804611518979072
1.466075746715069
1.4336658319830895
1.4407993689179421
1.4118900510668755
1.417005470097065
1.4554853415489197
1.4335186511278153
1.4402797725796699
1.4664246571063995
1.4517433220148086
1.4292220744490622
1.4492309081554413
1.4687544840574265
1.4954677590727805
1.4338830363750459
1.4358177506923675
1.4024769446253778
1.4527035200595855
1.4230378115177154
1.4370636728405952
1.4786019399762154
1.432641479074955
1.4487569642066955
1.4354808212816714
1.4013955906033515
1.4109969133138656
1.4133704525232316
1.4184427723288535
1.390917128920555
1.423106945157051
1.397941002547741
1.43028172403574
1.4248308157920837
1.4606327238678931
1.4340615910291672
1.4372753158211709
1.4297044810652733
1.3912339875102042
1.4357337924838065
1.3865574875473976
1.3932992964982986
1.499974081814289
1.3864253041148187
1.414317500591278
1.3798408338427544
1.4437343627214432
1.370365951359272
1.3965842443704606
1.3917811155319213
1.378651956319809
1.4123123523592949
1.405936406850815
1.4012383049726487
1.3970664790272713
1.3848998630046845
1.383379715681076
1.3880900472402573
1.4176981157064439
1.409933879673481
1.3903249061107636
1.436285715997219
1.3880140909552574
1.3776648691296578
1.3566174501180648
1.403616090118885
1.3625325375795365
1.4618596133589745
1.3687057921290398
1.3601733189821243
1.3546880891919135
1.34914307102561
1.3652784943580627
1.3624015575647355
1.4004742729663848
1.4194289243221283
1.3586628779768943
1.3666850793361665
1.4206385692954064
1.3754099181294441
1.3729074916243553
1.4050053691864013
1.3696898368000985
1.3521975338459016
1.382327411174774
1.3745534366369248
1.3893623796105385
1.357590851485729
1.3524095949530601
1.3878389391303063
1.344013400375843
1.3709937903285025
1.3667049726843834
1.3516559046506882
1.3353631410002709
1.4069913390278816
1.4016279444098472
1.3367810988426208
1.326376311480999
1.3425724783539772
1.3926977092027664
1.347747356891632
1.3711542785167694
1.3331096404790879
1.3685081526637077
1.3345016971230508
1.3346071115136147
1.3779605221748352
1.35999526232481
1.3450658857822417
1.335487937182188
1.3237241934239865
1.3396445897221565
1.378981052339077
1.3311713278293609
1.3905007123947144
1.3484298551082612
1.3221981549263
1.340374280810356
1.3615127596259118
1.3346322530508041
1.3195183184742927
1.3026950573921203
1.324636712372303
1.3134456408023834
1.3270420150458813
1.3606519642472268
1.3273781472444535
1.382876980304718
1.2897914403676987
1.312399818599224
1.3491138330101966
1.3212460267543793
1.3700824725627898
1.335090000629425
1.2979568421840668
1.3077014663815498
1.3224320682883262
1.3392672437429427
1.2880747884511947
1.3353459522128106
1.2981630569696427
1.3520440846681594
1.3080321118235587
1.3302642381191254
1.3003616842627526
1.2870170345902443
1.3191638055443764
1.3016634219884873
1.325516306757927
1.304122024178505
1.310621263384819
1.298854462504387
1.2842182803153992
1.309207071661949
1.2806802847981453
1.2878498551249504
1.3221955227851867
1.2612937465310097
1.3079521319270133
1.2778097288310528
1.285039923787117
1.3093571507930755
1.3080888882279396
1.2935323610901832
1.2799033901095391
1.318324373960495
1.257932984381914
1.276027255654335
1.2843359011411666
1.2722323894500733
1.2998034045100213
1.3057462471723555
1.3860444968938828
1.3054384380578994
1.2973935616016388
1.2747341525554656
1.2797606568038464
1.2779599165916442
1.2619838798046112
1.269965698122978
1.277646991312504
1.2789077314734458
1.2907798746228218
1.3414305210113526
1.2742068752646447
1.2609140476584435
1.3287906435132026
1.2679903090000153
1.2970091742277146
1.267939928919077
1.299314594268799
1.3435738843679428
1.2618440699577331
1.2486238588392735
1.2953410291671752
1.260985232591629
1.331527431756258
1.2723662620782852
1.277013313472271
1.2523726317286492
