26.184694087730264
7.122491494664606
5.2749254101852205
4.8860728571999745
4.57722458524524
4.375181173940875
4.2180201624924285
4.067681488844584
3.9594104869185753
3.861033574027835
3.7591725104259996
3.7162360385903774
3.604000112920437
3.5290686296966842
3.4680141052406914
3.4228875462738975
3.3682741382212007
3.3305023723053484
3.291558270184499
3.2868176653700054
3.2280388693764523
3.1876329908955774
3.1484231184113702
3.13669741997179
3.0981248752126156
3.0828024885564482
3.0776299080758727
3.0410832447825737
3.019548350347663
2.9869779115015604
2.991530960460879
2.9783745632981353
2.946047124435317
2.9324593397806273
2.9297246567483217
2.8992535696839385
2.88540196193839
2.8929352136153095
2.866558167169679
2.8517201306684963
2.837203470603475
2.8102664925017447
2.802126779308859
2.7861530235353507
2.8339966074475704
2.7693304042771176
2.783567678815914
2.7569245549867736
2.7425024551603028
2.728713533226049
2.720716248705702
2.716716426723408
2.721629097214285
2.7188188939724327
2.6776593035122134
2.6893033705792337
2.683585359802786
2.6718813512685164
2.6686828844952135
2.659783864358686
2.6397597261194914
2.639744909304493
2.638921451456142
2.617855907048819
2.6018786874582185
2.6038145962751136
2.6225949728263998
2.5863268605942995
2.5944852013632937
2.5791020848841035
2.572282320485925
2.5675072388828926
2.5524650699687452
2.572392115615449
2.548885424744408
2.5346263919798835
2.546627994978203
2.5248567703759894
2.5432481900700985
2.5247666605238646
2.5333258481520526
2.5143761944096044
2.502447985815552
2.494035428425051
2.4867263599386753
2.493822753429413
2.4881977832542277
2.470657378435135
2.4722023606300354
2.456286153422212
2.4709867981244935
2.4467045257114015
2.467170194634851
2.4535059158532126
2.4360547715200567
2.447930302260057
2.4308993237198524
2.4230438482086614
2.4336566655141003
2.4196499175620527
2.4287621615067967
2.412025771613391
2.404142621553169
2.4028342934149616
2.3952027399022624
2.3946329400224506
2.3927263966146506
2.376808720377256
2.3830558578923062
2.3791223792534955
2.3665623389325052
2.3745263989241616
2.365399770579248
2.35807626778787
2.365351585847027
2.3475470720034726
2.360897329618346
2.357765936626578
2.3555673169639877
2.352862151726237
2.337430275273773
2.3357678634940453
2.337813872773692
2.3244814254202932
2.323187328734488
2.3183181330842793
2.3366455520099065
2.3173293420728647
2.3121391866567
2.3011035823597097
2.3011956715358877
2.3062201322249645
2.3214918521215333
2.3010712384053
2.288212039560642
2.2911816751057246
2.2891337826566875
2.283584383298766
2.282974749803543
2.266908085852299
2.2733279525671364
2.2661372485025875
2.2670018082519747
2.261835363113655
2.2736040404382742
2.264002465976859
2.2574899011063128
2.2522033722895496
2.2379482098907792
2.253222832702241
2.250921462504369
2.227312503417708
2.2495134798985608
2.242440236064623
2.2277412501708516
2.2238215089968913
2.2415987315042964
2.2331708281669975
2.2251218697934783
2.221838006433451
2.231661558713553
2.212731314717599
2.214631329729872
2.1980277597904205
2.2182687324173047
2.201871282087182
2.2004276019222333
2.202660139439241
2.1954177744546026
2.194017043091216
2.190473445181577
2.1918227627592266
2.1823650868433826
2.187512960074083
2.18122594930091
2.183000626429072
2.166962017990508
2.170028123090852
2.1778492157189353
2.2001065755227827
2.16991947113343
2.1648789205641115
2.1627131548692597
2.168555016787547
2.159265350058394
2.1507027097186953
2.1688751167846174
2.15740493783411
2.1453674697088747
2.1542151216066108
2.138410795972032
2.1414163809902265
2.1383916977441535
2.137186352374419
2.153829234950947
2.1237927489685564
2.127281756895893
2.132825210971652
2.1572426855564117
2.133864419640235
2.1235354053524307
2.132392412649011
2.12695978272636
2.123645695875276
2.1090247490496004
2.123704051071743
2.1138465117733434
2.106878027882216
2.1028907879624725
2.1053737649377786
2.1025618579027787
2.1047285626519403
2.100296454328411
2.093275820309261
2.1116686334025183
2.1005284780601285
2.0942916993824943
2.0903853816243836
2.093757408407499
2.079658274942974
2.0814729248577692
2.0902759230361796
2.0863232606986784
2.075489052061765
2.0728644152294913
2.076179451818736
2.0706837323476686
2.0795794590464176
2.0797305197085976
2.0728355117563932
2.0681776578696267
2.0690134729979173
2.0816519606225894
2.0695038797720424
2.0682790495876997
2.063475561872968
2.057577703640146
2.054747367664328
2.070888042731105
2.054938494034533
2.0587312607270367
2.04997981156943
2.0651372361857936
2.050738848605246
2.0468344401638463
2.037878527956189
2.0403934728424504
2.0465707182884216
2.042243833811778
2.0377447273371354
2.0414959664614694
2.0375067914994256
2.02554465366422
2.047932837369307
2.0340086823364474
2.0282404476179265
2.0411038078227133
2.022500323799421
2.0363629555927134
2.028104709004456
2.0241594528252222
2.021253474478452
2.0215031063219286
2.0309913774143973
2.014853635486567
2.0063715844221837
2.0271265478628986
2.010417359617521
2.0057606247236146
2.0107215665421396
2.010498025788451
2.008231766943662
2.016149495570165
1.99854650531175
2.0082604244070232
2.0036108364474097
1.99369023487253
2.001628801226616
2.001854122809644
1.9932171438100204
1.998201093021429
1.9876151191738416
1.9933033504013746
1.9927212050500906
1.984126476184377
1.9871491702660076
1.9849803571431142
1.9852798564254113
1.9919519295107644
1.9804228875996932
1.9804145412625007
1.995072529563364
2.000068628000763
1.9809851404630914
1.9919072569541212
1.9753694826701902
1.9815860997955754
1.9707607825831421
1.977063312564256
1.9900671277406081
1.9719971668607783
1.9693835068423793
1.964012548889754
1.9741244113670204
1.9661620908750679
1.960444711008162
1.966879350115668
1.961108292048832
1.9596440879241475
1.9567939781074255
1.9631099650320016
1.9668176567779396
1.9494669504885405
1.9547424173017718
1.9495585673260238
1.9492484317073282
1.9549863107924192
1.94936958348976
1.9527048991536193
1.945748561395789
1.964963900593092
1.9562398782878552
1.9530876784954432
1.9431679285359833
1.9368818711559728
1.93800343826132
1.9299278274740812
1.9313951846001283
1.9303028111187917
1.9372919061273899
1.9376288298166022
1.9250953115944593
1.9331306474951078
1.9410876704836793
1.9295949418589753
1.9268356435141474
1.9223043226970817
1.9278378365737088
1.9356208078141481
1.9379163738691583
1.9285340483458537
1.9201944464782499
1.913678007305793
1.9147957068569255
1.9145371070447958
1.9311372665864117
1.909234564540521
1.9149047836380184
1.9107429480777596
1.9115787952576044
1.906408742632506
1.919950598534548
1.9313924990172655
1.9148804944641185
1.9125168177316774
1.9054346883072044
1.914240725479036
1.9102327244461708
1.8953815529931266
1.9107142703713111
1.9067906428058192
1.912192369969386
1.896647905684867
1.8963772789487299
1.8958657636957348
1.894267278178683
1.8938418924808502
1.8856852695627033
1.8926986163517214
1.9004989305757127
1.8826009307829839
1.886884427857849
1.8834772005958378
1.895176297932301
1.894037999072165
1.8934589093023877
1.8804925604248948
1.8806253041861192
1.886507974480683
1.8778875172138214
1.8835749314078745
1.891226273943793
1.8787608737090848
1.880241647643863
1.8851895568505772
1.8734334144952163
1.8791005161573302
1.875808543191766
1.8723624885644552
1.869956078675558
1.8698354068229783
1.8720086388430506
1.8689129670273583
1.8778820321807321
1.8719615584836815
1.87175260371757
1.8695581901185918
1.8618592018226408
1.8606813136699065
1.8696628727440565
1.8673919484300434
1.8717738336549614
1.8636726090368234
1.867568995030421
1.8533234590629362
1.8524780700791557
1.8412272679918218
1.8484693071189917
1.8545317489583537
1.848055155596362
1.8454744292880005
1.846696767323422
1.858979585316946
1.8409671094620004
1.8432849772133917
1.8520368382615864
1.840402953467279
1.8352938637418568
1.8408768879917432
1.8438741834658496
1.846257231426689
1.8554494009827667
1.8517381217119828
1.8366313599190622
1.8345186372972884
1.838657149166431
1.8404266423774216
1.8288642727541473
1.835284321375613
1.8401306783253293
1.8315362674447726
1.8302883806655992
1.8335252109001268
1.8372652941154983
1.8302543028345648
1.8174047827158335
1.834313523938071
1.8340213757078603
1.8379668098575663
1.8284526987458176
1.8200980039700023
1.820916213235765
1.8317739361861967
1.8172460386775575
1.8174133222058135
1.8126049010821108
1.8184977134443678
1.8207193517460014
1.8382768765935358
1.8175994708852947
1.8079497625805296
1.801302561641864
1.8095764911399697
1.8100609368873093
1.8156625586298276
1.80383367386629
1.8056225130018198
1.8026008836503298
1.8051222765220787
1.7955912809889272
1.8019110529490237
1.8395323205106664
1.8015336475844652
1.8072522085792613
1.8013622426199463
1.805267057891162
1.7974576910711684
1.8009104382879328
1.7997040214403621
1.8007011891535993
1.8079823339885135
1.8077520697184328
1.8074279565293834
1.7956857040243328
1.7932860966560975
1.7972421834491334
1.7961125491925005
1.7946848101773352
1.8075054892391529
1.7864121710354428
1.7914634566262084
1.7834650930368676
1.7869382239175293
1.7935349904703644
1.7873437230317097
1.805637277803331
1.7769806891117457
1.7833254033664487
1.7822003586674637
1.7755918353796005
1.780798800149054
1.784921847986725
1.7769896213738423
1.774530163351095
1.7782256597617887
1.7813944318946802
1.783225935022786
1.7809096701302618
1.7736835367274735
1.7706847688499487
