4.3368661236763
4.253348643779755
4.245747408866882
4.412692797183991
4.209901152849198
4.220087475776673
4.210275535583496
3.943857476711273
3.795089514255524
4.252153209447861
4.033390434980393
4.059781073331833
4.038975709676743
4.101707665920258
4.1615705800056455
4.180256472826004
3.8806410253047945
4.031165269613266
3.9404713600873946
4.024648220539093
3.9593547081947325
3.9703611171245576
4.093095188140869
4.098907994031906
3.8803996837139128
4.098274083137512
3.991848157644272
3.919069451093674
3.9745749205350878
3.8903996258974076
3.9151636815071105
3.8291905796527863
3.8948424685001375
3.9721337354183195
3.832155250310898
3.7825033462047575
3.854745953083038
3.8889500498771667
3.953571090698242
3.9211935675144196
3.8624917912483214
3.7134899252653124
3.8451805579662324
3.6575580048561096
3.82121777176857
3.7679513919353487
3.813930673599243
3.72922083735466
3.799931764602661
3.7903711926937103
3.755330293178558
3.599826330542564
3.7456615245342255
3.672018065452576
3.664720286130905
3.569382528066635
3.6806266701221464
3.57469894528389
3.7052046567201615
3.5625517654418943
3.691020815372467
3.5763911163806914
3.6391944044828417
3.470787805914879
3.6114533305168153
3.582727554440498
3.7247845137119295
3.5874810719490053
3.4827207678556444
3.698322831392288
3.6077204805612566
3.441858434677124
3.5824668973684313
3.513495651483536
3.525233632326126
3.5745708322525025
3.45630513548851
3.5520117449760438
3.380917795300484
3.5032969069480897
3.500306786298752
3.507439122796059
3.489928367733955
3.5477696537971495
3.476310696005821
3.4695214211940764
3.3695042824745176
3.396074982881546
3.354846581220627
3.502522679567337
3.377580033540726
3.5703597050905227
3.305932747721672
3.359121536016464
3.526336659193039
3.426359622478485
3.29178571164608
3.357061116695404
3.3662503546476366
3.3957550144195556
3.3991879630088806
3.441170874834061
3.3234322291612624
3.3959741616249084
3.28559490442276
3.37959131360054
3.4181409132480622
3.305370774269104
3.301408727765083
3.2935364520549775
3.2660059690475465
3.255389995574951
3.3688403117656707
3.202963547706604
3.2045378202199934
3.269779646992683
3.3228329610824585
3.3732931953668595
3.3464549022912977
3.335245096087456
3.2781670767068865
3.286417328119278
3.1897216415405274
3.210978491306305
3.2638974988460543
3.2060162961483
3.1825294101238253
3.1130610048770904
3.175286738872528
3.101898010969162
3.1914379572868348
3.170819672346115
3.260060173869133
3.293708209991455
3.2541139966249464
3.11693280339241
3.144184720516205
3.111383372545242
3.0889418858289717
3.1636920273303986
2.999401249885559
3.046392148137093
3.0720982921123503
3.0314919245243073
3.1597156429290774
3.1359486985206604
3.0682048773765564
3.1091223138570787
3.154763780832291
3.1432609152793884
2.996465082168579
3.0166949582099916
3.0584697699546814
2.950482217669487
3.133323351740837
2.8552011156082155
3.088406392931938
3.1263346636295317
2.9501374953985215
2.951673693060875
2.939199047088623
3.031838319301605
3.033358956575394
3.0712233567237854
3.0694176393747328
2.9979641914367674
3.0348467457294466
2.84961365878582
2.909840488433838
2.9810207891464233
3.0779289227724074
2.9273336338996887
2.9772564333677294
2.945595965385437
2.942450637817383
2.9690337055921554
2.9166446739435195
2.919189518094063
2.819117865562439
2.9925724905729294
2.927779663205147
2.8835906666517257
2.94433557510376
2.9023450231552124
2.835028073191643
2.7820774227380753
2.8494301348924638
3.02209529876709
2.8922571182250976
2.8399990332126617
2.8148460495471954
2.866632717847824
2.9592953807115556
2.9533170545101166
2.821615530848503
2.796849253773689
2.6797130703926086
2.872850388288498
2.769489871263504
2.7950545990467073
2.8498264575004577
2.8066503953933717
2.7262062853574753
2.8681286764144898
2.8907568407058717
2.7900889980793
2.870300993323326
2.7888579285144806
2.739511432647705
2.820230984687805
2.8830891108512877
2.8279876178503036
2.824581624865532
2.8036300641298295
2.890932621359825
2.6895836502313615
2.7073491406440735
2.8017775130271914
2.6782665354013444
2.844666887521744
2.657625166773796
2.80224621117115
2.749285342693329
2.7008383429050444
2.732792096734047
2.750376290678978
2.72422483086586
2.6539085578918455
2.7954382371902464
2.6788400340080263
2.646273565888405
2.6952497017383577
2.5540312933921814
2.729249293804169
2.745435848236084
2.6901358771324158
2.7170134627819063
2.7076255786418915
2.6907488840818403
2.716545991897583
2.639983937740326
2.7966320437192915
2.641355514526367
2.6292613381147385
2.7337428349256516
2.7167357802391052
2.6406610214710238
2.683439975976944
2.632884176373482
2.6589864754676817
2.692696493268013
2.605525044798851
2.5149427527189254
2.5271691358089448
2.5768989658355714
2.4804152280092238
2.566107918024063
2.582711795568466
2.6766194212436676
2.6399241411685943
2.651349706053734
2.57131122648716
2.4625986218452454
2.528148281574249
2.569557750225067
2.618300348520279
2.6761304301023485
2.5607783234119417
2.5236392253637314
2.3973570829629898
2.5900851595401764
2.5856194055080413
2.498796248435974
2.566909928023815
2.3798842334747317
2.4646272152662276
2.470953174829483
2.536290762424469
2.5181914097070695
2.492134925723076
2.561654748916626
2.4347847747802733
2.4107301771640777
2.416982260942459
2.5478487575054167
2.6363997578620912
2.452957159280777
2.424294759631157
2.363506363630295
2.52386081635952
2.503194788098335
2.539018212556839
2.5447153913974763
2.4346149867773055
2.3897686207294466
2.3944263285398484
2.487717267870903
2.3059764087200163
2.6002977186441423
2.463154652118683
2.4847263914346693
2.399313562512398
2.4601349353790285
2.4679632127285003
2.4202272015810014
2.4266703122854234
2.393307561278343
2.433190484046936
2.377760662436485
2.433004419207573
2.3297243404388426
2.366297985613346
2.335638125538826
2.4100855231285094
2.501204721927643
2.3258412712812424
2.513748992085457
2.3243233019113543
2.3712805426120758
2.4003712010383604
2.3698172122240067
2.356424168944359
2.3068486070632934
2.327773353457451
2.2034607776999473
2.338491606712341
2.3701528203487396
2.332595571279526
2.36034331202507
2.2533767235279085
2.4029920440912247
2.3439823776483535
2.4029831743240355
2.3375722217559813
2.2628553891181946
2.1245148059725762
2.2922335296869276
2.332242947816849
2.213158556818962
2.2336768594384195
2.282460941672325
2.3447995233535766
2.252383754849434
2.1808893406391143
2.246532409787178
2.3090436470508577
2.2508495819568632
2.3172587651014327
2.2286167806386947
2.2287441122531892
2.238388858437538
2.2325696018338204
2.431286683678627
2.224359841346741
2.230109077692032
2.261828544139862
2.3164849919080734
2.176848655343056
2.2394508731365206
2.181586841344833
2.2489944833517073
2.1723605090379716
2.232664228081703
2.3228491258621218
2.227461147904396
2.12995869576931
2.171328127980232
2.1241868358850478
2.1524671387672423
2.256723491549492
2.205779858827591
2.22045761346817
2.1372215110063553
2.282520425915718
2.155057035088539
2.108895740509033
2.1032108971476555
2.2180323153734207
2.1772712117433546
2.176681452989578
2.1598373436927796
2.05351455450058
2.163175423145294
2.1357176491618155
2.0393039667606354
2.106470986008644
2.1466551554203033
2.22034857571125
2.1301439437270164
2.062628473043442
2.1462745761871336
2.135250651240349
2.0390935826301573
2.150713058114052
2.069003643989563
2.12128041267395
2.0667511934041976
2.0447870057821276
2.052729699611664
2.0785071712732317
2.13927872300148
2.0282423770427704
2.017091372013092
2.177142269015312
2.1162614089250567
2.0524945676326753
2.0661798039078714
2.0995531982183455
2.13511509001255
2.1833750599622728
2.1168782740831373
2.097151521444321
2.087778528928757
2.0672958523035048
1.9297164070606232
1.9997289139032364
2.072517408132553
2.026437920331955
2.0410766792297363
2.079285577535629
2.0560759824514387
1.9579904967546462
2.0031205940246584
2.004776817560196
2.063589177131653
2.124914528131485
2.0368650656938554
2.008645769357681
1.9964616280794143
1.9473944926261901
2.064253821671009
2.0178668773174286
2.022033666968346
2.0630429738759997
1.9879022753238678
2.07919840157032
2.0475645405054093
2.0409297266602517
2.0024400585889817
1.9686823189258575
1.9992712587118149
1.9287296336889268
1.930146237015724
1.9399938809871673
2.011743013858795
1.8980901890993118
1.9577708148956299
1.9570195806026458
1.98732204079628
1.9503414183855057
1.9652196967601776
1.9776305913925172
1.914563500881195
1.9291534358263016
1.99759335398674
1.9793583506345749
1.8975300699472428
1.9545359712839128
2.0288126575946808
2.021564347445965
1.9537226647138595
1.9787653934955598
1.908829122185707
1.9051621377468109
1.9016195780038834
1.9675748419761658
1.9398900601267814
1.9274972075223922
1.8609140092134475
1.9140097898244859
1.8563164719939231
1.9329550132155418
1.8840057158470154
1.802283420562744
2.0237609583139418
1.8503034597635268
1.811895011663437
1.8328611606359482
1.892287957072258
1.9187966495752335
1.8859783047437668
1.9065423679351807
1.9147235596179961
1.9432046565413474
1.93219093978405
1.8041999757289886
1.9057729548215867
1.8677136638760568
1.939284358024597
1.8465083205699921
1.8610775828361512
1.9073833185434341
1.804014482498169
1.83952213793993
1.864443467259407
1.915221906900406
1.8173023629188538
1.814600424170494
1.7716211566329003
1.8398008280992508
