37.71821097607882
10.09279252448172
6.374833620944113
5.710044205751059
5.291666836108801
4.9693591605942204
4.74012206129308
4.515727320931992
4.339013119351189
4.147122546749295
3.998282977432575
3.860098221392002
3.7533624059749098
3.622046134944232
3.534208042441674
3.4649436828100457
3.3667511810671606
3.28697411125561
3.2340763644227444
3.1568638198780565
3.102151778509032
3.0405265829473174
3.0061203336940623
2.9643870142270936
2.906460609638466
2.8652770839772135
2.837834894657135
2.789049304881186
2.763873188563113
2.7291945623901657
2.7037494902340873
2.68754299238043
2.647593465616118
2.6260660363818116
2.6113801677272006
2.593515447288189
2.5701549143161415
2.55675496863869
2.5660608107188962
2.5261099265431457
2.5115149718410565
2.4938023200012602
2.482761228421949
2.4629670606469207
2.4611194128135465
2.439834414788012
2.4327112453163795
2.424678777748684
2.4125488850305663
2.4066104950769893
2.3884719778906622
2.3871770619221455
2.3701333544164336
2.364198185925214
2.348962036225031
2.355820782342047
2.3379490448618836
2.3327096756899133
2.3227184622917534
2.321260155934208
2.303620179306786
2.2975462995610147
2.3082720536106036
2.2850226934226052
2.273481548394797
2.2614916402776286
2.263395353870572
2.2535888873181253
2.2692795415531912
2.2484448540885493
2.224404508212827
2.2288258531183565
2.230567848345019
2.211022506063839
2.222359979490064
2.209898844642459
2.205174263074713
2.20422929075529
2.1854231160766675
2.185753844818979
2.1810919130748174
2.1693444156421804
2.175501477043584
2.158999097234798
2.1596613301421113
2.1572257089165023
2.1499234955265836
2.163854758132179
2.135716419737294
2.136814942337432
2.1286821387848764
2.1186359125488208
2.106900398461324
2.1150488173061945
2.1011113473829233
2.093316340783857
2.0892832273582242
2.088358036189709
2.0890881351704866
2.091177860520921
2.0703414501446598
2.0756671150337973
2.065717004942444
2.0740032823018306
2.059772385178872
2.055656809851808
2.0496949053035594
2.0493728124870443
2.054831505102931
2.0272613150893517
2.032373218603854
2.021561605469236
2.0315867693356746
2.0446272590812646
2.029370590763272
2.0130315678861908
2.007164775762918
1.9967034835860413
1.9927644175740908
1.9945886143535938
1.9908587257817107
1.99459958919939
1.9855933076930496
1.9840852117763375
1.9811369987591259
1.9739417180700123
1.9705135574880637
1.9653133522227126
2.0087740038925745
1.962535708299223
1.957247995824184
1.9456155913056068
1.946864809630052
1.9411254682630863
1.9413225307779491
1.9458636708979338
1.9310334963056277
1.9301246466501705
1.9301080082385045
1.9398898639768924
1.9148177411758676
1.91388882021859
1.9140978711393644
1.9064849595416267
1.9127351565743393
1.905062735643027
1.9010185323796183
1.8948262131439064
1.8952585554347847
1.8948138316847243
1.8859359697913223
1.8827145971217245
1.882141316555581
1.8839187056950804
1.8737065153864194
1.8726874364996857
1.8647681391745243
1.8728269223334655
1.8675415909515236
1.867724675052571
1.8652176991948541
1.8621532520595587
1.853076068016718
1.8482549446371366
1.8532190027664293
1.8406884304757387
1.855752389948323
1.8366604905645803
1.8359148105922736
1.8299414223095156
1.8399865731315792
1.8305126113711663
1.821344623588166
1.8302491551862572
1.8213298360131822
1.8241459297121696
1.8126880949679411
1.8142109010017142
1.8053980424719036
1.811136025583969
1.801046052631342
1.8057539016008377
1.8116189590040244
1.7939879087344655
1.7942700965224572
1.7955630905223343
1.7862086996154964
1.785932646045145
1.7803494050255362
1.7771007649178774
1.7773981206821945
1.7816176119278062
1.7739266261177242
1.773346965886512
1.773021957784329
1.7621762211311538
1.766766075255736
1.7661972225836988
1.7627941358764216
1.7625296090571385
1.7605896325043913
1.7494260772781551
1.7569794157203638
1.748492105389541
1.7371735485657207
1.7439179901244506
1.7460560556852593
1.739949477168749
1.7357890347264848
1.7257263148730655
1.72999573653599
1.7391160965528127
1.7361930884280294
1.735125629407055
1.723936157687655
1.7246832341518041
1.7187265391057391
1.7094839260263264
1.7220703290318542
1.7148554907092508
1.7139629150898952
1.7138694313899525
1.7130708750688806
1.7061161427003033
1.6990535627558547
1.6922985152253565
1.7264932230958399
1.6884793026267357
1.6936032805802688
1.6861796415639374
1.6859762979987658
1.6929321623635742
1.6831150173016314
1.6801862501592006
1.6885270678772117
1.6818213161994826
1.6803267466009788
1.681215153269048
1.6672704267614293
1.6785354771704044
1.6744823354595113
1.672486444126885
1.663255732857956
1.6692335082674927
1.658526175145833
1.6594862741119456
1.6655668211433123
1.6537523604226563
1.6572016907750435
1.6510885976395517
1.6428721187249669
1.6570045576905303
1.639545106944048
1.6404910551489524
1.6515459392992955
1.64229102517074
1.6363611614929054
1.631946584807252
1.6371022707448815
1.6377452339203853
1.6274012431221188
1.6272808929096978
1.6338801167483599
1.6220008165768858
1.621298945175027
1.619014969974194
1.6150867157387283
1.619881013373159
1.6110731464511943
1.6127605334205448
1.618667115861515
1.6043759938680902
1.6006837034562849
1.6012788817005337
1.6014415292807345
1.5993870128438157
1.6024319498606447
1.6015166193246841
1.590800351410542
1.59540556792943
1.5904676658364962
1.5983258235567022
1.593690055440057
1.5851324827603575
1.58536629828642
1.5799425382096812
1.5782108498069476
1.603323779859633
1.5804432155388706
1.5790523419964988
1.5830961623281803
1.5728465779772345
1.5722014532898956
1.5665675826230139
1.5676606244073723
1.5656159258676026
1.5667204929972596
1.5596633331393295
1.5602630441481213
1.5539185969897036
1.5722164677561454
1.5552672639770329
1.561609664615595
1.5532458632622126
1.5465765393005226
1.5476312834136892
1.5465015336027685
1.543706736755821
1.5435194865150272
1.550488883313143
1.5374301089993063
1.5444599063891284
1.541088471153997
1.5370692551698324
1.5370393850893345
1.5286201904967147
1.5357803575835138
1.5302780059710988
1.5250618209675797
1.5263097423989818
1.525633933409205
1.5257867074237679
1.5234044171729177
1.5211505181384537
1.5279365558669251
1.5088367484650522
1.5170626018969517
1.510565291879312
1.5065070238878142
1.5101900117577247
1.5129766185890954
1.5095994733976867
1.499807155638371
1.51007471809972
1.5017757831879381
1.4972939128583331
1.4927716904653694
1.5002783109556954
1.496005819653565
1.5060576804966297
1.4939251623626024
1.5030251648628488
1.4944275454530176
1.4873268666132442
1.5001006711204097
1.478848228195928
1.4848363585067246
1.4869748474854343
1.480461039351967
1.4708988272918846
1.4803491996706657
1.4761596954656098
1.4708968475461006
1.484399698252948
1.4816928444043644
1.468239594742937
1.4750221236696783
1.4742454248216916
1.4646290776864537
1.4596234115789521
1.4613041107384663
1.4623641124311484
1.4575030910518934
1.4589490581233546
1.4557558295299422
1.4556412997673143
1.4519860671376281
1.4549547012122173
1.4445441145941895
1.4483535669322283
1.445190653486072
1.444894828886356
1.4426583498716354
1.4476049744857933
1.4438757497184682
1.4348802656497595
1.4388135549313616
1.4366655220400613
1.434877283449443
1.4265689534961052
1.4348541852438226
1.4315444860818252
1.4276714541439741
1.4210324799114804
1.422163115638607
1.4258975307896453
1.4259343681470402
1.4216740068118527
1.4247176976136442
1.4242998302545187
1.4170232701976344
1.4075646687228724
1.4198388136782736
1.4050846125157375
1.429018794927957
1.406599369813811
1.4084009663114008
1.4025911511677616
1.3999552015426024
1.3980603949078974
1.3995812301928143
1.4045344279059824
1.3925572299170044
1.3951625669339918
1.399636928202971
1.387430283820854
1.3903640545201752
1.3958493589230303
1.4014741679969824
1.3887743359466769
1.3794619092401468
1.3918862269734436
1.3823513419560667
1.380483234828373
1.3858892602740593
1.390339635734288
1.3759890980315659
1.3799407544001094
1.371232260440318
1.3750208638749033
1.3707560351434744
1.3719996939290244
1.380384160100289
1.3757806909534167
1.3645400157514609
1.3625027393957354
1.367822453379631
1.365315338350692
1.3683313693640367
1.361884429488542
1.364673451432642
1.357755279765939
1.3549681657327797
1.3509038571479186
1.3572558386708207
1.3471893027143658
1.349957598549015
1.3422680452184856
1.3524120182923551
1.3412908333933578
1.3461576688964412
1.3385558333599343
1.3454712533725883
1.3516697861113638
1.3315810897159126
1.3325361252393362
1.3406672458041389
1.3321554239066142
1.3433500837604955
1.3350279668592058
1.3292641752171066
1.3447294353314165
1.3250555626626284
1.3343794618575078
1.3238683320441336
1.3247555449323833
1.3232852496066183
1.3234375951425084
1.324466124176979
1.3178464759070918
1.3117370717930343
1.3148185734478932
1.3130895672541745
1.3256593908903733
1.3132103189544857
1.3088188244486756
1.308044266588283
1.3057293804749004
1.3188698842840374
1.3065623649448719
1.3050396743248094
1.3070198356542948
1.3039330767010742
1.3010282449002535
1.2934533596601125
1.3062339247959964
1.2945627272129059
1.3104298920282778
1.2920572217905297
1.286730127760543
1.289357363053088
1.2897223290407434
1.2936242190453242
1.2853419139700115
1.2827142499527842
1.2818148791227701
1.2852276414632797
1.2917178484066478
1.2804520445049934
1.2747248186255402
1.277085983247127
1.271311901369185
1.274222173218457
1.2731804861774985
1.2660042947193362
1.2687183385187726
1.2711524088990014
1.2680655253945656
1.2709723480467527
1.2723141548768528
