38.39744018158823
13.3103212343072
6.661229800503209
5.6179890373967725
5.151425269414794
4.8406668271658555
4.57546814432684
4.429200389475192
4.2320540963478805
4.087218483101647
3.9658936385838492
3.8211648959033893
3.7287917294592225
3.6355172457560054
3.5359923772092134
3.4505299009242147
3.373998889945588
3.3066574368836745
3.2360679473517076
3.1867138209208004
3.136476461055144
3.075623284533339
3.0308757885447086
2.9820656742689744
2.9693075362241492
2.9129669514467134
2.8839448038137183
2.836980399095787
2.8068686903647655
2.7782687139960953
2.7527942398809038
2.7328919728971877
2.7024737692104197
2.7119972323471644
2.6630670698183887
2.643057250751639
2.632960966735516
2.617006373292995
2.6182425730633287
2.576627154957573
2.566265106201172
2.554475722447881
2.532149481885838
2.531582958855719
2.521502188916476
2.501744140431566
2.4963884887830265
2.477130244925337
2.4680006700866626
2.4558687648683226
2.46846922276155
2.44054872106831
2.4457039894922725
2.4297130540856777
2.4158918289643414
2.424036688399765
2.393796923025599
2.398375885666541
2.388593300333563
2.3679083065604263
2.368396793615143
2.350462722609628
2.34610734345778
2.3497967759393297
2.344696731499906
2.3211173333649366
2.319328990185036
2.3104034977139167
2.298090142461489
2.3000513140885337
2.2946549524676123
2.2839186332135832
2.278510537349953
2.273588463382901
2.264502392624909
2.2692937732867473
2.248947837161568
2.2416875230253868
2.2519608960961395
2.23807407409515
2.2293026992734872
2.230950269496666
2.2227631498057887
2.209573373479663
2.20284222600595
2.2236997091545248
2.20746799235074
2.1917906752172507
2.185381293859122
2.1773766627851523
2.1801906098734656
2.171794946463603
2.169351335966362
2.16454552760664
2.1624508483229943
2.1564498040473685
2.1465693774088375
2.1400544685575196
2.1361426233120686
2.1245814277878345
2.136102127579023
2.1246876758786866
2.134993961678361
2.1232893393849426
2.111212502954141
2.109601767557972
2.104252746926164
2.0994281982475855
2.109314536992109
2.0980358118156217
2.103088810196463
2.0756714591440164
2.1005888232645
2.078139264628572
2.078272464702714
2.074827987068104
2.0625647767534794
2.0758471531125733
2.0559409512382634
2.059389448953125
2.0465842575397133
2.0395827883819364
2.0448155743333527
2.036175522882983
2.0393581592811727
2.029033781503731
2.0256344102463633
2.0177447569538964
2.03158819422407
2.0144058803342424
2.00890380903235
2.0170361905727745
2.000673230526582
2.000762535997157
2.003394566898076
1.9955927268514093
1.995253420101022
1.9925639688406351
1.982627293692445
2.008338880145325
1.9915164568514194
1.971643257534729
1.9732699754103176
1.9691195904083971
1.959000677713808
1.9726338797020462
1.9755582997821413
1.9595853497959532
1.9516627170004934
1.9531604757286467
1.955319417816288
1.9370171683576871
1.9400114563276183
1.9392102821817938
1.9338427427804694
1.9342771689846832
1.9440224122888636
1.9289712453225873
1.9239299302955843
1.9211032823571619
1.91960442797193
1.9051681276199952
1.9058203238923594
1.9083089201517824
1.9035838088899288
1.9002265359433193
1.9002912961087137
1.908361721713588
1.9038356593194998
1.8859317519192427
1.8800273453289609
1.878434678855932
1.8827142957246528
1.8794106824218102
1.8715062197649255
1.873476728515805
1.861604892279742
1.8687378966583397
1.8582294036476117
1.8626588239984692
1.8572042483203817
1.857003519838711
1.8586055259659606
1.852700244986786
1.8428956911248981
1.8449596706426368
1.840574786910471
1.843013052389307
1.8408821835270468
1.8583227016453474
1.8376495686342131
1.8283836366433017
1.8301051891637299
1.832645648211803
1.817257306204652
1.8271540670462374
1.8167724648736558
1.8072703899639957
1.811383288986278
1.8083108028150954
1.8035441513331432
1.811389853088361
1.8010049380783766
1.8004960108478114
1.7957362898115843
1.8000726115028813
1.799888990960031
1.788112663997794
1.7891329923328363
1.7845847809089805
1.7806479885893047
1.778406631834102
1.776805096920931
1.7783263320068143
1.7672598336665135
1.7681504254633527
1.7713608581502482
1.7708470045395617
1.7652180554731838
1.7678612703984637
1.7591625311464634
1.7555522165208493
1.755764346077757
1.7519241245287769
1.7673934984881923
1.7513053715229034
1.7491675747453042
1.7453328950225182
1.7370402343430609
1.7458533897714794
1.7400759960401733
1.7546176080996136
1.7317424959169243
1.733543705546631
1.7325185585134435
1.7419943441197556
1.7325488382352974
1.7253798533160731
1.7314867020215627
1.717914364529106
1.724118118859687
1.7234425401350237
1.7110845196359563
1.7137991971564743
1.7140527089249413
1.7054893183258344
1.701093907907324
1.702000969142284
1.7044754874593806
1.7219329310475655
1.713255949177832
1.69818680888077
1.6942797547803734
1.6930434585742231
1.685537874417485
1.6933017316854224
1.679499069193624
1.6980352775668197
1.6859185453855767
1.6725614283163592
1.6783035099506378
1.6799582105200246
1.6799951074820645
1.6725311161212202
1.668488622555193
1.6663994623242684
1.6690811826935354
1.673150174460321
1.660757710067731
1.661655456952329
1.6740607723312557
1.6529028054397061
1.661815826341791
1.653541457821738
1.662117841952252
1.653113214474804
1.6488702682391652
1.6555003917442177
1.6486195258374483
1.6379724032474015
1.6424041373549767
1.6398006632642925
1.6444970467742883
1.630337543926149
1.645402323524907
1.6305346874133595
1.6351500774891872
1.639307535200749
1.627321997622274
1.6212798972737115
1.619119663564664
1.6377888664884388
1.6130795782467104
1.6297189970061463
1.616291290184237
1.614484891295433
1.6160175960581258
1.6029564663767815
1.6183391289328628
1.6006339833421528
1.6052568138770338
1.602515569835339
1.6058053914106116
1.60838231950436
1.6067158236818493
1.5924691549449597
1.5977385665448207
1.5985700361571222
1.5883443060348619
1.615991249680519
1.5883703347084657
1.5890527907407508
1.5819835392933972
1.586258370921297
1.581858865776152
1.5804700072643891
1.5707714386143774
1.5854389276706948
1.5750490919036686
1.5807811851209064
1.5712441577101655
1.5678507909178734
1.5645477881409087
1.5712838648062832
1.5667871259293467
1.561812312254366
1.5715463940265044
1.5612536272350348
1.5584697897704143
1.548568069653691
1.5540435856805657
1.5505295910362928
1.552869681198642
1.5446006868667197
1.5491068619039823
1.5474904255484634
1.5481855433504537
1.5388178358662803
1.552899348567117
1.5430392066262804
1.5321859326565042
1.5459824350644957
1.534688747435246
1.5368816489880939
1.5323273441139258
1.5400480304686528
1.53322741276813
1.5327317090529315
1.5307809061036919
1.5331676740129039
1.5204554250780142
1.5254640826639139
1.52212869896079
1.5183627127476458
1.5200484659311906
1.5133857850758534
1.5160966993502851
1.5151399784492996
1.5125346568957814
1.505458263012598
1.5138990873435758
1.502894251132911
1.5025700842434506
1.502856583808953
1.499632496035324
1.5011985152959824
1.5118540396105569
1.493250938518992
1.4998933928755094
1.4943908551391565
1.493307039422809
1.4915685785828896
1.4908806262713559
1.4866504042216067
1.4826117540305515
1.4984884976216082
1.4832230258100438
1.482456550283252
1.478921947895356
1.4832315208776943
1.4752108286011894
1.4754098648170255
1.483388936463392
1.4718605330530203
1.4723906359582577
1.4689857585812516
1.475447527361366
1.4658176949564017
1.4681081754981347
1.4754479803004354
1.4761295220199622
1.461880385313394
1.4556744011505596
1.4660120187502987
1.4548141246415534
1.4480794645705313
1.4595786608615011
1.4582232191877544
1.450287309176517
1.4503142679075025
1.4517549675590586
1.446688765062476
1.4416602647529457
1.4453893362913492
1.4468188493881586
1.4450116756389726
1.445591757601162
1.4408803646856885
1.4356196798243612
1.4332778954280998
1.4343932810819373
1.4318323087579798
1.4311492178799972
1.4320157676372889
1.4316515087519053
1.4274893999099731
1.4323629680669532
1.4248049351966605
1.4249142950998162
1.4301771007056505
1.4153128353492268
1.4212428601282947
1.4206765757979087
1.4222297361999188
1.4121432872313373
1.4098781655138393
1.4156935841969724
1.4160728302766692
1.4133513974693586
1.4181768843587839
1.4089177529204566
1.410458672440277
1.4032491029433485
1.3995368444132354
1.3970445135854326
1.3960901543779194
1.4031968293887265
1.3946976990632292
1.4016168460531055
1.4018064040058065
1.3934421404352728
1.3900783860458519
1.3915556722654487
1.4023207043701749
1.3878670719996937
1.3822835228353176
1.3843003126247875
1.3817602199203562
1.3834502958464172
1.3761934060251937
1.3807044116393574
1.3738362403973094
1.3778006448498312
1.3733031579275738
1.3873032843166928
1.3778847472847633
1.3627887081425145
1.369326595709009
1.372829312704644
1.3770277941564344
1.3659481953056354
1.368301568166265
1.3575637080478218
1.3574840983129897
1.3622573323126108
1.3579664325939034
1.3533099240289543
1.3616800988620181
1.353092631079116
1.359409050277944
1.3609935646911837
1.3633284369167291
1.3496550785483055
1.3538922664691817
1.3432365163879574
1.3560727117758877
1.3479406296644572
1.344211255182635
1.342604641363306
1.3422673223715909
1.337462159541418
1.3512091212115198
1.3407238328231956
1.3368685439510166
1.334862878581263
1.335768646226739
1.3376546623009555
1.3332159350503165
1.3296638493830304
1.3275946592384915
1.3269255836054963
1.3269138406470138
1.3280626442634835
1.32324459136657
1.3238704252355504
1.324561929787105
1.3182342873429351
1.3160855542376357
1.318455048046022
1.3230355817754313
