34.905986697272915
8.018651253354234
5.1267081688990634
4.523141946940296
4.147246410361434
3.883594355751983
3.683276077287387
3.5236778770927835
3.387378655703722
3.2840593451947235
3.1777321569687498
3.0930357042667085
3.0157361594976577
2.9439532392847854
2.8743422743493476
2.812037274373316
2.763538847982356
2.7152991118156806
2.677880745018478
2.6261366389494025
2.5906949813387037
2.560918617037545
2.5306528231738943
2.495141426546384
2.468377614970756
2.4384610536879143
2.418168535274742
2.3885705697852955
2.367603676509013
2.3439745786970696
2.3272919644296697
2.2992056128198066
2.2828326689458525
2.2626500926186552
2.2483294004887604
2.2381124153601384
2.2185035287278945
2.2050804015809455
2.1861371482368064
2.1791668718895028
2.168316717696401
2.144863351520184
2.1399086035985864
2.1261506457771877
2.1124641536611373
2.104821360480469
2.090803711815218
2.084348740830886
2.068953518846394
2.061697111456795
2.056493384911951
2.0447257493449524
2.0294494539235544
2.0204889613442716
2.01321585726949
2.0066293636254504
1.99787354601168
1.9806492212599358
1.977601972828924
1.9700776528468174
1.9629376227349307
1.9481787634106864
1.9520250300390531
1.9415458530451344
1.9279313385486603
1.928022834052027
1.922674500572998
1.911727354853554
1.9178189239670744
1.8960731303797358
1.89301185903296
1.884237938222632
1.8797804317643156
1.8727365653071784
1.8653383790391735
1.870612853132518
1.8480219168473133
1.8427376277678835
1.845064171911341
1.8332335867185507
1.8258112608331494
1.8336912477965903
1.8155028260914625
1.8108601472546568
1.802562402676692
1.7992212972809782
1.7904213632630035
1.7901277041013262
1.7907632304503855
1.7827692205927013
1.7754714452059923
1.7675123190985316
1.762489711816332
1.7558503694238916
1.755609087711942
1.7459275991515775
1.7436744343917983
1.7351135118345244
1.7323114932638355
1.7278015956414485
1.7210366733833753
1.7224007937233006
1.711214080848525
1.7056860965965068
1.70869224920737
1.6981949373684098
1.7020148450294428
1.6993585044303827
1.682668953079038
1.690675899782012
1.6873218878708054
1.6727901090562871
1.677845092473832
1.6738801055249914
1.6581631724813344
1.6644242957102513
1.6547178810676642
1.6570069265049117
1.643549369763484
1.6426005152474463
1.6378355498335002
1.6333433012519263
1.6327359549767149
1.6288294757889434
1.6161639358090087
1.615302331415953
1.6104423617367196
1.6135924906857246
1.600511294286863
1.6054393509320453
1.5965974177934428
1.595960095129182
1.5951664745807648
1.5850303217900539
1.5863387157431745
1.5834398747017953
1.5758803521109894
1.5699912264811253
1.5697508575642003
1.5682481999418376
1.5623061535632716
1.5571708549967909
1.5501189374290736
1.5544926149655232
1.543761690106012
1.5465637688088205
1.5413129021108678
1.5312740172432586
1.5285771420571657
1.5336447376593025
1.5286873658146478
1.5200503729613482
1.5158209734785872
1.513429040666175
1.5156563462409298
1.5075392514730976
1.5051800816987468
1.5100888040213458
1.5044901434299165
1.5038342114570922
1.4864897503789547
1.4906421472540998
1.4897299590891442
1.4880862634266372
1.4835738368266451
1.4793091862075096
1.473189927044168
1.4675794169966099
1.4763434777217628
1.465458246986423
1.464209382512928
1.455782643197912
1.466134950914214
1.4535411111021463
1.449401946194404
1.4433148076048994
1.4383262643771888
1.4379324185109772
1.433672995166441
1.4339599757067925
1.4286189852035152
1.4254350279812265
1.419021088465125
1.4259177319771421
1.4170362574864277
1.4133408148731805
1.4139933166778194
1.4076487010559149
1.4062738276160924
1.4064258476801679
1.400136324684177
1.3993015534582391
1.3990566197749787
1.3909782661800891
1.3930363945201434
1.385095598687113
1.3824847723002982
1.3845808864694782
1.3826637998618911
1.3778244721151032
1.3739729974649648
1.3688358996821717
1.3729734143852133
1.3689754895404376
1.3615861888480398
1.3582018616452682
1.3543038370862472
1.3487008960373634
1.3503964936311266
1.3474512746376275
1.348168176359835
1.3394788321668067
1.3316283088869754
1.335349598289591
1.3355177145088668
1.3309431811877057
1.3396388687918672
1.3279411887700578
1.3265479932316637
1.319990087135703
1.3190933146835429
1.3140967269386865
1.3172280603805475
1.3100921603958164
1.3148966344584405
1.308479624248184
1.3038857600330251
1.300045050614703
1.3041305243968964
1.3025696061353769
1.2953204924026422
1.2910063336644553
1.2932691442227997
1.2859604327024612
1.2825823766467845
1.280268701568114
1.2797123154180239
1.2821666000954872
1.2691979044306594
1.2708001060295948
1.2665998310641904
1.2614445783923158
1.2668485580819897
1.2612590452211092
1.255656550152112
1.2620701329634252
1.256177989518748
1.250296467173416
1.2565629796116753
1.250484492926471
1.2398781176425715
1.2461549729372547
1.2418558186134405
1.2361611127853394
1.2337063843697573
1.2340664539189465
1.2315211715423955
1.2319721363287057
1.2239585988289488
1.2276573096756387
1.2212629370984778
1.2218799875900808
1.217063473389212
1.2203003160193957
1.2094281413386354
1.2095770986206764
1.2123402620838806
1.2003229824842605
1.2085702967854728
1.2015933263882073
1.1971310126570474
1.1971257944813871
1.190923206178488
1.1936241662607783
1.192349731394675
1.1866003939535765
1.1873363230080731
1.1870963929501255
1.1827622198425563
1.1823854894764656
1.178461784546354
1.1790035195582735
1.1689802727340597
1.1700645985856521
1.171785109865982
1.163871840829343
1.1716891334647626
1.1620227694511414
1.160300663219089
1.1589320953440878
1.152715648170066
1.1566165183234003
1.1480191117894334
1.1473392132109246
1.1525901056232706
1.1439268926603605
1.1520774647989105
1.1371592943911004
1.1453555595558302
1.141061765825854
1.1300861598116108
1.1369654420202813
1.130431832992925
1.1341756575666697
1.1258920395532541
1.1270905907175182
1.1240481842408139
1.1160246931609854
1.1209560817321844
1.1162207656729537
1.11707399851453
1.1121466964219524
1.115057780415611
1.1081170161477232
1.1101333843132035
1.1091277390982197
1.1023831916066398
1.0949271143273969
1.1017461506138861
1.0971900433038189
1.0966411232948303
1.098234714000626
1.09317297837903
1.0863526787905566
1.0939076416260374
1.0831097283985762
1.082707966455316
1.0795945675499672
1.0804210860381085
1.080248557888301
1.0816637216943554
1.0787084068344757
1.0695035477391386
1.074491679932164
1.071890161891954
1.0754844932693295
1.0657037885579388
1.0663880086050623
1.0613096165182316
1.0653908893597865
1.0616595064644265
1.053496159547198
1.0522341985354382
1.0477067775430933
1.0512341726406487
1.049425292990904
1.047145399635872
1.0413795031804953
1.0396074096185972
1.044887483383702
1.0396604742360327
1.0340714252891794
1.033898007816973
1.0345199858456586
1.0331481348360534
1.0294625623300013
1.02829811187972
1.029245580983373
1.0219930184889683
1.0299040209666817
1.0221565310406473
1.0214115113547417
1.0182458848024891
1.0114773732107298
1.0121397356280184
1.0150626830558862
1.0122797156857177
1.0046695958724063
1.0089941212033804
1.001264978562836
1.0051516095357658
1.0018000907338827
1.001046357033527
1.0011254150783067
0.9936406516132101
0.9949578434492634
0.9977977952334733
0.9898535793861457
0.9891040937035485
0.9913916949149781
0.9930775441163409
0.9856878810488017
0.978316503947815
0.9789197282717291
0.9888458143820805
0.9785063682140502
0.9781339425692516
0.9760383087976844
0.9727803935519362
0.9714076380550334
0.9722631929722507
0.9707796572320229
0.9666489422057583
0.9648932953060201
0.9601096699459363
0.9601728935948516
0.962217874099723
0.9567122969743425
0.9575112262922051
0.9508055832269973
0.9551398560272909
0.9562960141791707
0.9486281658168387
0.9498998505615555
0.9587908968725035
0.9483409891877554
0.9446509766631421
0.9386972848293
0.9404420623209624
0.9405946289807294
0.9350386231610205
0.9387053811708382
0.9344424925810468
0.9370702435221292
0.9395312076121305
0.9231810662071261
0.9278854427084459
0.9273259846773823
0.9234707509785627
0.9206214949356771
0.9229337582282261
0.9209510364891154
0.920139115336722
0.9193513305050082
0.9170396917425425
0.9124751473422599
0.9129591667282898
0.9157656966584974
0.9112869291442686
0.9121767572597065
0.9063822616518071
0.9050903926908442
0.9023266548076562
0.8987485713663355
0.8957299578242597
0.8988536886409321
0.8956349266577611
0.8940461972909691
0.8943841189673517
0.8959304274974671
0.8836733907197429
0.892110256494674
0.894292438320354
0.8933821654161521
0.8865770308581074
0.8818230200394065
0.8775598036240687
0.8811169941868402
0.8771035149034145
0.8741678333124229
0.8758492779679004
0.8717212127109545
0.8746120602683684
0.869275432376735
0.8710427479406374
0.8624360106423893
0.8659675883508362
0.8672667127267449
0.8622314968204077
0.8736917248605627
0.8562946086172509
0.8608588737196627
0.8623087482642283
0.8591356800984492
0.8517733383758933
0.8552190393736933
0.8529556761536978
0.8514229315044606
0.8516100923308229
0.8423001658072514
0.849990221515166
0.8448028422034948
0.8481230044786909
0.8465509487200628
0.8405840549848776
0.8370032359277253
0.8355751563753702
0.8372053146626042
0.8330935982212556
0.8316682987244783
0.8330289638411682
0.8277381223387423
0.831847057537695
0.8255962956268176
0.8258416689602674
0.8229257224407871
0.8221625925692837
0.8215288613486079
0.8271389781637529
0.8197556988591641
0.820244678881316
0.8171642442456389
0.8256347771503229
0.8186612729213935
0.8161042485616904
0.8219339695915712
0.809456641563272
0.8069839660836532
0.8057549627481309
0.8075120955441906
