159.95946006070483
5.870689687945626
4.603005292198874
4.16895140870051
3.9152935047041284
3.7178282632069153
3.5637024524537
3.4604409686543725
3.366329348358241
3.3025112092494964
3.2281344256617808
3.174567057869651
3.1232034753669393
3.084107873656533
3.0553985804319383
3.023141950097951
2.989658560265194
2.968038780309937
2.927817365527153
2.906452350182967
2.8817949552427637
2.854387297413566
2.8464783598076213
2.826671150597659
2.7971075071529907
2.7727171892469578
2.755182204192335
2.7559794237667865
2.7316219389438627
2.7049017276276244
2.693036758086898
2.672031332146038
2.664270508018407
2.63938460864804
2.6286490685560486
2.6160122559829193
2.6082418097691105
2.59781553352421
2.5881612227721646
2.5661934291774577
2.561622656339949
2.5488543601198628
2.5403036416931584
2.5139347064224156
2.505546646362001
2.4983636304736137
2.4923251338980417
2.4898037655787033
2.4822305443612014
2.4655334243720226
2.4476402773098513
2.437853174588897
2.4398681142113428
2.419446271116083
2.412208385088227
2.4048689365386964
2.412920107895678
2.389156218685887
2.377330653775822
2.3786787462505425
2.370257680253549
2.3604839196259326
2.3388115765018895
2.3454702138900756
2.3295876158909365
2.3274713357741184
2.3233825634826313
2.313320945067839
2.323576563054865
2.3012790417129345
2.285463368079879
2.2739892666990107
2.2744340860030867
2.2805431271141225
2.2591737193140116
2.260235555334525
2.248772692815824
2.250762016800317
2.247535113990307
2.2280481094663793
2.228902213004502
2.220397488501939
2.2045093112371186
2.2160477848215536
2.202152050354264
2.198605855893005
2.1745857054536994
2.1837969213724135
2.172005182640119
2.152614011412317
2.1580199863423
2.1552775622768836
2.137270189957185
2.135093205896291
2.1373462706804274
2.128343284401027
2.1260632024569945
2.111977678537369
2.1073652469299056
2.1010961921377613
2.115638447756117
2.097468582608483
2.0872623669830235
2.0843769418922338
2.0809096723794935
2.0737468846819618
2.056969849900766
2.068212203816934
2.050087283280763
2.055013900182464
2.047033417089419
2.0492853875864636
2.03229743513194
2.022097174416889
2.0199885742230848
2.028733982958577
2.0143585756421087
2.0012516915798186
2.017036302929575
1.9954929155382244
2.001780032434247
1.9888014682314612
1.9947770815004002
1.9802128652280027
1.9842369160868905
1.9760405986146494
1.9657126192342151
1.960407350009138
1.958766802197153
1.9517932790246877
1.9545319482684136
1.9525366734374654
1.9390768578106707
1.929577306725762
1.9274323548782955
1.9205424898050047
1.9193972343748267
1.9257448143579743
1.9068441707979549
1.9129559237848628
1.8987603919072584
1.8884462238712745
1.8951994428580456
1.8802184503186832
1.8902253599329428
1.8794641570611434
1.8746237046339296
1.8906214911829342
1.8711318204348737
1.8740110129117966
