6.041355937719345
5.720426533222199
6.106880009174347
5.80038449883461
5.820506947040558
6.079125802516938
6.345568120479584
5.928179839849472
6.121703201532364
5.944407258033753
5.874313226938248
6.010371779203415
5.896782234907151
5.836051142811775
5.8667500519752505
5.63272287607193
6.021404654979706
5.844217762947083
6.015208384990692
5.669453854560852
5.95289314866066
5.922013487815857
5.923962740898133
5.906374669075012
6.051484508514404
5.99076352596283
5.893991333246231
5.686518491506576
5.982260037660598
5.78677494764328
5.779674247503281
5.675438967943191
5.6642070436477665
5.948116204738617
5.55209432721138
5.841765142679215
5.843920359611511
5.690925862789154
5.827279026508331
6.031284455060959
5.7369224023818965
5.707429739236832
5.957062662839889
5.763504483699799
5.638727314472199
5.513634600639343
5.7943432426452635
5.496183705329895
5.617339684963226
6.046795926094055
5.590136071443558
5.517464994192124
5.682097871303558
5.932872848510742
5.680495281219482
5.6680461847782135
5.62905995130539
5.727223933935165
5.743476858139038
5.6241670107841495
5.609549555778504
5.421517740488053
5.549082720279694
5.592930685281754
6.102770001888275
5.661300601959229
5.587861269712448
5.407436990737915
5.614654729366302
5.680646175146103
5.91167554140091
5.724603568315506
5.549319170713424
5.5695201110839845
5.534112318754196
5.518849527835846
5.703590161800385
5.355135600566864
5.744930880069733
5.385282084941864
5.593281588554382
5.464967820644379
5.527863643169403
5.7194235461950305
5.730956830978394
5.433580021858216
5.573646396398544
5.242170848846436
5.378213628530502
5.625187402963638
5.479482161998749
5.3679793119430546
5.687295846939087
5.682473359107971
5.08087679028511
5.56893449306488
5.322989387512207
5.5697575485706325
5.6291498219966885
5.136512708663941
5.406754833459854
5.374941697120667
5.843798494338989
5.370622425079346
5.344605310559273
5.750784275531768
5.472272611856461
5.240364955663681
5.2333031690120695
5.153166302442551
5.484676221609115
5.248481817245484
5.4714245820045475
5.218971107006073
5.377205513715744
5.2789310252666475
5.546099963188172
5.5434150159358975
5.466359989643097
5.3515950745344165
5.315912815332413
5.496312272548676
5.20307814002037
5.229593914747238
5.369447100162506
5.3398758161067965
5.6230359816551205
5.845709956884384
5.52293483376503
5.382638077735901
5.378523355722427
5.59839022397995
5.418368067741394
5.504805985689163
5.3057659661769865
5.425361067056656
5.428024132251739
5.26131823182106
5.207691389322281
5.3925843214988705
5.00836077094078
5.271300536394119
5.334320052862167
5.196722646951676
5.361551014184951
5.315773327350616
5.653632129430771
4.99847311258316
5.090272746086121
5.1215633249282835
5.123412067890167
5.117459805011749
5.348402641415596
5.404421054124832
5.2814607906341555
5.560122789144516
5.378321862220764
5.175904638767243
5.364692575931549
5.34863395690918
5.223215630054474
5.046572014093399
5.052351676225662
5.08612234711647
5.253706184625625
5.234018926620483
5.299098508358002
5.325832080841065
5.501217583417892
5.232993357181549
4.9390166163444515
5.091972713470459
5.200100878477096
5.265861442089081
5.174171320199966
5.083148881196975
4.96332128405571
5.045779466629028
5.0283502209186555
5.246683863401413
5.229808540344238
4.985454374551773
5.2468163478374485
5.351515891551972
5.223306416273117
5.044077030420303
5.136165741682053
5.050951755046844
5.10750340461731
4.868137058019638
5.543634618520737
4.985430451631546
4.827226020097733
5.018881394863128
5.3296984195709225
5.370108592510223
5.152946002483368
4.956872349977493
5.19424931883812
5.2969200384616855
5.0175963139533994
5.398116990327835
5.1012685990333555
4.952146189212799
5.170328403711319
5.057253493070602
5.205862014293671
4.931588405370713
5.100200543403625
5.1731289100646975
5.066953232288361
5.085364360809326
4.991344863176346
4.951848138570785
4.9326468074321745
4.958560736179352
5.218463071584702
5.475148150920868
4.978844686746597
5.07237528681755
4.914041137695312
4.962724652290344
5.107327147722244
4.864983862638473
5.176639131307602
4.9984544503688815
5.093767138123512
5.132788968086243
5.101079081296921
5.13366131901741
5.055885677337646
4.998637835979462
4.914724886417389
4.998256913423538
5.0668900215625765
4.740331797599793
5.122747030258179
4.8788494205474855
5.029810144901275
5.1328761100769045
5.011335580348969
4.9061219072341915
5.096368680000305
5.164446402788162
4.950401229858398
4.733690005540848
5.165908471345902
4.772097343206406
4.8766044318676
4.978998143672943
5.063686391115189
4.875672537088394
4.974419294595719
5.0757592117786405
5.102633953094482
4.986778118610382
4.840813524723053
4.761832246780395
5.013832120895386
4.802688460350037
4.823731944561005
4.720539857149124
4.841169157028198
5.153800858259201
5.134684960842133
4.827319972515106
5.046422355175018
5.13523115158081
4.8669391846656795
5.079330153465271
4.614003869295121
5.004400188922882
5.022562495470047
4.933199828863144
4.900828679800034
4.880216695070267
5.179060065746308
4.777685045003891
5.1086951041221615
4.8931043136119845
4.740884120464325
4.824031505584717
5.01947128534317
4.693574062585831
4.85088560461998
4.815631830692292
4.97242364525795
4.796984082460403
4.8962808579206465
4.800662051439286
4.835003844499588
4.731899865865707
4.912777746915817
4.7998845779895785
5.0269752526283265
4.698293781280517
4.815185152292251
4.646323162317276
4.940828501582145
5.0462491416931154
4.721867897510529
4.781294993162155
4.638368339538574
4.857760879993439
4.693573443889618
4.868834085464478
4.809154044985771
4.68954326748848
4.573851478695869
4.718307466506958
4.763844789266586
4.738694233894348
4.670239276885987
5.0265368139743805
4.776930305957794
4.826447031497955
5.292045278549194
4.919249588251114
4.727376357316971
4.84443052649498
4.752837346792221
4.616565996408463
4.865832314491272
4.720433475971222
4.693462307453156
4.602779793739319
5.046617212295533
4.908424479961395
4.952274804115295
4.788864899873733
4.759071190357208
4.707408932447433
4.7204769778251645
4.505959367752075
4.856340061426163
4.752465796470642
4.634790239334106
4.829035471677781
4.908615711927414
4.927149810791016
4.766014204025269
4.823725868463516
4.64172838807106
4.680176590681076
4.68930472612381
4.740664796829224
4.914334300756455
4.858547201156616
4.7232534694671635
4.638576987981796
4.838740527629852
4.859782849550247
4.66737979054451
4.650764784812927
5.248078877925873
4.64335308432579
4.7305122196674345
4.747867312431335
4.680942243337631
4.715324567556381
4.649499441385269
4.695465220212936
4.715161095857621
4.550847789049149
4.765374068021774
4.462839390039444
4.682495675086975
4.593767362833023
4.62861525774002
4.832004316449165
4.717329969406128
4.91795457482338
4.918866983652115
4.536862120628357
4.690681515932083
4.566398975849151
4.686364537477493
4.567366489171982
4.588046596050263
4.73928519487381
4.680853511095047
4.756317563056946
4.717809684276581
4.592852870225906
4.641906443834305
4.635076221227646
4.797712044715881
4.5135596561431885
4.694234409332275
4.7049545431137085
4.674595364332199
4.7649032759666445
4.707361707687378
4.60008017539978
4.47237673163414
4.6093134236335755
4.733753388524056
4.622984536886215
4.451460808515549
4.5706714296340945
4.724753243923187
4.786426443457604
4.567092777490616
4.562100032567978
4.805374667644501
4.497973008155823
4.545029524564743
4.569687978029251
4.590740430355072
4.707934530973435
4.874892898797989
4.828304804563523
4.812974975109101
4.70377504825592
4.663476368188858
4.374902715682984
4.568802248239518
4.4835470831394195
4.732516052722931
4.6927699375152585
4.6799278223514555
4.553190681934357
4.7085634958744045
4.738935465812683
4.530869817733764
4.596294294595719
4.359788130521775
4.489075208902359
4.64277508854866
4.560587229728699
4.406416333913803
4.656971604824066
4.589854283332825
4.778116981983185
4.653472352027893
4.645583404302597
4.563559746742248
4.545525391101837
4.6624484181404116
4.649964326620102
4.610415081977845
4.631324988603592
4.598334105014801
4.450341519117355
4.560047469139099
4.679106986522674
4.523457709550858
4.544456713199615
4.5015837717056275
4.633076260089874
4.762780532836914
4.518084027767181
4.7196646547317505
4.605177344083786
4.477403049468994
4.526333240866661
4.798468759059906
4.674324284791947
4.715670045614242
4.4249471974372865
4.460420448780059
4.621950506567955
4.597037750482559
4.530076209306717
4.569923321008682
4.44354815363884
4.4825738942623135
4.444443179368973
4.384767181873322
4.485263251066208
4.472892007827759
4.529571874141693
4.648410815000534
4.627286223173141
4.3250990021228795
4.3973015952110295
4.514499098062515
4.467829784154892
4.561026411056519
4.543920825719834
4.441451147794724
4.560021051168442
4.726163495779037
4.4549670100212095
4.515713990330696
4.453690633773804
4.554732151031494
4.442883517742157
4.472424075603485
4.422961469888687
4.387887538671493
4.368992414474487
4.280100504159927
4.507447046041489
4.593145158290863
4.57830027461052
4.3804321801662445
4.4576626706123355
4.415634032487869
4.44855970621109
