4.134026569128037
4.263627452850342
4.006589303016662
3.969064744710922
4.132605767250061
4.115711972713471
4.079763699769973
3.9382457983493806
3.9854221725463868
4.1845848643779755
4.000489910840988
3.786082683801651
4.036787379980087
3.9110475897789003
3.814843035340309
3.9605630546808244
4.023478296995163
3.7794230246543883
3.973934577703476
3.82970877289772
3.864437265396118
3.9448370444774628
3.9954801285266877
3.9008500987291335
3.9626551735401154
3.886693135499954
3.8342938083410263
3.902701259851456
3.7723001861572265
3.7934570503234863
3.931015284061432
3.7564446449279787
3.7930709463357926
3.71225345492363
3.7780404484272
3.743107283115387
3.77219871878624
3.620781009197235
3.6619062602519987
3.7305282062292098
3.7024766397476196
3.7482219982147216
3.7266858583688736
3.7187872457504274
3.6265042757987977
3.683503838777542
3.73896115899086
3.6494395315647123
3.634335749745369
3.6497298097610473
3.5495916986465454
3.556037809252739
3.669903310537338
3.6599925184249877
3.5483556497097015
3.5827564191818237
3.6095292383432387
3.582907953262329
3.377884751558304
3.48123310893774
3.5760755944252014
3.458221805095673
3.375027656555176
3.649204724431038
3.5878656047582624
3.5849595284461975
3.3703603386878966
3.5956180334091186
3.5297891986370087
3.5465295934677123
3.4996326088905336
3.428243925571442
3.573480271100998
3.616938865184784
3.5131573778390885
3.520468831062317
3.378807418346405
3.523242423534393
3.3924472987651826
3.517183678150177
3.497328392267227
3.406354603767395
3.5441609239578247
3.3802570617198944
3.4596940779685976
3.3025668856501578
3.435211955308914
3.3874133473634718
3.3461806654930113
3.4620376628637315
3.342626243829727
3.3354522866010665
3.3650013750791548
3.458702845573425
3.254572121500969
3.3211482805013657
3.433897453546524
3.2762848472595216
3.356937835216522
3.2409178292751313
3.2604671216011045
3.236704316139221
3.408482675552368
3.27770099401474
3.3068864554166795
3.3266729664802552
3.3501857072114944
3.1965119642019273
3.3015146124362946
3.130793056488037
3.4484510868787766
3.329863926768303
3.352720447778702
3.345156865119934
3.1644225895404814
3.2715749490261077
3.4284033083915713
3.1029282349348066
3.2748919808864594
3.2454286396503447
3.2035589015483854
3.2397749334573747
3.2803233951330184
3.2598609775304794
3.222208758592606
3.181777877211571
3.210995171070099
3.074673285484314
3.152004243731499
3.250894495844841
3.252729598283768
3.093632096648216
3.1256559932231904
3.107124648094177
3.0999832332134245
3.0970506083965303
3.1457196855545044
3.117088792324066
3.0797274366021155
3.18172957777977
3.1807875233888625
3.2117262262105943
3.0558355009555815
3.116588020324707
3.0341725039482115
3.129763214588165
2.98823246717453
3.2980197727680207
3.140273985862732
3.157078123688698
3.2047878992557526
3.23675989151001
2.9663615298271178
3.0545510137081147
3.0299351739883424
3.0033428835868836
3.081925393342972
2.9635699820518493
2.98177116394043
3.0705640363693236
3.081130094528198
3.0320219814777376
2.9597571605443953
2.8704641592502593
3.116223492026329
2.9773964715003967
2.949137473106384
3.027648471593857
2.9957353818416594
3.135176984667778
3.132219021320343
2.983769406080246
3.062139185667038
3.0049982863664626
3.006978178024292
3.052749489545822
3.117109047174454
3.095397935509682
2.9255327224731444
2.915668156147003
2.945571907758713
2.9582740449905396
2.8855036866664885
2.934065942764282
2.8764421260356903
2.848128130435944
2.7956312346458434
2.98521408200264
2.870185146331787
2.885164894461632
2.929176930785179
3.009353359937668
2.9895231091976164
2.932760819196701
2.9600799435377123
2.9113994443416598
2.9008795654773714
2.9092323130369184
2.9042184060811995
2.901825142502785
2.8289735060930252
2.8235494548082354
2.8118397647142412
2.8748424923419953
2.741311832666397
2.8267948633432387
2.8067392003536225
2.875170958042145
2.816256497502327
2.804837715625763
2.91779835999012
2.875416932106018
2.861866319179535
2.693468138575554
2.6911919540166855
2.836712256669998
2.836649108529091
2.777991021871567
2.805675928592682
2.8543946731090544
2.7892711371183396
2.859620891213417
2.7592491644620893
2.695831924080849
2.7353484427928922
2.673323672413826
2.7273198556900025
2.8220973974466323
2.687931119799614
2.7087776297330857
2.819174818396568
2.686288812160492
2.6427934873104095
2.640498062372208
2.6461323422193526
2.7676045644283294
2.7129011708498
2.689279651641846
2.7364613783359526
2.7475544559955596
2.5670011591911317
2.6381919038295747
2.7665794044733047
2.7578796344995498
2.655465112924576
2.721055315732956
2.6837650179862975
2.669825990796089
2.6766677099466323
2.6541807305812837
2.685267584323883
2.706975353360176
2.6635314017534255
2.6049066895246504
2.618437015414238
2.6570222681760787
2.6601504242420195
2.662941362261772
2.555420098900795
2.5891640749573708
2.6252127182483673
2.611435436010361
2.6436771351099013
2.7057852119207384
2.5831213891506195
2.5629233360290526
2.5702858144044876
2.6135075533390046
2.5826980656385423
2.5626515698432923
2.5256342405080794
2.48424314558506
2.5257477247714997
2.623034272789955
2.5524370068311693
2.5730309861898424
2.5133289289474487
2.574749930500984
2.5442431038618087
2.520274189710617
2.51098485827446
2.439455645382404
2.5537647145986555
2.4564706188440324
2.5823962354660033
2.501112280189991
2.577605431675911
2.5685486805438997
2.4734885185956954
2.463334653377533
2.447448456287384
2.5266477638483047
2.3151049721240997
2.568321403861046
2.42276819229126
2.476604607105255
2.513800547122955
2.4694221925735476
2.4868280494213106
2.4524005234241484
2.551991348564625
2.4677155470848082
2.4549282771348953
2.4886580067873
2.347366790175438
2.442371701002121
2.3767580687999725
2.4183012181520462
2.3480758941173554
2.3916502499580385
2.437145318388939
2.377407381534576
2.3996790236234666
2.2837043952941896
2.346679548025131
2.412198962569237
2.415086945295334
2.442470994591713
2.3479948687553405
2.3953657871484757
2.3599157720804214
2.390358503460884
2.3874235171079636
2.348361639380455
2.4019236999750135
2.262838928699493
2.431177073717117
2.343721020817757
2.346798681616783
2.3558379256725313
2.3590840524435044
2.3707542598247526
2.249602731466293
2.3837645399570464
2.2487817573547364
2.3709131580591203
2.36690549492836
2.3240712410211564
2.317544769644737
2.36202505171299
2.3359988182783127
2.371165943145752
2.2809877490997312
2.2886063560843466
2.2840225142240524
2.2339486861228943
2.3890929293632506
2.258091827630997
2.3014917129278185
2.412781096100807
2.360568866729736
2.3060301727056505
2.22888447701931
2.152980945110321
2.1609820675849916
2.188275559544563
2.1845193803310394
2.2808809947967528
2.17476716697216
2.2645363718271256
2.265962889790535
2.238560668826103
2.241103871464729
2.2433392614126206
2.315429893732071
2.2951662874221803
2.2060235750675203
2.2163419628143313
2.2630799701809883
2.2902192133665085
2.2852546536922453
2.2498659044504166
2.3005880400538445
2.19640869140625
2.148747099041939
2.1888854897022245
2.294048001766205
2.2224811482429505
2.258372073173523
2.12897147834301
2.2928897470235823
2.2520647430419922
2.129903746843338
2.2118844383955003
2.129379774928093
2.2780136495828627
2.175506766438484
2.1851491367816926
2.1480197364091875
2.1253361934423447
2.202966858744621
2.1947871059179307
2.16043042242527
2.19444460272789
2.1438367730379104
2.1050831019878387
2.191613122224808
2.1375697648525236
2.1121729347109794
2.166746964454651
2.1919348394870757
2.110818372964859
2.051416360139847
2.142080554962158
2.146936592459679
2.101268844008446
2.105892778635025
2.085094523429871
2.0017315447330475
2.034506761431694
2.0985656160116197
2.0576006031036376
2.1442622631788253
2.1495984733104705
2.0180801874399186
2.094766679406166
2.080758109688759
2.020539844036102
2.047704234421253
2.0367933028936385
2.0583728981018066
2.0633900582790377
2.039414779543877
1.9392462700605393
2.158371733427048
1.9999509489536285
1.9659435254335405
2.0752893885970116
2.029938067793846
1.974580437541008
2.063284776806831
2.0599315202236177
2.0413973760604858
1.966807234287262
2.003999883234501
1.9833375746011734
1.9717037272453308
1.9940289968252183
1.9855502146482467
1.99451196372509
1.9386023700237274
2.0102732104063032
2.005316850244999
1.957672609090805
1.9269914788007736
1.9186729463934897
2.071005436182022
2.0315335315465926
1.9189327836036683
1.899686672091484
2.0678449207544327
2.0558086308836936
2.0387612563371658
1.9223864459991455
1.8934714394807814
1.892661562561989
1.9377139562368393
1.8984380966424943
1.9058451879024505
2.03382001131773
1.9170026788115502
1.9530318522453307
2.0216357883811
2.0021983933448793
1.934965582191944
1.955345658659935
1.8933531534671784
1.9216961127519607
1.8720909002423287
1.870163667201996
1.9455115282535553
1.9798466137051582
1.911018739938736
1.8402868670225143
1.8784054350852966
1.9520335203409196
1.8438302916288376
1.9338599437475203
1.8772483414411545
1.9018150988221167
1.8704298740625382
1.9080278712511063
1.8774256813526153
1.8884481811523437
1.8454660022258758
1.9026940739154816
1.9382127368450164
1.8327148723602296
1.8354406815767288
1.833942833840847
1.9261711505055428
1.841602248251438
1.903484826683998
1.8591919606924057
1.8020896595716476
1.8704117912054061
1.8302415579557418
1.8345460826158524
1.7857802599668502
1.8371511298418044
