19.99209858720953
5.0751841339198025
4.460561639612371
4.10745636685328
3.887163002111695
3.719930774786256
3.600046542557803
3.5064658614722166
3.407134492018006
3.3305498177354984
3.266311336511915
3.2251562426036053
3.174164579944177
3.1328017351302235
3.1007531626658005
3.075650983506983
3.0350070120258765
3.0117993931878697
2.9771326178854163
2.9544171598824587
2.941130178083073
2.8981078296899794
2.8767982012846254
2.86013288077983
2.832334822958166
2.810660246014595
2.7914381819692524
2.770793029395017
2.7443269743160768
2.7283375466411766
2.706714528528127
2.685257419672879
2.669688737934286
2.6603578093377025
2.6465556621551514
2.6204120581800288
2.6065737148577517
2.605493442172354
2.5893243220719424
2.5747872512448917
2.5554666619409216
2.544302823055874
2.5297063005241482
2.519370842521841
2.498100740530274
2.497924619642171
2.4839645598422395
2.4740185607563365
2.457589967277917
2.4479212079535833
2.447258758951317
2.433444540879943
2.4307016743855043
2.415024074505676
2.4077590934254904
2.3898406998677686
2.3710736133835533
2.3815869702534243
2.357674474065954
2.3510673279112035
2.3379131455313074
2.3492811025543645
2.3402806199409745
2.315513142807917
2.3031089235435833
2.307558262077245
2.2822668640451
2.2745906031944534
2.267513787069104
2.2603148689324204
2.2543814235112882
2.239857816696167
2.234639463776892
2.238320017944683
2.2290572425181217
2.222420687296174
2.2097789003090424
2.203555082732981
2.1893853650851685
2.1980677217245104
2.187628619643775
2.171609910374338
2.1711276558312504
2.1513741409236733
2.1542469570582563
2.1526693681424316
2.135201837799766
2.1391569882631303
2.125317087227648
2.1227650849656627
2.1072302838618104
2.1041171607646074
2.091530470143665
2.1020483909682794
2.082081070948731
2.074361125176603
2.0753822319886903
2.0660751471465284
2.052591164274649
2.048401216756214
2.0545781338756735
2.0473931855776093
2.0369227941740644
2.0325016663833098
2.0244770869612694
2.0188094358552586
2.0098724460059945
2.014356531202793
2.0044562406160615
1.9926416643641212
1.9890120521187782
1.992959600687027
1.9849063048308546
1.9723472488197413
1.9776336046782408
1.9613992063836618
1.9535469514402477
1.9503215231678703
1.9431200153448365
1.9469704342159357
1.9342387481169268
1.9318225012584167
1.9263273487036878
1.9333065542307768
1.9158067605712197
1.907835002988577
1.9133039887655865
1.9028015862811696
1.9039565221829848
1.8994300065392797
1.8850094254721295
1.8882640008221974
1.8691567279398442
1.8706043599681421
1.8704752205447717
1.8622557217424567
1.8732307016849519
1.8492142260074615
1.8389319356192242
1.8537862362509423
1.8426801441745324
1.843062880093401
1.842696094580672
1.832766050777652
1.8223894566297532
1.8162043830210512
1.809390894255855
1.81432295428081
1.8044056262482295
1.8149638308720155
