36.67339218787427
9.248669385910034
5.531770152303408
4.846857952621748
4.459182426614581
4.204065537677621
3.997638182820014
3.842076415160917
3.6999826920482346
3.5516322170788386
3.4385279962476694
3.351949726073247
3.2539536368172124
3.169488380540092
3.097974269457583
3.030851514834278
2.9671192579674273
2.915834309357517
2.895975022945764
2.834444175351341
2.791862114420477
2.7451572311374375
2.7301906470982535
2.694840522869578
2.671444146138317
2.634737843612455
2.6045121215986757
2.589519369152357
2.5652570179048575
2.54061695371034
2.544602411535551
2.503948854106777
2.483195093723963
2.48543089796912
2.4572433469430455
2.4430872241281114
2.440509892859549
2.423509560665994
2.407286766002763
2.396868835080345
2.3798036929571404
2.367173139216765
2.3586926853881693
2.358350982081215
2.3360713158013686
2.322418061067473
2.3098066426673025
2.3107308250553205
2.294290283940873
2.2884552810551986
2.298541913617332
2.2735639765577496
2.2620743220707156
2.2484653923871383
2.243233523841174
2.234671470129265
2.2257793438884446
2.2140589946845792
2.2110540968067243
2.2052952281708986
2.1982031166553497
2.196686421362859
2.1875717870469362
2.17993714337079
2.166460153629195
2.16492982011921
2.1616960606485045
2.1593110443286174
2.136781799343397
2.1366641718261645
2.126523102229496
2.1299751732709273
2.1225407455327376
2.11125681535253
2.1194534678504153
2.1023955002145946
2.1085802192957894
2.0915843968121512
2.0968216126257517
2.0820904256037944
2.084642618332269
2.0801551510702887
2.0629125448330394
2.071830156839119
2.0534724576293297
2.0526234614399246
2.0429878740940453
2.065736125662642
2.0461617235867484
2.0271027175323018
2.031063389665676
2.0224139077483483
2.0226858831801504
2.023327682940465
2.0072234365737662
2.0103011991617814
2.0068346852401517
1.994635650290633
1.9919628644326948
1.9895460647794436
1.9898658234555766
1.9905247539281845
1.969437466477448
1.973480723657698
1.9551472028471388
1.967014898387891
1.9574934553425267
1.9489596517018553
1.9487501146658412
1.9464125683847464
1.9351482789893195
1.9377673217710458
1.9406486117052582
1.9214563395054836
1.9220038281296783
1.9227942141159526
1.9262014978899147
1.9239368888567079
1.9112026674567528
1.9145192619202271
1.9055325782523964
1.8972760073418886
1.899104410747312
1.9015069367750637
1.8869606450481236
1.8826940917181518
1.8907833709469382
1.8808523455880723
1.885744572810407
1.869573472524589
1.8656644250424403
1.8749921125061106
1.862854247666755
1.8635401115664896
1.8770588259651977
1.867482839890246
1.8476063073524889
1.857684631111487
1.8446379407959164
1.8381773047852066
1.8363579646596369
1.8387746720943812
1.83006056412211
1.8457419006329663
1.8303163740432487
1.8365662013584714
1.8151207455205467
1.811738593960708
1.8147340034538846
1.823088619506584
1.8135078709642842
1.8055661764909636
1.8028046688381232
1.794060785815401
1.8005921958752398
1.790213092880429
1.7887971966334109
1.7946760373295478
1.7843686117316193
1.7795134690010324
1.7820548603557191
1.7706090872580151
1.7709104832050935
1.7666192490537211
1.773493473259908
1.7747460241025348
1.764549916082958
1.7615593337225464
1.7620371928754843
1.7554981986869056
1.7535099224099573
1.7472181559171316
1.743508683623008
1.744643457093329
1.7337549929067773
1.740066647810756
1.735441729426384
1.7275034343858935
1.73008864077757
1.733723356195216
1.7331145886542663
1.7279722069231969
1.7314826736472688
1.7260447147319902
1.728826009721126
1.7079658941277918
1.7029043610365886
1.7079655975103378
1.713422009123946
1.7127768242696546
1.6962932986470889
1.6959167597991116
1.703227479783994
1.6914259445554805
1.6813988933023416
1.685998335199536
1.6834952977468383
1.6810010784077194
1.6805557974104612
1.6770860291314575
1.6784245155329973
1.6745386193945724
1.6777245573840052
1.6646898065535527
1.6670562276300394
1.6590558535085533
1.660931553761914
1.6653632487890855
1.65761872563722
1.6528325362025567
1.6458898254160612
1.648380331554503
1.654296027039582
1.6526788430956174
1.6717613673997376
1.6452674328718546
1.6393410642192048
1.6420611905039482
1.6394843267944623
1.6241292093160018
1.6349053340700437
1.627697101179159
1.6357879430617925
1.6252243732506375
1.6227633480755788
1.618458870165753
1.6161083705582708
1.6142914778781388
1.6234379450105272
1.6140489069358357
1.6118365472780083
1.631744183178218
1.6064350250756965
1.6079491076042067
1.6011345920697697
1.5964595526456833
1.6136216900821
1.6024269219839349
1.5930490507832114
1.5943999040239263
1.594190720679625
1.5886159837245941
1.5796822697486517
1.5899481149214618
1.5825238064774927
1.5757416441755474
1.5777174521167323
1.574765513809222
1.5697095326657564
1.5760231636605173
1.568989745569679
1.5626834799658578
1.5802196157428454
1.5648558176351044
1.5569565138726864
1.5542585442088686
1.5531581803312842
1.555068516506339
1.5558388174142477
1.5583848469662216
1.5484812588624235
1.5527672672046806
1.5595658677366544
1.5479526694090862
1.545558896548343
1.5392817143561706
1.5331768177027971
1.5496767424749878
1.5290499118701466
1.5481149211244762
1.539497102487762
1.524184379094052
1.5265830617468312
1.5336451176202521
1.5298037630207133
1.5129875786743074
1.51839915845754
1.5231138456542537
1.514088271923785
1.5140879502836264
1.514476625705665
1.5069180516139515
1.5144914838502992
1.5151393728436164
1.5418199725308508
1.499643790553201
1.504708469195186
1.4986333543399595
1.4960417441039715
1.4978781185060177
1.4974509103680558
1.5005629692437514
1.4946922367473818
1.4901915999516002
1.492840530456237
1.4838050227120239
1.4822125224009999
1.4828757975461349
1.484243389851642
1.4747600658041127
1.4876619397469286
1.4826921230217196
1.480492648932169
1.4743946942518342
1.472418357460004
1.4620763721331111
1.4597439380749218
1.4637393062969424
1.470848652270605
1.4594384291261997
1.463148126343511
1.4552060441588455
1.4586003043179243
1.4607071724702727
1.457188366156704
1.4734009403102803
1.4497053749718756
1.447384368136244
1.4459880050623193
1.4409673824062887
1.4504071746794682
1.4431225854270864
1.444687841916984
1.4399328060307592
1.441209057310842
1.4361613215702884
1.4376964290749352
1.434263231338195
1.4241341105047263
1.4324243327356734
1.425741099524048
1.4327251711544
1.428095651966221
1.4229684458026346
1.4236177287574083
1.429916094496565
1.4234584744246501
1.4132805126455594
1.4114378462984878
1.4131530607646365
1.4077634496508904
1.4047085288560615
1.4141805126981914
1.417275364106556
1.402491161564611
1.4053780894796803
1.4100504421962883
1.3992223001594812
1.3984930529347006
1.3944330867731347
1.401102195089718
1.3929761212389424
1.3994225229857102
1.38693554882171
1.3879795307820697
1.3940602594389107
1.3903676372654032
1.3793109303937767
1.3899264824840258
1.3780334257292297
1.3814626701597899
1.3826855201766175
1.3814716566846055
1.3795160266026012
1.384425753411257
1.3804591551141918
1.3839036141926389
1.3837621403190326
1.368894229520042
1.3692508030612514
1.3578083172159374
1.3715490888593331
1.355832824659235
1.3657353866212774
1.3686041660466284
1.354333204480837
1.3544784281051383
1.345647644532739
1.3613188446692701
1.3652901337394174
1.3456876204823547
1.3564388349933445
1.343785157462336
1.353033722571607
1.349480410791793
1.3367490842938423
1.3457943960180823
1.342903216070724
1.3375329276863135
1.3433103527662889
1.331574420813682
1.3401086788694814
1.3343964725170496
1.3335103912735886
1.32918518641085
1.3282723865419064
1.3278687216763227
1.3281874246192429
1.3223422664516378
1.3257785810614533
1.3215113976654016
1.3209850282039282
1.323792871720386
1.3188683536817443
1.3164715556041249
1.3150930268303402
1.313905009683573
1.3074805430083905
1.3059004640804146
1.3125587274443429
1.3040708323132317
1.30892092186325
1.3048201113376978
1.3003320480292697
1.3028209743634709
1.3031328846261185
1.2941674292087555
1.2977566605187811
1.3022485520198661
1.2983880847130183
1.2958135067854288
1.2840794587753854
1.29787144824019
1.2966818781393878
1.2937038940078807
1.2823829723978943
1.2912437187613182
1.2853199901445858
1.28890416700885
1.286183554890021
1.2782951582152888
1.276357132027734
1.282139874573024
1.2699675357566689
1.2772920522487388
1.2749393180293858
1.268068309662477
1.2663793718477465
1.271850047527619
1.2660212573015466
1.267041377442063
1.2642531456812374
1.2709120928116564
1.2582611469727643
1.2671419235895265
1.2618883291505418
1.2566234098290496
1.2493951274257786
1.2649446956391603
1.268246682466201
1.2607424959259212
1.2487026365860454
1.25064188832382
1.252931852385683
1.2508138010524354
1.2596246858812727
1.2463503229730535
1.2413715751103636
1.2405840760132052
1.2468143771841842
1.2401312519356888
1.2492927031696968
1.2425476385737366
1.2365288841274549
1.237017404498919
1.2300420850515366
1.2330895985634822
1.2340583050588392
1.233871098396913
1.2286321350707199
1.2272670224027813
1.2380387088600195
1.226948746532764
1.224138983296898
1.2248185889900856
1.2290009707212448
1.2204909470143184
1.2283132104378827
1.2167747031967595
1.2156995405566018
1.2221413607586105
1.2137735612549871
1.211944378350141
1.2235524522246055
1.2076949859565158
1.2068252015226293
1.2045130854788817
1.2158972141596507
1.2054689534992542
1.2016067651082885
1.2091156207727936
1.2049827958053012
1.1996544051282811
1.202038513320797
1.20359553762202
1.1945042095656664
1.2055511793719147
1.2022597623883553
1.1946858548611965
1.1899910687275652
