197.68918109893798
40.50990892410278
11.419800503253937
7.162425739765167
6.953353455066681
7.225782146453858
6.967952518463135
7.019900062084198
6.965506290197372
6.640751438140869
7.231726450920105
6.881762648820877
6.988250043392181
6.741884115934372
7.0052224326133725
6.628941410779953
7.241590704917908
6.936450574398041
7.133312945365906
6.464056866168976
7.084503166675567
6.699426400661468
6.267232464551926
6.788940081596374
6.564329392910004
6.667586096525192
6.447719235420227
6.301978926658631
6.590939881801606
6.333781177997589
6.539806337356567
6.465178982019425
6.641571509838104
5.970922375917435
6.943885236978531
6.584183639287948
6.373764153718948
6.828405475616455
6.61709742307663
6.466063749790192
6.825100336074829
6.6314572548866275
6.55007924079895
6.253903695344925
6.745978614687919
6.577042124271393
6.558606262207031
6.544403603076935
6.19184157371521
6.665359025001526
6.563765765428543
6.394888857603073
6.8782082009315495
6.2441751718521115
6.156914747953415
6.470106918811798
6.511405259370804
6.023318594694137
6.543680531978607
6.577479846477509
6.872841317653656
6.5231300282478335
6.455667650699615
6.353300447463989
5.949625518321991
6.235822223424911
6.407771499156952
6.395750861167908
6.553654155731201
6.332570102214813
6.671227996349335
6.317649400234222
6.307422251701355
6.415398025512696
6.416314113140106
6.3606493973732
6.232161499261856
6.312934104204178
6.350209631919861
6.64548956155777
6.347065895795822
6.27264529466629
6.201289727687835
6.375617372989654
6.280570718050003
6.209160542488098
6.232666672468185
6.299271748065949
6.259379506111145
6.32346720457077
6.335259011983871
5.935979063510895
6.1301245737075805
6.4394070696830745
6.181409311294556
6.114373100996017
6.163645005226135
6.077164225578308
6.640830255746842
6.35561284005642
6.362054233551025
6.145648928880692
6.0920078146457675
5.855701147317887
6.124395489692688
6.12918696641922
6.024875581264496
6.372910031080246
5.828093601465225
6.09188946723938
6.207676041126251
6.1490422010421755
5.637089282274246
6.3877631020545955
5.933086792230606
5.981297028064728
6.045293281078338
5.862556829452514
6.064089608192444
5.929000942707062
6.276042485237122
6.326930643320083
6.00962666273117
5.906482980251313
6.142091267108917
5.903557835817337
5.582357594966888
6.265477502346039
6.351679770946503
6.067555422782898
6.319008401632309
6.1056460189819335
5.82805226802826
6.305886573791504
6.084992005825042
6.010569812059402
5.899112024307251
6.0516583895683285
5.662275938987732
5.901525197029113
5.573535202741623
5.870881686210632
5.8075043082237245
5.94428898692131
6.023459708690643
6.271619825363159
6.066779444217682
5.977554727792739
6.198774030208588
5.958878028392792
5.92961825966835
5.7169237744808195
5.707498723268509
5.969990717172623
5.859395227432251
6.264312299489975
5.870250406265259
6.001536922454834
5.958921489715576
6.200893807411194
5.897578804492951
5.957722709178925
6.066776375770569
5.741831560134887
5.6541448283195495
6.0959232759475706
5.993453468084335
5.717429525852204
5.6956991481781
5.905975838899613
5.832986528873444
5.865356540679931
6.12038765668869
5.360707460641861
6.229500141143799
5.559990229606629
5.574762449264527
5.658973248004913
5.7182600772380825
6.236238598823547
5.9110341334342955
5.699426493644714
5.694216251373291
5.788495626449585
5.422738428115845
5.975568671226501
5.818642299175263
5.569854028224945
5.624744697809219
5.582858123779297
6.014920201301575
5.822027835845947
5.432192757129669
5.497583882808685
5.607372152805328
5.435593966245651
5.736208354234695
5.409565757513047
5.773214362859726
5.809723453521729
5.624852474927902
5.614767724275589
5.534264125823975
5.863138824701309
5.7616341745853425
5.660190861225129
5.487504442930222
5.76328720331192
5.825650117397308
5.8038221454620365
5.860954809188843
5.946019566059112
5.833869639635086
5.465945430994034
5.905013691186905
5.936711823940277
5.469434646368026
5.477912247180939
5.681158739328384
5.498912556171417
5.891612648963928
5.580984449386596
5.322062314748764
5.4925919842720035
5.595111672878265
5.726344978809356
5.652604991197586
5.547752326726913
5.5497377693653105
5.523200006484985
5.7117503237724305
5.7265924763679505
5.377609049081802
5.6689821565151215
5.593085007667542
5.691678832769394
5.720569837093353
5.853044102191925
5.575203242301941
5.539511685371399
5.492016611099243
5.415831735134125
5.74433708190918
5.66555959224701
5.713096103668213
5.400820947885514
5.606724410057068
5.461787648200989
5.483080102205276
5.450903939008713
5.621403343677521
5.436132868528366
5.500483276844025
5.381160720586776
5.536507802009583
5.662882664203644
5.540895110368728
5.721573935747147
5.367360261678695
5.697404494285584
5.838906873464584
5.677289657592773
5.466169893741608
5.754426894187927
5.618412632346153
5.424739708900452
5.3661901569366455
5.827914636135102
5.512502275705337
5.454138362407685
5.587927992343903
5.513625891208648
5.831274859905243
5.331143429279328
5.487768452167511
5.472250702381134
5.8294624328613285
5.696348662376404
5.650824843645096
5.054158585071564
5.306810330152512
5.261662788391114
5.44130938410759
5.2726449239254
5.401419997215271
5.448953083753586
5.259536025524139
5.466368799209595
5.474280270338059
5.603418654203415
5.722829501628876
5.569624923467636
5.44331808924675
5.666283276081085
5.419706132411957
5.4896231973171234
5.2886249995231625
5.501340044736862
5.366127851009369
5.418001184463501
5.5073673379421235
5.625491490364075
5.189591581821442
5.341447087526322
5.400457985401154
5.593441289663315
5.399162727594375
5.1542603874206545
5.3408616614341735
5.397764010429382
5.711071121692657
5.348531382083893
5.1950442612171175
5.544906821250915
5.38170352935791
5.515766841173172
5.399416842460632
5.399964126348496
5.28083260178566
5.594116703271866
5.300075948238373
5.110723102092743
5.185481442213058
5.128828997612
5.114717156887054
5.596975020170212
5.331536810398102
5.563765711784363
5.3065589892864224
5.099471687078476
5.239753823280335
5.098784470558167
5.076858122348785
5.175838975906372
5.207357450723648
5.145098098516464
5.231040031909942
5.225661807060241
5.369142098426819
5.2459124565124515
5.231091151237488
5.262120494842529
5.203944491147995
5.160022804737091
5.281605939865113
5.3460842847824095
5.069898223876953
4.938622571229935
5.307033537626267
5.284174968600273
5.4370186221599575
5.48991273522377
5.277949107885361
5.25815710067749
5.370019263029098
5.217146902084351
5.117290691137314
5.298625934123993
5.151031841039657
5.166016666889191
5.286112902164459
5.29833175778389
5.466490533351898
5.436591111421585
5.33773748755455
5.367401316165924
5.178044145107269
5.194140207767487
5.195184384584427
5.297295613288879
4.964507369995117
5.333123650550842
5.316060749292373
5.435787987709046
5.096786143779755
5.194686620235443
5.0474387383460995
5.205042669773102
5.150205992460251
5.329313238859177
5.336454124450683
5.415799942016601
5.077891629934311
5.372470111846924
5.360854754447937
5.0048283517360685
5.214268066883087
5.304890335798263
5.13945272564888
5.187350289821625
5.1312236499786374
5.219986124038696
4.955647062063218
5.123064506053924
5.213278965950012
5.194580293893814
5.27772603392601
4.9694281470775605
5.001334199905395
5.10948616862297
4.8232390832901
5.095182344913483
5.170640723705292
5.372725713253021
5.1291503798961635
5.293705741167068
5.120478650331497
5.141851818561554
5.100983382463455
4.968865156173706
5.345786743164062
5.0944706106185915
5.008728952407837
4.94111590385437
4.897540444135666
4.866516746282578
5.181980652809143
5.153808972835541
5.186061074733734
5.33773786842823
5.224082676172256
5.050121883153915
5.073912696838379
5.137218691110611
5.1514678537845615
5.089731781482697
5.04651660323143
4.92968897819519
5.263580703735352
5.317276504039764
5.128377993106842
5.307510682344437
5.411799827814102
5.149082787036896
5.12163896560669
5.188843718767166
4.915392099618912
5.045049070119858
4.8300079047679905
5.057048473358154
5.054090008735657
5.140185928344726
5.123896149396896
4.967383736371994
5.399702804088593
4.685449793338775
5.157049227952957
4.964183114767074
5.020368764400482
4.930563031435013
5.024487787485123
4.924292839765549
5.000943421125412
5.221717983484268
5.15635464668274
4.946866601705551
5.106193351745605
5.137974195480346
5.174399013519287
4.651056576967239
4.973974034786225
4.722555147409439
4.866521544456482
4.874596703052521
5.062885749340057
4.977032613754273
5.05838630437851
5.210234312415123
4.971444275379181
4.991699235439301
4.857454072237015
4.818464294672013
4.996219662427902
5.165249136686325
5.077956383228302
5.15017844080925
4.969709107875824
4.99519629240036
4.936488981246948
5.13383808851242
4.988248316049575
4.960052785873413
4.746145426034928
5.134896532297135
5.202973965406418
4.9369205272197725
5.015592066049575
4.7886309552192685
5.0288504791259765
5.033584561347961
5.03017278432846
4.916774456501007
4.9285611820220945
4.833706871271134
4.954867715835571
4.998180288076401
5.268699632883072
5.116351728439331
4.910100402832032
5.149451055526733
