8.622348420387876
5.090072995793503
4.5206238136882275
4.173690438270569
3.936336961995184
3.732160667930029
3.569992255848066
3.428330327029777
3.3278757412876705
3.22973411906082
3.149354262162099
3.098291435072907
3.034467746198705
2.988640004554681
2.9354642587425435
2.9082919063821304
2.860853041167808
2.8288045499177104
2.791452123528033
2.7639384665320406
2.72485740100388
2.7029352747233566
2.675851999130924
2.6556529787789405
2.63316467958214
2.6040516706694543
2.584543427007388
2.563644173925957
2.5478259667886043
2.5258923215148723
2.5066956693092277
2.4994906044639316
2.4791932227337257
2.456378319094666
2.4440611094500113
2.4343389768516066
2.4153627922049665
2.394932891151546
2.3861158616774905
2.3754188418388367
2.3549793602618494
2.3641273500645057
2.3373247263705834
2.32903150093239
2.3060747218870485
2.2970117003516815
2.2922950766782844
2.2827015176283574
2.2681358522545976
2.2589395157003826
2.2479154583627143
2.2432445292979217
2.2240064940621367
2.2246749205926877
2.2117645735234284
2.2065956291899216
2.1970476104622394
2.1839114103169566
2.174465097157301
2.1800323882989123
2.1754402025083523
2.160211391153589
2.1483899249439746
2.140568480554935
2.1441071919635335
2.1269476693288416
2.129165118247007
2.1203494232840243
2.1108371810575504
2.1081157500764967
2.1039797819293704
2.101975121856791
2.0897241809726816
2.082344083131942
2.073810380644503
2.070949105562362
2.072940643118546
2.0542230925201315
2.0553908930943074
2.044601013175154
2.0425463735529807
2.0413209292213472
2.0295995494960684
2.038870473351099
2.0225262256850183
2.0106473604662227
2.0160196191441697
2.011530249783423
1.9995305411583555
1.9964977112491573
1.992513475164903
1.9867736728845444
1.9886324168306537
1.9903574237781287
1.9857970779448484
1.975008227656373
1.9657126232586075
1.9602766793913546
1.9587131274484955
1.9575726503292017
1.9660230289518306
1.9587617355637845
1.9521274421594839
1.9412910571668
1.9335732974309836
1.9348426047152123
1.9260949943445425
1.9301638415956919
1.92878501262285
1.9146983636691508
1.918567770350296
1.9159870783312132
1.905840884795231
1.8961450932300197
1.9052310456744337
1.8929256849584326
1.900779255459794
1.8902015308890723
1.896430985589998
1.8836785122356583
1.8770272998155746
1.889451589995781
1.8724481117936362
1.8632993394822146
1.8727855418635682
1.8653887349419889
1.8646573949176652
1.86276364431972
1.857811544585017
1.855539228272649
1.8496113414258029
1.850490278902307
1.8600979531760764
1.8463223407753802
1.8308212672714639
1.8284939991689362
1.8274219489730565
1.8285904648029698
1.8233097053207128
1.8217623175772946
1.819854261073391
1.8191225267617048
1.811313316885349
1.8156059381708634
1.8055211793532413
1.8123701127757013
1.8080274792371598
1.8162857117378606
1.8045346581302912
1.8020212486781906
1.794706911903567
1.793347812859358
1.793089397449409
1.798188709052263
1.7835439849743802
1.7783792050538865
1.7777530010295126
1.78101898347382
1.7794582042018925
1.7712325102987543
1.776228464018982
1.774096780118689
1.7668964588536626
1.7565056077674426
1.771449043687466
1.7528875678513958
1.7623018358661011
1.7467347533829445
1.7604655939920815
1.748497409894403
1.7431084289487484
1.7428708300653812
1.7450733314045763
1.7435683070030887
1.7381087639163026
1.732003323799741
1.7283995512839967
1.7357917172191417
1.7335348195206803
1.7287638055539765
1.719840696163937
1.7338581409602039
1.7257273445087196
1.7156437253002572
1.7119095177777046
1.7110431893209441
1.7126207169705787
1.7172425808632268
1.7079440967171593
1.7011164020648044
1.7125276828234175
1.716438790074492
1.688671863184566
1.6942106184706223
1.6977568975592081
1.6902642049620638
1.6855214045638531
1.6892821783513094
1.687872397161163
1.684031098817302
1.6881034717095638
1.6795110143391432
1.6778635622653286
1.6741643218340072
1.6678818158343829
1.679612351993544
1.6687725101952005
1.664707003441532
1.6721083862064159
1.6580718655501847
1.6727790439550856
1.658734230604847
1.6727687835165885
1.657963011644583
1.649998114699811
1.6516786924505655
1.651880251622833
1.6624747657142909
1.6514001098354305
1.645364314845178
1.6566715248390638
1.637562472735886
1.6425643761073594
1.6425254595490684
1.6466446859119213
1.6251371935405563
1.6296217059139657
1.627598341323633
1.638484626217226
1.6236664626450665
1.623812616926379
1.630777993297155
1.6122172754422752
1.6154828580607354
1.60997080249069
1.6229987439856064
1.613564539799648
1.6131944107798348
1.6011326080929917
1.6203840694068807
1.5999883706063296
1.606502076165866
1.6038670215458997
1.5980906483873856
1.5994756954961118
1.5951193942960384
1.5965635966410678
1.5898705939803504
1.58877548206169
1.5970428527983944
1.5913158605056525
1.590928231720376
1.5922389610678749
1.5821166249503076
1.58569238803028
1.5798901910275485
1.577046531491575
1.5766530891435335
1.5813501973067765
1.5733420767087851
1.58522701738155
1.574116756167032
1.5685972887857826
1.580026693576205
1.5671857508410394
1.5735704867185745
1.5682491256599933
1.5734219677680361
1.5634254441324589
1.5639892642476918
1.5523682998872437
1.5593409894314487
1.5446274897693533
1.5478010992560767
1.5515968158709263
1.5433564281041643
1.5428425477141827
1.5539636886225336
1.5458225813587154
1.5405355805316858
1.5427669099474375
1.538936799078916
1.5342786681335585
1.5325109953373934
1.5326635391838783
1.5365089006656039
1.535735122661675
1.5358171792684403
1.5297957083820242
1.5205303330337052
1.5381679403043427
1.517208526092293
1.5346157542899646
1.5211428103193771
1.5205247109442686
1.520049896915402
1.5304801400783843
1.509935754062855
1.515624262590324
1.5087654229286498
1.5084182540927313
1.5108707834661534
1.503646686013821
1.5098594804253198
1.5019113817046175
1.5045100701066245
1.5043281593681437
1.501708409691279
1.510094030504733
1.4929241295409414
1.5012626415860337
1.4998730167878414
1.4828942460296428
1.4982601169463807
1.4933191118514644
1.4922141480234872
1.497540177760926
1.4910303660198652
1.4832542264356023
1.482955454197605
1.478954037997575
1.47894814135754
1.482831068007292
1.4811097982182968
1.4816339688490978
1.476258840708606
1.4882499839352294
1.4823200644645016
1.4766925913570201
1.4903096970731178
1.474400289027037
1.4620954019833454
1.4681092329257357
1.4733105497022645
1.4537309977860577
1.4670436548448242
1.4586039285744186
1.465989431976217
1.4701851732962954
1.4667772371157082
1.4587319524942246
1.4563667559254485
1.4659813133488715
1.4541795092873868
1.4450840430449596
1.4461669716159855
1.4435197697804036
1.4526500593771976
1.4459405169550297
1.441953659585092
1.444501147597237
1.432489886484315
1.445411455051034
1.4330596826245299
1.4369385896530826
1.4437071870913547
1.4293618030780184
1.4333860147579582
1.4333709182992447
1.446306284550017
1.4376192338171259
1.428303315048724
1.4281103426376276
1.4213545841980824
1.4260450356302008
1.4291508292729875
1.4135986748522362
1.4162037224896187
1.4153404502214584
1.413187779420245
1.4251157768004763
1.406849879606635
1.4083890656454374
1.4071993566719831
1.4163063226547916
1.4090688523993027
1.4120349306448372
1.4165868756517899
1.4006850400329691
1.4101657295121557
1.4158035239814657
1.4154681500080413
1.4004024285658272
1.4025472924772617
1.395649271728718
1.3953626013435094
1.4161435697985962
1.3970885147563123
1.3930093535279806
1.3956968731584802
1.394674181674434
1.404296460932335
1.389508232078721
1.3844693150140543
1.3825471024070166
1.382260720814224
1.3801279653490117
1.3892603062950404
1.387651793988405
1.378977946739281
1.3813644215068985
1.3848506518169843
1.3774206989106879
1.3772906608286157
1.3711296881722137
1.3807373642921448
1.3655345967385621
1.3742073769063021
1.3758828297125554
1.3756099665059454
1.364132977692427
1.3613064734809166
1.3675058734627952
1.3838157189630829
1.3614823327655285
1.3561870621896424
1.3611234555729723
1.3591291007742416
1.3603723959057732
1.3519767986989655
1.3561446690453893
1.349216221708112
1.3621682176547767
1.348848211290562
1.3498155551146618
1.353690677248271
1.346397325264669
1.3515141812046017
1.3486033082008362
1.3599612749783339
1.3419432281392865
1.3455236870630654
1.3493697540422456
1.3422734154536662
1.340039293322943
1.3326670530095566
1.340899092433727
1.3304606243572403
1.3519486842957218
1.33484472927794
1.342461561075354
1.3389144985549217
1.3345789824966836
1.3231508953381428
1.3227839491008657
1.332828799971437
1.3241607792082086
1.3282093954297294
1.3213026396996153
1.3313093931801552
1.3273062450168407
1.3236984220226253
1.3191572796981947
1.3242766036924007
1.319412862173224
1.3123228666001716
1.3182147743955124
1.3148906204552777
1.3142636966916312
1.3110674938796896
1.307246648896057
1.3152534740161053
1.311549482224262
1.3087929885471816
1.3082864928034554
1.3093349838678816
1.309307636412899
1.3011063809415935
1.3096838274360758
1.303263388903795
1.2971860109704785
1.2974163742192024
1.300298337651565
1.3052418118557043
1.2958291890346898
1.3035261583539237
1.296207375758517
1.2944128762567992
1.286755271453773
1.2920515015061977
1.2949218626043437
1.2879098867420602
1.2945980936025097
1.2896158033240157
1.2722837779901723
1.2832303951799342
1.2772635115986377
1.275080909771202
1.2822341159381698
1.2767031646407812
1.2790383699193466
1.2878130951286417
1.2778817573479846
1.2857571515889294
1.2707936718928075
1.273544755393425
1.2729164435800198
1.2700193203919756
1.2640073861168548
1.2643033767168501
