5.62891460430952
3.924146386945672
3.515683942632713
3.33043458032985
3.096077461487691
2.931910973645953
2.826038732123469
2.733688769133195
2.654307831535226
2.567774276606179
2.4950745565146795
2.43653631269225
2.4147978245976414
2.2657725363380825
2.2725409497856623
2.2082389689716897
2.140473677117834
2.09658002287974
2.0589958924078657
1.9872080750851764
1.9385579849184738
1.9394259264346638
1.9440752045203575
1.8423904520956425
1.8053332726239215
1.7848654780463267
1.7392792382494735
1.6906168683479896
1.68236179231655
1.6354331676903449
1.6335356578289755
1.5789161905823017
1.551093245919043
1.528127377683466
1.4902050953373136
1.4748101136076592
1.432314103830002
1.4367968432399123
1.416377143426375
1.3652353549427665
1.3169445523278045
1.3171594252463856
1.2759304946590317
1.3021808524612382
1.2462832937716495
1.2299066880357123
1.2154101626910712
1.1896714444452594
1.146981538461131
1.1414913344877982
1.122188907602559
1.0915551805802486
1.0810745083414048
1.0650263894570204
1.0319342739850637
1.0268964493580959
1.032658138647381
0.9706220603860886
1.008716809949856
0.9685357525179037
0.9238048448216303
0.9307952379520703
0.9165178516165541
0.9091666803176224
0.868152208773515
0.8517004834569019
0.8609749619727549
0.8452475310078723
0.8249239994014205
0.8288378217533643
0.7835712855748037
0.8010135390482872
0.7844914861406262
0.7410954500846711
0.7784237924065043
0.720638476989486
0.7107251813348103
0.6951064525444517
0.7075688224064974
0.6886559087532782
0.6675870150857763
0.6468280549400409
0.6716737078407066
0.6552527652604306
0.6344711096449331
0.6342252542378874
0.6139912334355441
0.5955229328849571
0.5908061505659766
0.6143855659858041
0.5883561321221321
0.5544592455736262
0.5634401040998372
0.5408953129067251
0.5299918352968608
0.5433516072425918
0.5131222000235154
0.4974444582763868
0.5133838695087451
0.49967096569274255
0.4749330500133424
0.4809833606300147
0.46485375264004286
0.4502799921179477
0.4396628841109898
0.44553305208683014
0.45025056297246646
0.43333411101884994
0.419862330136563
0.40231795201129594
0.398372833819493
0.3931323841744261
0.38942167289525625
0.376715001410882
0.3813390925438272
0.3689025924449028
0.3678176975974688
0.368649516239939
0.3435446336246997
0.35330313214435877
0.3381597995463567
0.33526972601771826
0.3389458047012567
0.3338671321189215
0.3083081549335374
0.3308118902765244
0.2909605217574849
0.3034846635586895
0.3028632743585958
0.2869269645702933
0.2924329698851457
0.2986960227457667
0.2793940115764207
0.2788460351556186
0.2645469536275967
0.2782078792631862
0.2627341057442629
0.2571664569906802
0.23962291801282068
0.2515978410162709
0.25972302298506966
0.23563451869155577
0.24866632043785258
0.2356307498021088
0.2263282118033868
0.22765585775726396
0.22276109209644937
0.21743067467342253
0.21803008075509028
0.20541430454657011
