9.505495349693911
4.779433883079762
4.19949660002227
3.866999635934063
3.64683684371292
3.506559148478738
3.3920518593006195
3.307857307973782
3.1915504098705156
3.1431211386462885
3.0610654290849375
3.015557185438285
2.9462705405962044
2.921892923749145
2.863930438492459
2.8310747298972014
2.7675713236500594
2.7321801020784777
2.7089027197031346
2.672180060309229
2.6391980016538183
2.6080218210480988
2.6000180647879167
2.5570584933282476
2.514246040985132
2.4851672580387816
2.4820987631078704
2.4634611619055464
2.450787293661829
2.415869053537056
2.3918269369571536
2.376081553015295
2.342046004974574
2.3236826281647205
2.326733637852684
2.2960400937837804
2.2690405918470917
2.246104123124739
2.238978650696408
2.2231375423658317
2.203830680375697
2.1879941143598587
2.1767132154806634
2.1486101542446776
2.156064722603157
2.1364894755591917
2.131098830096208
2.0954445600509644
2.0795125305365136
2.087584171839466
2.0607998856010927
2.0412931086741075
2.0418940561185694
2.0027464326363282
2.026310189073109
1.9945620447876369
1.9814502768386215
1.9851225217822281
1.9609761589784713
1.9667427766936385
1.922091378755508
1.9225635889354626
1.925773872152402
1.8841361972680046
1.903656626437638
1.8739717078553901
1.8757375702022356
1.8612834983699957
1.8596947850521737
1.8431994015189228
1.8441217519175201
1.820694362043951
1.8251761082092666
1.8030515260443427
1.8082378678191513
1.8014067034821035
1.7705843450555465
1.7643326314890884
1.7571513357653112
1.7694111725141763
1.7542108239851582
1.7382893037182725
1.7328009097522479
1.7154157574728754
1.718561266012897
1.6984403208137708
1.7043076516922646
1.6961345365001457
1.7088124830623148
1.6701900836355816
1.6586325486756597
1.658329794932025
1.6405947011958364
1.6410957002754762
1.6334813727347415
1.6222840071778588
1.6052544506033133
1.6125478835542868
1.6145511560884702
1.587673685366701
1.5932891874834656
1.5830959964220164
1.5695455574529347
1.5724149006164343
1.5675811442244092
1.5559248481532768
1.556235897579377
1.5403909760847736
1.5304529721522255
1.5349167507752728
1.5267184482126757
1.5141954944735554
1.5058605832877265
1.5093436007331038
1.4914898137379307
1.4922854275086301
1.4958588165198108
1.4825060047520702
1.4628075310463307
1.47945181862526
1.46468908490667
1.4417016393118733
1.448975259324362
1.4399912447887218
1.4381310328409986
1.4422920243245612
1.4189384229888486
1.428808691129807
1.4152638514517204
1.4138995498610463
1.3978109535105359
1.401585491428038
1.3917542672042296
1.3926580146769618
1.4001555892719717
1.3707030062890129
1.3707619275885763
1.3697971842009156
1.3544290143385578
1.3622940626845865
1.3503072831025078
1.3542256272874078
1.3489586163755398
1.325962261659156
1.330532459392425
1.321360793527683
1.3306332755702102
1.3092579549819328
1.313144397170214
1.2977698584269863
