282.8628515625
59.89665463447571
11.508730165958404
7.644912605285644
7.521633286476135
7.196583094596863
7.422561888694763
7.389506882429123
7.270785202980042
7.095878479480743
6.816011447906494
7.035502562522888
6.943235447406769
6.92385803937912
7.061450345516205
6.889529237747192
6.916183922290802
6.758430426120758
6.733105962276459
6.666880041360855
7.020329501628876
6.660901254415512
6.520485489368439
6.320777772665024
6.63696702003479
6.448723475933075
6.271296060085296
6.200381704568863
6.680150535106659
6.296321029663086
6.671911785602569
6.632046887874603
6.597872495651245
6.371411876678467
6.665861113071442
6.2684171783924105
6.538955157995224
6.341647818088531
6.516288815736771
6.319293935298919
6.666929718255997
6.2140806913375854
6.166420159339904
6.285983475446701
6.301797041893005
6.65960168838501
6.2694221377372745
6.359518262147904
6.026890456676483
6.027543251514435
6.019208221435547
6.1151357579231265
6.554646508693695
5.928184688091278
6.131829640865326
6.2746913266181945
6.27108747959137
6.4713920307159425
6.133257796764374
5.870910704135895
6.0784860932827
5.898393681049347
5.907668175697327
5.818501063585281
5.961438670158386
5.785390133857727
6.278568632602692
5.58174968957901
6.063962296247483
6.261180124282837
6.0315333843231205
6.217656404972076
5.826044694185257
6.196780242919922
6.183748055696487
5.9189177775383
5.979675555229187
6.015749045610428
6.066838523149491
5.737550848722458
6.0006912899017335
5.684080055952072
6.121658179759979
6.003435242176056
5.679905309677124
5.952058124542236
6.103831150531769
5.820651895999909
5.927290143966675
5.6957335293293
5.850192309617996
5.9467174243927
5.753021533489227
5.951301245689392
5.615358548164368
5.983042229413986
5.986767694950104
5.740548856258393
5.529810374975204
5.876157952547073
5.668426970243454
5.838298826217652
5.654500272274017
5.67800177693367
5.800168356895447
5.530076866149902
5.8972803139686585
5.6621949207782745
5.4992257237434385
5.542578213214874
5.529339861869812
5.6730449414253235
5.657800618410111
5.960189464092255
5.642825675010681
5.873329420089721
5.9588379335403445
5.566428629159927
5.529871886968612
5.6797783350944515
5.727060521841049
5.8268192565441135
5.593843879699707
5.626433749198913
5.892474781274796
5.586433234214783
5.402490518093109
5.621305031776428
5.664108153581619
5.6386607336997985
5.569343153238297
5.62389075756073
5.419175591468811
5.673198380470276
6.06722813129425
5.734208017587662
5.923568892478943
5.545205519199372
5.740260162353516
5.339351395368576
5.662845833301544
5.4796223855018615
5.285188868045807
5.528424985408783
5.574678030014038
5.405225298404694
5.518951189517975
5.634726084470749
5.621797446608543
5.385318498611451
5.267664349079132
5.679956181049347
5.561675223112107
5.601240018606186
5.544146518707276
5.440734666585922
5.361568863391876
5.315484118461609
5.290184255838394
5.56379976272583
5.462961499691009
5.594780417680741
5.22965440750122
5.264142053127289
5.689718729257583
5.405950425863266
5.611207780838012
5.502492036819458
5.42762556552887
5.502991441488266
5.4088075530529025
5.433603525161743
5.718280851840973
5.473038258552552
5.332080093622207
5.801283507347107
5.7362332594394685
5.159927028417587
5.446958595514298
5.7217534732818605
5.465329908132553
5.16851980805397
5.565690259933472
5.386979460716248
5.582332673072815
5.193261687755585
5.289406054019928
5.4412720894813535
5.309830355644226
5.249044251441956
5.386635094881058
5.735178505182266
5.619110419750213
5.384227724075317
5.398970814943314
5.468785835504532
5.521574492454529
5.708352776765824
5.27293735742569
5.268936089277267
5.421823755502701
5.267813494205475
5.375222438573838
5.322335501909256
5.2952899384498595
5.288396651744843
5.098228634595871
5.23808418750763
5.248034219741822
5.177129149436951
5.218352828025818
5.0707858169078825
5.163702983856201
5.34530468583107
5.426616874933242
5.203493558168411
5.412339299917221
5.137553826570511
5.400433890819549
5.186140985488891
5.263068550825119
5.288571820259095
5.165144972801208
5.1733391785621645
5.540076532363892
5.476687103509903
5.525105510950088
5.145241837501526
5.080805411338806
5.071489635705948
5.1037043344974515
5.548140954971314
5.194425439834594
5.340583045482635
5.34326047539711
5.085171389579773
5.07597580909729
5.546107497215271
5.350844137668609
5.476148153543472
5.065394538640976
5.138429615497589
5.366460516452789
4.9641119468212125
5.4282686960697175
5.0628156566619875
5.092571496963501
5.062669985294342
4.949928092360497
5.47407432794571
5.233316425085068
5.167591123580933
5.11139352440834
5.226713026762009
4.917248991727829
5.315180250406265
5.102231347560883
5.318128179311753
5.381064546108246
4.964533349275589
5.142730656862259
4.95122856259346
5.083017064332962
5.241208655834198
4.923583920001984
5.05262881398201
5.207823709249497
4.944743858575821
5.228441916704178
5.14530040204525
5.265488588809967
5.292285431623458
5.197530279159546
5.149739289283753
5.355162922143936
5.2486944735050205
5.17439261496067
5.256657520532608
5.0472503650188445
4.968030581474304
5.086270710229874
5.109484879970551
5.091857709884644
5.129631236791611
5.302108643054962
5.065972293615341
4.9262312269210815
5.067448490858078
5.427940323352813
5.385705704689026
4.901950718164444
4.895784261226654
5.162053799629211
5.091514784097671
4.933573285341263
4.921392939090729
5.142795432806015
4.890333813428879
4.977938929796219
4.867308160066605
5.049969406127929
5.020420581102371
5.220960705280304
5.214809222817421
5.298064190149307
4.992837917804718
4.874286062717438
5.173606666326523
5.030046367645264
4.966507648229599
5.074440679550171
4.927009114027023
4.908105922937393
5.030783675909042
5.033403973579407
5.043220397233963
5.055346907377243
5.010482052564621
4.907299065589905
4.965814230442047
5.125830544233322
5.222435750961304
4.821950339078903
4.863781479597091
5.07545163154602
5.1958836078643795
4.894353128671646
4.9780179262161255
4.681936761140824
5.228711122274399
4.97840965628624
4.949109899997711
5.257062648534775
5.012512264251709
5.321074601411819
4.980705676078796
4.8685843992233275
4.838564910888672
4.837313174009323
4.810522531270981
5.069055310487747
4.971347955465316
5.14202765583992
5.097540780305862
4.801777324676514
4.975475891828537
5.043335356712341
4.938803268671036
4.829029315710068
4.739814575910568
4.813240747451783
5.173293790817261
5.026911025047302
4.857458218336105
4.9630997943878175
4.64354695558548
4.826733620166778
5.035043902397156
5.0688317370414735
5.082403311729431
4.878758795261383
4.777294865846634
4.855605132579804
4.799620891809464
4.828833901882172
5.010525877475739
4.859460535049439
4.961915140151977
4.663143826723099
4.927739568948746
4.690843402147293
4.852006343603134
5.169561444520951
5.158780794143677
4.805970309972763
4.843540766239166
5.0328275847435
4.929094212055206
4.928373101949692
4.869888709783554
4.950615482330322
4.737420443296433
4.865391780138015
4.8589666712284085
4.808887348175049
5.0133029246330265
4.8402290332317355
4.788953278064728
4.900392730236053
4.998401980400086
4.801797697544098
4.762633860111237
4.934982003569603
4.685525299310684
4.854575664997101
5.016331080198288
4.694526073932647
4.797184240818024
4.9889332759380345
4.724819103479385
4.772074770927429
5.049254342317581
4.7853378069400785
4.823168230056763
4.825185068845749
4.809589356184006
4.9739360058307645
4.857980146408081
4.836013988256455
4.82764134645462
4.81741251707077
4.78705509185791
4.804223448634148
4.977716865539551
4.694856721162796
4.806404277086258
4.748025985956192
4.913129214048386
4.8719958198070525
4.684153448343277
4.739483884572983
5.01592875957489
4.74645299911499
4.641359935998917
4.642408528327942
4.735457373857498
4.687029235363006
5.001339749097824
4.8397433471679685
4.968059437274933
4.7043521130084995
4.709325820207596
4.693879147768021
4.620622118711472
4.794402120113372
4.63019034743309
4.816066168546676
4.974623537063598
4.635781722068787
4.951680110692978
4.634757163524628
4.79711398601532
4.7154225933551785
4.711935886144638
4.747467379570008
4.837156013250351
4.6336771261692045
4.825142041444779
4.900191695690155
4.667153704166412
4.6244790387153625
4.680497702360153
4.703351298570633
4.725604498386383
4.739727520942688
4.798442741632462
4.725687050819397
4.732625102996826
4.611666365861892
4.844421050548553
4.919934533834457
4.816474379301071
4.984280729293824
4.703001455068589
4.761708534955979
4.827853144407272
4.6588200974464415
4.736085331439972
4.608589129447937
4.6745129692554475
4.761027548313141
4.879543435573578
4.66931237578392
4.779975798130035
4.834011087417602
4.740972712039947
4.777417567968368
4.729096194505692
4.856263004541397
4.621203815937042
4.703305784463883
4.753211922049522
4.708972767591477
4.665874109268189
4.78015562415123
4.892208884954453
4.626265531778335
4.614773576259613
4.777218124866486
4.681882961988449
4.824939255714416
4.801849118471146
4.564538665413856
4.850348842144013
4.784023040533066
4.644627229571342
4.682003219127655
4.6337445551157
4.757727986574173
4.725263954401016
