4.086225897554429
3.414838402982681
3.214752461160383
3.0430888961399756
2.9411350104116623
2.8338287357361085
2.775507232354533
2.731317943622989
2.680542837708227
2.647524553441232
2.609968123416747
2.5832340462553884
2.581665057809122
2.5469557316072526
2.5280103572914676
2.513445244200768
2.493080658537726
2.4793831648365146
2.454520680731343
2.4557241696503853
2.4390285277078227
2.433051636622798
2.411939490226007
2.4100651082492646
2.3910275260286946
2.3748530517182043
2.380105918934268
2.372123543052904
2.371198758482933
2.357087516255917
2.3479297704273656
2.3358858109962557
2.3323470849183296
2.335956909483479
2.306277788935169
2.307009581115938
2.3088519578018496
2.2869636493344463
2.2823530848949187
2.2983197459290103
2.273169250738236
2.2996393788245415
2.2612089264777397
2.258486393478609
2.2609261904032
2.247841958076723
2.2446549491536234
2.2339859537539946
2.2281852871660264
2.2256096195309394
2.233131481274482
2.2204973216979735
2.2094683517371454
2.204933746207145
2.2136909817495654
2.2034625485539436
2.190421094336817
2.1943632871393235
2.1904957943385646
2.1858445055061773
2.2033301587066343
2.180022321641445
2.1740203273873173
2.176568167824899
2.173157503047297
2.175033728922567
2.1731157264401837
2.1565576827814503
2.1533010755815813
2.140479373835748
2.14201873853322
2.150351274157724
2.139640567043135
2.1353719018159376
2.1302680010276456
2.127105630693897
2.129255109256314
2.11377201806153
2.104073511256326
2.116031789010571
2.1031312937698057
2.1281757878680385
2.0906084795151987
2.0973880476047917
2.1102902249943827
2.102560502867545
2.1066163701395832
2.0864834845546754
2.0887691960219414
2.0767992898341148
2.0944603917098816
2.0773216111044728
2.0708411114831127
2.073997504047809
2.0658639097406017
2.053580605214642
2.072775144009821
2.0523399744302995
2.069784967409026
2.067688815536038
2.0342318547829503
2.061364919668244
2.0461242506580968
2.0467102431481883
2.0563347363664257
2.0514299775804243
2.03334770471819
2.024119258888306
2.0342773797531284
2.0299721408274864
2.0192525430071737
2.0141423957482463
2.021746068231521
2.0025224988498995
2.01606101494643
2.0048091091936633
2.0056831089238965
2.001743441147189
2.0077178386911267
2.007940099364327
1.9960186447828048
1.9963844675690896
1.9969282587689738
1.9762369327006801
1.9911928212931078
1.9813438206911087
1.9852107628699271
1.976219039290182
1.983805694166691
1.9784844741225243
1.9710514011882967
1.9733717275723335
1.96572850740725
1.9838837286637676
1.9762545881732818
1.9595520813618936
1.9529289716193754
1.9554333593095503
1.9552765553516727
1.9489680579112423
1.951149916696933
1.952614580190951
1.9458279676975743
1.9514493238060706
1.9341955634374772
1.935209443251933
1.9411247663440243
1.945016757615151
1.9388329002165026
1.9304891334426018
1.9444027901176484
1.936361446495979
1.950931205384193
1.9244804223698955
1.9292059288390222
1.9401692921115505
1.9148803427815437
1.9129706717306567
1.9152011054177438
1.9131024852395058
1.9052730928505621
1.905551296568686
1.9172922077198182
1.9168670771102752
1.894241616850899
1.9093276185374106
1.9077621030230676
1.916714972786365
1.891507602987751
1.8913569673895836
1.9018157528292747
1.8843550857517026
1.8838182493082938
1.8888772194904666
1.9058981869489915
1.8984906029316686
1.8854093296873955
1.8757740694188303
1.878272438722272
1.8772892629907978
1.8779967290259176
1.863615146087062
1.8698423394272405
1.8666119486574204
1.8681374745022865
1.8617562012326332
1.8850762368209901
1.8745046971786408
1.8578412845250099
1.8783191240602923
1.8510726577331942
1.856252171099186
1.8623649158304738
1.8583681516108974
1.856453236552977
1.8460951978641171
1.8518899799354616
1.850810574668069
1.8524969184110243
1.848262216054624
