1.9605081588029862
1.9248568165302276
1.9573847925662995
1.9106968343257904
2.0094297713041307
1.9132803392410278
1.9461127144098282
1.9584896475076676
1.9009481102228165
1.9319759154319762
1.9014558041095733
1.904524547457695
1.9260583284497261
1.8925111499428748
1.899753234386444
1.876311889886856
1.9397943204641341
1.9594379591941833
1.881074984073639
1.9133289757370948
1.9110899567604065
1.8783978003263473
1.9127085679769515
1.9279776901006698
1.8811250573396683
1.9321414774656296
1.8546055126190186
1.901049289703369
1.9587699329853059
1.8609945556521417
1.8974223589897157
1.8964828151464461
1.8993505416810512
1.8697437101602554
1.870578518807888
1.968252528309822
1.8653191442787647
1.901152293086052
1.8703548389673232
1.8557696998119355
1.8668333619832993
1.9421832275390625
1.8804555466771127
1.8416530686616897
1.873508701324463
1.8608145028352738
1.8249561339616776
1.8415646469593048
1.9591291338205337
1.9027792418003082
1.8546202555298805
1.9106336510181428
1.853089940547943
1.8116668117046357
1.8302429074048996
1.8111230623722077
1.8358982020616532
1.8152809762954711
1.851577216386795
1.8509716665744782
1.8065832847356795
1.8693600761890412
1.8412902176380157
1.8603909665346146
1.8479332041740417
1.802468594312668
1.8194025272130967
1.8027581736445426
1.852404910027981
1.831766684949398
1.8242852610349656
1.805711604654789
1.8441659405827522
1.816111014187336
1.7832065814733504
1.8320431411266327
1.8097876572608949
1.8519650608301164
1.8125147706270217
1.8272021859884262
1.7911892372369767
1.8241781666874886
1.826797186732292
1.8238564801216126
1.817721297442913
1.804504707455635
1.8052453032135964
1.8067098480463029
1.7777050530910492
1.7703636544942856
1.8114008402824402
1.8071893543004989
1.7873715138435364
1.804093387722969
1.8296216607093811
1.7766753366589547
1.7702450820803641
1.817333146929741
1.7664032427966594
1.7648481667041778
1.7872897183895111
1.7427294230461121
1.7528180372714997
1.796028127372265
1.777367017865181
1.786001082956791
1.7504947137832643
1.7957140943408012
1.7821339362859725
1.7900898674130439
1.7677953782677651
1.7646717137098313
1.7622080540657044
1.737434453368187
1.7776197305321693
1.7976064562797547
1.7816304934024811
1.8150327241420745
1.7560026335716248
1.7531925332546234
1.759958074092865
1.7517919960618018
1.7242766261100768
1.7756842947006226
1.7496603319048882
1.738279470205307
1.7780503326654433
1.725442660152912
1.7444109079241752
1.7402581709623337
1.7337691316008568
1.734491280913353
1.781470908522606
1.7452649873495103
1.7023124480247498
1.7042705142498016
1.7381066066026687
1.7122820886969565
1.7000703132152557
1.71728508323431
1.702391533255577
1.7665850374102592
1.7036107140779495
1.7107714861631393
1.691586634516716
1.7238135403394699
1.7692079028487206
1.6684079748392104
1.6837280863523483
1.6706358605623246
1.7096378856897354
1.714063481092453
1.6889870318770408
1.7102566856145858
1.6720205920934677
1.7161903601884843
1.692532957792282
1.7345312657952308
1.6830474808812141
1.6961324685811996
1.729772324860096
1.720368556380272
1.675315158367157
1.6685337740182877
1.735674311518669
1.7161105632781983
1.7048820900917052
1.654607081413269
1.6805854892730714
1.678869147002697
1.6984518960118293
1.705284563601017
1.6471491664648057
1.6515573769807816
1.6749881371855735
1.7115578335523605
1.6499049031734467
1.6681043350696563
1.6712847942113875
1.6720152521133422
1.6780663138628007
1.6560047221183778
1.6327875661849975
1.6524437206983567
1.6514432069659233
1.6628126114606858
1.6514799481630325
1.6527652496099472
1.6973510140180588
1.69133387863636
1.6241341948509216
1.66140067756176
1.6793575328588486
1.6730570644140244
1.6418044173717499
1.6234851068258285
1.6333738791942596
1.6526562210917473
1.6595449870824814
1.6407538166642188
1.6292139613628387
1.693274844288826
1.6550948029756547
1.7343169564008714
1.6252896118164062
1.6322374844551086
1.610886382162571
1.6534805828332901
1.6809587824344634
1.630035436153412
1.6080118986964225
1.6152693632245063
1.5943292909860611
1.6168516388535499
1.7419290125370026
1.6198555132746697
1.6243042212724685
1.6267581889033318
1.6240176901221275
1.635830866098404
1.596478829085827
1.6160667663812638
1.6409603834152222
1.6674885225296021
1.5969407060742378
1.5951034170389176
1.6277960401773452
1.6167118799686433
1.6479052484035492
1.5934969246387483
1.6188615813851357
1.61803965061903
1.5677293342351915
1.6283513829112053
1.5906327220797538
1.6521924576163292
1.6033239591121673
1.5996222022175788
1.6096310478448868
1.6045321333408356
1.5761381220817565
1.6397786024212837
1.6046706196665763
1.575397326052189
1.6004909121990203
1.5540749806165695
1.5683674743771554
1.5774802273511888
1.6013543608784675
1.6043656212091446
1.5593389371037483
1.5774597555398941
1.5870226776599885
1.5807826343178748
1.5392927873134612
1.545613209605217
1.5601201665401458
1.6180940037965774
1.607087928056717
1.5938426178693772
1.6306365597248078
1.5442303693294526
1.6451686173677444
1.563427566587925
1.6005658453702927
1.5953287082910537
1.5570016878843307
1.533543867468834
1.5612282347679138
1.5450908103585244
1.5910718578100205
1.5712873628735542
1.5244586181640625
1.5407027846574783
1.53733857691288
1.5452250343561174
1.5317590466141702
1.5279044619202613
1.548482299745083
1.5515263882279395
1.5550472390651704
1.549043979346752
1.588912538588047
1.5960977950692177
1.558646367788315
1.5263056740164758
1.5205822998285294
1.5552232214808464
1.540284833908081
1.5187467980384826
1.5110451579093933
1.6249581944942475
1.5502176070213318
1.538588490486145
1.546427139043808
1.5856971737742425
1.5024208205938339
1.5231326088309287
1.5212625855207442
1.5892758044600486
1.5445540979504586
1.5311748123168945
1.5070308548212052
1.4933083274960517
1.4944585007429123
1.5471451073884963
1.5083585727214812
1.5258796143531799
1.4884524968266488
1.507951983809471
1.509926166832447
1.4958253759145737
1.5460365611314772
1.4955512243509292
1.5275355437397957
1.5259111744165421
1.4909763938188554
1.4924613937735558
1.47878967911005
1.4712419664859773
1.5231813472509383
1.482891064286232
1.521816574037075
1.5412394136190415
1.5421040597558022
1.5075013515353204
1.5029930913448333
1.5111112070083619
1.4770584550499917
1.50277618765831
1.452098483145237
1.4452620786428452
1.4699248161911964
1.4902079766988754
1.4813623654842376
1.5305623352527618
1.4791856482625008
1.4932174128293991
1.4614413630962373
1.4986853674054146
1.4990811973810196
1.5282687902450562
1.4919407853484155
1.509956632256508
1.4464228296279906
1.4894415459036827
1.4546737158298493
1.507480310201645
1.5454411625862121
1.5064745950698852
1.4600019639730453
1.440598369240761
1.4469011929631233
1.4481924805045128
1.5058899042010307
1.4757278835773469
1.4738958656787873
1.5180499595403671
1.4764712709188461
1.4606084589660169
1.4729286950826646
1.4492636239528656
1.4576485669612884
1.4914906445145606
1.4679561030864716
1.4330303448438644
1.425446243584156
1.4229992094635964
1.4497757214307785
1.4399712151288986
1.4392971262335776
1.4600650984048844
1.455653929710388
1.502808277606964
1.4774423706531525
1.45374903768301
1.4717317003011703
1.4647755429148674
1.4113684251904488
1.462094061076641
1.4777677938342095
1.4195984856784343
1.4569561615586282
1.4266692206263543
1.4378352165222168
1.4586993262171746
1.4511255896091462
1.4562641331553459
1.4707100933790207
1.4459509199857712
1.4082861465215684
1.4701060771942138
1.4101154571771621
1.402586217969656
1.4268267041444778
1.4358674904704094
1.4400130715966224
1.4588347533345223
1.4714607053995132
1.469273705482483
1.4420635986328125
1.439311129450798
1.5085058426856994
1.3925801581144333
1.4115018087625504
1.4022545051574706
1.4203600764274598
1.3878798547387123
1.4397309663891793
1.4629061424732208
1.38245196133852
1.4752895587682724
1.4145770329236984
1.4068922933936119
1.394758668243885
1.3888925108313561
1.3917110002040862
1.367819717526436
1.4096953600645066
1.4024631634354592
1.3781452864408492
1.413675325512886
1.413132012784481
1.3864264336228371
1.4178749725222588
1.406653778553009
1.4012259012460708
1.4205266672372818
1.4107283553481103
1.435537226498127
1.3633210262656212
1.3960721334815025
1.3656094744801521
1.41354117333889
1.3595138275623322
1.404712816476822
1.3884883052110673
1.412892993092537
1.4088979732990266
1.3784704464673996
1.3745817238092422
1.37136510938406
1.3913237549364568
1.362544260621071
1.3961434090137481
1.407757820188999
1.3694984835386277
1.390703363418579
1.427803486287594
1.3515791565179824
1.3594991993904113
1.4103614482283593
1.3963120543956757
1.400485110580921
1.3636185285449027
1.351801969408989
1.3704866015911101
1.3874073001742362
1.316018841266632
1.3924735590815545
1.3627825659513473
1.3514687237143517
1.3781475687026978
1.3588884845376015
1.3562358337640763
1.3901058745384216
1.3469801685214042
1.3624154621362685
1.3644099569320678
1.4396859800815582
1.369839259982109
1.3467986491322517
1.3749814584851265
1.352300061583519
1.357481652200222
1.3877155569195747
1.3617711016535758
1.3751043847203255
1.3498086780309677
1.3568062835931778
1.331439509689808
1.3580671525001526
1.3319424080848694
1.4047669422626496
1.3004309737682342
1.3866772931814193
1.3607389703392982
1.3416704416275025
1.3332851466536522
1.3276149412989617
1.3879757377505302
1.3033688884973527
1.3143579596281052
1.3433980536460877
1.3773587861657142
1.3016531351208687
1.3274843221902848
1.3513662433624267
1.3665790405869485
1.3087867888808251
