4.901556456988713
3.24986728126148
3.0432106863777593
2.9162546750509515
2.83246541135716
2.763030066805066
2.703520475131161
2.6568997063726747
2.613319408218816
2.5909223747703263
2.560621810409258
2.5279711158770435
2.5124192406546393
2.475108215269053
2.4623852557731123
2.482451283706809
2.444395018073748
2.4114041772653474
2.3962170790951207
2.3856234016283504
2.402596889801745
2.3592278366943575
2.355985742132619
2.3226388209270983
2.3455506163947986
2.324862683156751
2.3044193783458673
2.299375007737358
2.281596642620159
2.281758667163129
2.2635259892580644
2.2832120656967163
2.25377356443765
2.263718504950685
2.247652199470772
2.2369968005508745
2.2170570582713722
2.2454408573092155
2.223246042177362
2.2086117211377845
2.200353832739704
2.1824898025337256
2.1989228871633424
2.1939921019212254
2.175515018544107
2.162356098867812
2.157177251464916
2.173143295746929
2.1650829011539243
2.168508099497489
2.1737898498211266
2.131699411936526
2.1344191859353265
2.1361344198011003
2.1191261421959355
2.116834951459237
2.133352926598405
2.123570725040616
2.13164614112872
2.1738451989191883
2.115489273138766
2.110323848308257
2.0931899764065474
2.0980512556040063
2.0880122735815227
2.06786559100421
2.083003039629954
2.0641052604846233
2.0625701718172937
2.0537167669467205
2.058558465737217
2.0709473338891877
2.053751970237156
2.0521261416516214
2.0543808937072754
2.057779170432181
2.0368169686704314
2.0496827307737098
2.0448539881211407
2.0355525798392744
2.048670818783202
2.0314372142530837
2.0534201888543255
2.0246182275268265
2.0356395326133043
2.0314944659201606
2.009343280544821
1.9964975700625833
2.0083265377665467
2.0053620304701463
2.020237737950289
2.0113968978512964
2.018089136425054
2.0117226715357797
2.003498356016177
1.9796684867930863
1.9949368109118264
1.9854699958045527
1.9788827006265801
1.9731511195313256
1.969562828821956
1.9763374472001813
1.975874254726014
1.9621251076459885
1.9535805107849948
1.9676315570777316
1.9665815273545824
1.943941575738619
1.9652500824545913
1.9464167443648823
1.9453567924364559
1.94011419842828
1.9289617381005917
1.950184164463349
1.9339737655981533
1.9418638749223835
1.9292870439448446
1.9275987401323498
1.94353675055054
1.9277956620702204
1.9402241723717384
1.9495299497865282
1.9193110943965193
1.9134671485648964
1.9287896704561305
1.9178691275839537
1.907531907535949
1.907983737452975
1.9055096779791814
1.9108918719696548
1.9059544245027147
1.9047151087027676
1.9076289312457138
1.9156719603628483
1.919536164909039
1.887092373000001
1.8963329255018595
1.9184870191340178
1.8956439323582739
1.8779107678049016
1.8854835103705245
1.8983030043682962
1.8943377125937984
1.872181774029192
1.8642720672881827
1.8844034879837397
1.884595956723645
1.8691393519347568
1.8756517340552132
1.8740910764010448
1.8539396057713706
1.8634628470776216
1.8461977530200526
1.8622065405800658
1.873911054348046
1.840669738796522
1.8530992708116207
1.8687125798666253
1.8434800283526473
1.8680839397997226
1.8419516587032463
1.8460238314462158
1.8497846857556757
1.8315577082476526
1.8365083033183836
1.8426375473445316
1.844002147047025
1.8380891531705856
1.841087504940213
1.8545655627857964
1.822170248290278
1.832152708802583
1.836751585580268
1.8137789332079437
1.823180817770508
1.8342388550627906
1.8157230781496696
1.8155555224643563
1.827990324992054
1.8034315561910845
1.8145290436047428
1.8166039108105425
1.8123692912313174
1.8098727279114273
1.8194170006603565
1.8002853953754
1.8053456460529904
1.8244477265848305
1.7976795564282615
1.8221043660393301
1.8097456196006738
1.7910472489190552
1.8062466273330293
1.7907319293831878
1.823310231262783
1.7951652545411632
1.7862296548654448
1.7976117328090488
1.7918965234509054
1.7821397261237197
1.7849667898888857
1.7866235085815754
1.8008304927146659
1.7879112379730873
1.7849732440597605
1.7805348927119993
1.7691052277695458
1.7850054592456457
1.7624615090635587
1.783364864171676
1.7713931292857763
1.7639395673319977
1.7763109859430566
1.7670600864122499
1.7627374619807836
1.767016441473421
1.7644478237291552
1.7677222757406954
1.7659629029485415
1.7659838798473466
1.7727630211497254
1.7502334638024277
1.757385345562449
1.7666375389638937
1.7418592201088958
1.7422959804534912
1.750894898232424
1.7454728537573005
1.7438409797987848
1.7360975500547662
1.738942416209095
1.7453573028433997
1.7415768397304248
1.7468124453751546
1.749417708448644
1.7353840917348862
1.7301391590878648
1.7364266399505004
1.7430745475697067
1.7218651451029867
1.7250887425440662
1.7290333239537365
1.726397862974203
1.7205499337529235
1.7466080256228178
1.7392492263384585
1.7224249831348095
1.7137627070242505
1.7239249272728867
1.7238479087937553
1.7295667472875342
1.720330130098001
1.7285535487363923
1.7190947836300112
1.7287785503661857
1.7088556390888285
1.7166706691935378
1.7264073530458055
1.7075380455210525
1.7292375170959617
1.7198371063425857
1.6890706242817752
1.7105900749283016
1.6945278357784703
1.7221315522801202
1.7184503182487667
1.7050574880163625
1.7092287838459015
1.6963950831372783
1.6924124964565601
1.6916328109097931
1.7000417894912216
1.6976872772540685
1.704789087738631
1.695338713391772
1.6927881409537118
1.6794493032513924
1.695673741259665
1.6861555823739969
1.6951997901471156
1.684904380789343
1.6963076507145505
1.6783643629191056
1.674467701394603
1.6878068612993888
1.6798560301650245
1.6764000083477992
1.6906864921439368
1.6668470434422762
1.688750003587525
1.67922812868964
1.6799512089423414
1.6714805772282042
1.6764370934018549
1.6628165396879304
1.6636478015274372
1.6879440048393213
1.6591508212798047
1.6564297659217186
1.6554439084709816
1.6732613205347422
1.6516278582923818
1.6566840427101783
1.672965628358553
1.681488813937835
1.659792256805132
1.6656011104021433
1.6512288262821593
1.6510391569924805
1.654409503037075
1.6427254115916647
1.6451823334648925
1.6624856563109272
1.6800768136415842
1.6407174493344325
1.6486504614915487
1.6628936903094345
1.6443007824555882
1.6349621420761324
1.6348587980247893
1.645062580423535
1.6563989413234423
1.6575727884499531
1.641626793820903
1.6529295343273092
1.6349420643077706
1.6574439906849052
1.6412873535223726
1.6521892513868943
1.6257423752883695
1.6487357532078366
1.6425496112063247
1.6253330178980558
1.6315097375860754
1.6493718371076405
1.6457691479404017
1.6288827106637775
1.6279144607624918
1.621587077401719
1.6234979055962473
1.6359977471940923
1.6349823413030156
1.6391243740635097
1.6181533309929776
1.6478288882183578
1.6139657654852237
1.6241802137415364
1.6229238701316546
1.6308753751921203
1.6112912061079494
1.6119932501383547
1.6287747059228286
1.6216690973290857
1.6139030141650506
1.608329544652183
1.613117071536352
1.6492960337760314
1.615732990205288
1.6054617728827134
1.618599609383997
1.621378243812975
1.6195619196261999
1.6093209231237195
1.6048390407044932
1.6056138215199955
1.615752616580927
1.6081980615854263
1.6185092237198129
1.6153311678823434
1.6024910872274976
1.5901350229978561
1.599879598280169
1.5927633539123356
1.6100609038236007
1.5991964303659942
1.6204774416280243
1.5876549724138007
1.5917311721252945
1.6045422073242799
1.608318348257047
1.6065208911895752
1.5991132984746177
1.5852467263082288
1.5804992824230555
1.589100234913376
1.598641039627903
1.5793441401899986
1.5894561303111743
1.598472440298998
1.584829700161826
1.6094388492264837
1.5903387137179106
1.583376815296569
1.5850185796899616
1.5763562293547504
1.5915221723745454
1.5781264875857335
1.5694111239797663
1.5788321233582947
1.5993875945514102
1.5713540745793648
1.5849960336707674
1.5782964907164843
1.5754197068371862
1.5775387506440002
1.564908762866596
1.5834256031040876
1.5779537136824626
1.5798788365890395
1.5849867117292475
1.5826223714734025
1.5790016468403474
1.5874512932210598
1.5680263197084643
1.566575696445861
1.5740609360191058
1.5690877704687838
1.567283588197996
1.563948981604486
1.5762544932230464
1.5561280523268681
1.5766192264152024
1.558443842631466
1.562298577630295
1.5691014379262924
1.5639409667478417
1.5503077765680708
1.5652179397502035
1.5768563786767564
1.5694331016461804
1.5553225784931544
1.5547052500945218
1.5568884937268384
1.5486267310268473
1.5457544284609128
1.553942305158894
1.5525191676504206
1.5649273156557444
1.5678907346050694
1.5518775551386599
1.5433213404327069
1.5515999240132998
1.5611742425639674
1.5436265999978442
1.542928066737247
1.5490245599791688
1.539580667918583
1.548444610159352
1.5462541802311844
1.5586802512407303
1.5570448330550823
1.5375269780743797
1.535795881781938
1.538720022676126
1.5466781767471782
1.5256001873398728
1.5357056369759001
1.5279458831503707
1.5435912578173403
1.5337048485031668
1.5342573695025354
1.5380215304640104
1.5465030435402438
1.541500354150556
1.5333419861096256
1.5368618445014053
1.5344511186176877
1.533650908267723
1.5333741892058894
1.5415058883855928
1.5306715990574855
1.542496400762279
1.5361671163788382
1.5205512052437045
1.523789088681059
1.5366195147892214
1.5233579944327194
1.52267324783892
1.5216826217354469
1.5197655302735995
1.536656622335596
1.5288611490209147
1.5264582737999142
1.5150158787673373
1.5254800929775778
1.5233930256569161
1.5200207868836961
1.5275007998043637
1.521311731552178
1.5129229552903265
1.5106154379417311
1.5201760811625786
1.5086229845600307
1.5198493003845215
1.523552746564712
1.5092639450757008
1.5067127262646298
1.500572960472332
1.526376631462349
1.512934592253757
