10.037021758421412
5.6971016616191505
4.981562864105657
4.611117831940921
4.356707963178742
4.166549904728836
4.032940267391925
3.927323155807999
3.807696485856794
3.729142914965468
3.663996142598818
3.588508428830021
3.5230356466095403
3.4631612092818855
3.4173789429214767
3.356772836086885
3.3255551749805234
3.287332039959026
3.246486445642867
3.1972073513381885
3.1584679366282695
3.127904052441975
3.0980967519418248
3.0742543097936883
3.04648202264084
3.0389608032298536
2.997727151186961
2.990148575238462
2.9625190428967745
2.9384881983388147
2.9266042000842543
2.908563329363769
2.9017602919407612
2.8838428568165257
2.8574256728280267
2.8681242955180832
2.8352747559547424
2.8156545091912433
2.81038861117273
2.796770596279288
2.8045300273400433
2.7746215367092275
2.7695597044701845
2.7635386130719817
2.7489993049288697
2.7426419140033
2.7281451174673044
2.7156912667571373
2.704909437669898
2.6962503796478487
2.686624421263641
2.683006379401909
2.6807584357711502
2.6667571646987267
2.669305650411912
2.651109517182944
2.63947516904687
2.6383749865136057
2.6216890772558608
2.674253857923004
2.623647133696754
2.6043919541363447
2.608792729535193
2.5862778737297596
2.5834404792425767
2.593567001369764
2.5769663829848453
2.5711678851325557
2.5737926375191167
2.5551365135975606
2.543026672781638
2.550554784963716
2.534290117475222
2.5243034503369963
2.524719665635307
2.5305874432032964
2.521348086730489
2.5184112359892645
2.508847180964812
2.488993580048939
2.4977638116985
2.4884508685121
2.4863345786085667
2.477570462339329
2.4721206055497222
2.4717728388759324
2.4577726671155893
2.466908129318705
2.466916396370474
2.4566984502774365
2.4406941027011513
2.440229965268441
2.4388755160682605
2.4344666639588914
2.433550583866407
2.424612653705309
2.4226274878348946
2.41078446158823
2.407641298928351
2.4126224596545383
2.4130053610171913
2.4031535730047047
2.398825723607585
2.385051243428914
2.3840051518296295
2.389765352573035
2.377069257340341
2.378299875079461
2.3648786342368937
2.3645709083890014
2.3632454214231022
2.362455295785418
2.371652345612364
2.35020604842114
2.3568312610095403
2.3406418978043324
2.345072605699863
2.339221033285249
2.3304021217912996
2.344086991447323
2.3396641679529875
2.329524486132388
2.312674695028449
2.3159542744452097
2.317246619260536
2.3127698184184307
2.3056962113335446
2.3097539071766837
2.305386581510868
2.3115369480735852
2.307834078680794
2.295585705424255
2.2843923948283464
2.2793039328084803
2.2976426628400697
2.2792430601592333
2.2815497894332095
2.272167945245527
2.2768051461228787
2.2722427229273996
2.270915964864335
2.26083146513633
2.2776571793376275
2.2741961737848677
2.2591246737624116
2.2531955781972632
2.2475896429903104
2.255909558737053
2.2454285689120024
2.2414597233511366
2.2458544997674115
2.229779355790255
2.2348919657041444
2.235569441937051
2.2219529429556064
2.2536391098544284
2.2317798711218924
2.217484325732825
2.2250138765798426
2.220896568219617
2.2106167345114476
2.2218858880816765
2.2188742391343386
2.204690876996742
2.203788107858514
2.189120848223848
2.1999521494474052
2.1976865788675704
2.1951884065034255
2.184879515249774
2.191663902323201
2.1862667737142094
2.185341053976203
2.1910222071521686
2.1753527387133182
2.1802988788991606
2.1783174175136493
2.1721601654898444
2.166260286884488
2.1719908674932875
2.1669034044135294
2.160391998740862
2.1640193833495087
2.158789393755625
2.165340284131608
2.161396581046986
2.1540650545426137
2.1550646792605237
2.1407861945764073
2.154167690929377
2.149872512187598
2.1486946847641244
2.132462300219626
2.1517139993748575
2.1459121063070477
2.137878773066233
2.1350678936490475
2.1368251350128427
2.1314795905689023
2.1232048214044212
2.133130815231575
2.1231978645302214
2.122084565882413
2.130920007543744
2.1269669296606533
2.121524010626775
2.1207445859909058
2.118082789036463
2.1183937748648085
2.1059110898454234
2.114217222861524
2.120044097585498
2.0985394193316407
2.104078321524386
2.0962538567354096
2.1011088681670853
2.101976459881045
2.094530016183853
2.0879272959142363
2.086237855115027
2.101013254725708
2.0975990868964285
2.0886561701882562
2.0930804568079284
2.081523794048237
2.0775096481138804
2.0742657876239634
2.080981766840197
2.0713969036093296
2.071108527340979
2.070240281100543
2.064663483849112
2.072609932355161
2.0702534346085675
2.074414090446706
2.0875457955418892
2.062195064886561
2.0595569953603565
2.0632181038271704
2.0683631362780086
2.060751152488421
2.057252589261757
2.0539210163197428
2.0478860274800716
2.046933910194433
2.070546109440192
2.046080467835912
2.047316307166837
2.0482233304460093
2.052996261221058
2.042968468283707
2.0362349669888333
2.0434803889607482
2.0383064803087487
2.035021327014239
2.033414123755581
2.0374221374403754
2.0199429769560977
2.0409180968999863
2.0446277721872868
2.021734706073437
2.026891350183847
2.0261297372152223
2.0142079726705013
2.0205265637838616
2.02073871245924
2.0299809856234856
2.0153549327602924
2.0227116669686334
2.0139145238219567
2.0053997340629683
2.0167422890663147
2.0068278579779393
2.009090951872322
2.0323690440294877
2.013234535478196
2.010597957473881
2.011964883444444
2.000476952431337
2.0061891652503103
1.9934390069178816
1.996905096296994
1.9968348137050305
1.9951434998579745
1.9893587774263237
1.999091215853421
1.995354323454623
1.9847252821584918
1.98925622426114
1.9890945261379458
1.9887544942914315
1.9855480970076795
1.9857869513754576
1.9866885402292576
1.9727777892126228
1.979519635438919
1.988854488111892
1.976538561987427
1.9736279235133585
1.9765891084131204
1.9828299233373605
1.9784897622072473
1.962814321214298
1.9684571477602113
1.967302069349109
1.9667408893693168
1.9643644420605786
1.9818504224970657
1.9654509689448014
1.965375747320787
1.9584045663194836
1.9544435171586163
1.9555100008564175
1.955804463546231
1.9484408615895037
1.9603993946088936
1.966247819223494
1.9620176964211014
1.9604718215622992
1.9596615970697042
1.9513165680867322
1.9473209226468824
1.9501580933354936
1.9399434536133173
1.9521929115619299
1.945130300690543
1.9407936964394912
1.939083067032526
1.9512680788647454
1.9395164043273565
1.9554081126204077
1.9379890974400178
1.934460681564403
1.9392136433776819
1.9516295138395057
1.928679862112369
1.9312684569718703
1.9317007472492613
1.922657868491029
1.9239141941070557
1.9406957910308298
1.932185966732367
1.923473187493828
1.9145236974054913
1.9153156182113684
1.9243720460612819
1.927744983502154
1.9355223344744377
1.9225187228535705
1.916864052414894
1.9229772467658204
1.9291313959742493
1.9100784732485718
1.9306063235930677
1.9359422326087952
1.9211684142081242
1.903426951957199
1.9228456723240186
1.917634240861209
1.9106151261981927
1.9044118759767064
1.910003496790832
1.9019903897676829
1.905126101846965
1.9033140478269108
1.9060928568525135
1.8951425906622186
1.8972793896243256
1.8971022288754302
1.9009223411668021
1.8915291541027572
1.9076959659468453
1.8914075994266655
1.9152420601754818
1.908997636358693
1.8936558202752527
1.8960000583023395
1.8928012589238725
1.8887690395679113
1.8841156490006536
1.8834880129346308
1.8996126452144586
1.8820861860547426
1.879966748772927
1.892166385954281
1.8919161485051208
1.8824254476799156
1.8828602762154814
1.8898581758422672
1.8830543733992666
1.878179688498659
1.878872551164537
1.9006184851223569
1.9080732984925217
1.8714893465896822
1.8788214235935572
1.8717603281421482
1.8684433023884612
1.8684666491342041
1.8589990574796245
1.8615690998311312
1.8718079185148455
1.866735705508376
1.865254059433937
1.8721969695586078
1.8599186154469005
1.86565400238307
1.8680104287165515
1.8525776702840373
1.8527947068214417
1.8629383436351452
1.8655741737698608
1.8670819134644743
1.8484213236930236
1.856362931008609
1.8577605767070122
1.8549370658847522
1.852850967842453
1.8556517219206072
1.8535178492091737
1.8493675176265105
1.854812518605646
1.8477653197522432
1.856444941657894
1.8414973830277066
1.842815344626049
1.8538611874265492
1.83917905418378
1.851912943822033
1.8403130972160484
1.8350492980120316
1.8553966857352346
1.849935936477949
1.8365914875044014
1.8321476339731577
1.8397112696800593
1.8260825360721011
1.8412962381569844
1.8428749945366159
1.8287151579586964
1.8339239536028988
1.8330140656457756
1.8254751377510574
1.8351288246658612
1.8210869656418853
1.826650394583648
1.8225870008738536
1.8251809207898266
1.8326405056242674
1.831274467537988
1.826591096959024
1.8231733497583642
1.8145299528567296
1.8159809638306779
1.8224540254417456
1.8158831694778406
1.8190548254071541
1.8207174576116059
1.8129307461797066
1.814578801955817
1.8076699899052673
1.8246016195922528
1.8196739380089741
1.8247722376067683
1.8141664755794238
1.8026457133017622
1.8063385593441297
1.8067244971698184
1.7999769997484278
1.8198711917085468
1.8037356708971959
1.7996967994379547
1.807017133764501
1.7992641225738346
1.8024903963196952
1.7913360651933923
1.8059078924498468
1.8080712773327559
1.7938570335226238
1.8016403584547762
1.812275694226319
1.793916644633941
1.8004760584741268
1.7920536179587525
1.8025887586035818
1.783796858956229
1.7968813445208207
1.7986844896145586
1.789713349544777
1.7960314053409505
1.7832137008882918
1.7967113335177582
1.7968607092241071
1.8007409325185812
1.7990700416969803
1.7948441218655065
1.783645324830739
1.7932699097777314
1.786787101401473
1.7949953037050534
