505.4310550689697
93.78168537399985
41.18295684727755
10.004692500287836
4.358426896008578
1.9528667384927922
1.5363509817556902
1.2035233107480137
1.0766124508597634
1.0530667575922878
0.960453450679779
0.9255459254438226
0.9337430217049338
0.8920786705884066
0.8682292374697599
0.8532871983268044
0.8185190504247492
0.8510027256878939
0.8877986669540405
0.775568653236736
0.7946986664425243
0.7458599318157543
0.8113673275167291
0.9372151006351818
0.8551371070471677
0.7669252021746202
0.7147905880754645
0.710466439073736
0.73109755190936
0.6877389821139249
0.6550540057095614
0.6770586967468262
0.6365318921479312
0.653382729400288
0.6149541193788702
0.6338242888450623
0.6383697336370294
0.6346710811961781
0.6808721341870048
0.6452734714204614
0.5967112860896371
0.6017151149836454
0.6565721333026886
0.5993443104353818
0.591298374262723
0.5879086499864404
0.5573838596994226
0.5506945956837047
0.5616141638972543
0.562248021364212
0.5483649156310342
0.5457564267245206
0.548978409983895
0.583141955462369
0.5254771411418915
0.5671970546245575
0.5471538792956959
0.5590845346450806
0.5613662681796334
0.5223837223919955
0.5381148430434141
0.5030297122218392
0.5092443444512107
0.49248503284020856
0.49128104881806806
0.5141298391602256
0.5771782073107633
0.6305644539269534
0.704382755539634
0.656162438067523
0.5430694032799114
0.4567872908982364
0.46408165855841205
0.45133919607509265
0.4751210835846988
0.4882951758124612
0.4868549108505249
0.5176885751160708
0.490682761777531
0.49624141779812897
0.5840739824555137
0.5061026107181202
0.49768794124776666
0.44763346151872113
0.46274887160821393
0.4696775810285048
0.42240642688491126
0.44036926464600995
0.4315830956805836
0.5310796336694197
0.5833833027969707
0.5147701718590476
0.47216466611081903
0.41306865215301514
0.5010764273730192
0.5685315890745684
0.5379217930815436
0.595589740709825
0.5209717886014418
0.5135217579928312
