14.225850887298584
6.450879949331283
5.5253404307365415
4.95581346154213
4.809660940170288
4.4952838683128356
4.460515261292458
4.294045394659042
4.1958246219158175
4.1385835576057435
4.023151440620422
4.015190098285675
4.06198163151741
3.8707857155799865
3.8519913017749787
3.7959014105796816
3.7541757655143737
3.7966995257139207
3.7929126727581024
3.7718667697906496
3.862809625864029
3.7281730401515962
3.7021679401397707
3.7547556245326996
3.6388000404834746
3.6534373140335084
3.594280921816826
3.5149763476848603
3.602637152671814
3.57273990213871
3.5828069776296614
3.5095697474479675
3.4552884697914124
3.5453063547611237
3.4735012555122378
3.421265735626221
3.458337593078613
3.3611992239952087
3.3775781810283663
3.441609275341034
3.496700165271759
3.3597644543647767
3.370583621263504
3.4052052867412566
3.391130613088608
3.42646555185318
3.272737571001053
3.3103942108154296
3.3990654301643373
3.285213614106178
3.3061394304037095
3.32130990087986
3.364844323396683
3.3339135634899137
3.4173542523384093
3.370927184820175
3.2673014521598818
3.2500832122564316
3.1960005170106887
3.2262347608804705
3.2208754807710647
3.236196074485779
3.145344469547272
3.2560541743040083
3.1695696914196017
3.2504531890153885
3.1682941484451295
3.1426604437828063
3.151375825405121
3.268984054327011
3.274475148320198
3.174722870588303
3.2349010735750197
3.1443951880931853
3.20169215798378
3.0658795821666716
3.155260137319565
3.1097547429800034
3.066720567941666
3.050636111497879
3.109367228746414
3.2183591866493226
3.0752594757080076
3.0508984684944154
3.1764560103416444
3.089334906935692
3.0051716685295107
3.0453694248199463
3.0670495796203614
3.1000980305671693
3.020296663045883
3.042237867116928
3.0580255299806596
3.009223329424858
2.9592297518253328
3.065918189287186
3.0809021747112273
2.967289799451828
3.0032418942451478
2.943286787867546
3.0241523039340974
2.985688496232033
3.0130608493089674
2.936078817844391
2.9531052684783936
2.907692635655403
3.0095341020822524
2.983902938961983
2.9512737131118776
2.941190598011017
2.9110304141044616
2.9245558536052703
2.938877178430557
2.976095246076584
2.8674425703287123
2.887769547700882
2.912576024532318
2.8677737027406693
2.882395595908165
2.828120856285095
2.9251364672183993
2.8712501084804534
2.854983976483345
2.8756582778692246
2.87354589343071
2.858315476179123
2.864579914212227
2.8716662234067916
2.8285267227888107
2.872265771627426
2.808809910416603
2.800765744447708
2.787192080616951
2.790470448732376
2.778517508506775
2.825393545627594
2.7539683270454405
2.762517461776733
2.7839121907949447
2.8933181101083756
2.811721462011337
2.8151579052209854
2.809739248752594
2.7409000504016876
2.732849487066269
2.827649514079094
2.7025980699062346
2.748527801036835
2.755327956080437
2.716466334462166
2.8368988925218583
2.738066642284393
2.731294283866882
2.7430512815713883
2.7036160868406296
2.714749606847763
2.7238897758722307
2.719112369418144
2.739434809088707
2.71954136133194
2.7458091670274736
2.6572667068243025
2.754706916809082
2.661776804327965
2.664870622754097
2.645110412836075
2.6711856442689896
2.6457542902231217
2.6848024624586104
2.7143251091241836
2.628500367999077
2.6560461485385893
2.6328459575772287
2.6830284357070924
2.635790014863014
2.646260530948639
2.678920502066612
2.6658463895320894
2.6438800847530364
2.6023674327135087
2.6465793949365617
2.6894997119903565
2.5835472682118414
2.6114294821023942
2.599976868033409
2.6355458950996398
2.6480828446149824
2.6045550185441972
2.583167250752449
2.6511015701293945
2.6305882430076597
2.583042198419571
2.5971325540542605
2.6933143761754037
2.566140468120575
2.645488864183426
2.6402181786298753
2.5507365596294402
2.58092681825161
2.5539101660251617
2.5752867424488066
2.550110048055649
2.5199891352653503
2.5835628050565718
2.553788987994194
2.5514397865533827
2.511070877313614
2.5407003527879715
2.584850716590881
2.5629431372880935
2.518383140563965
2.5746032083034516
2.5321227049827577
2.500558816790581
2.4895651358366013
2.5352244609594345
2.512156978845596
2.522220994234085
2.4413902151584623
2.4879276633262633
2.4929435551166534
2.453560894727707
2.4989643067121508
2.5217568331956866
2.4826181751489638
2.439648472070694
2.4706172144412992
2.5110138046741484
2.4449005299806594
2.47354159116745
2.483375673890114
2.484436045885086
2.4943740397691725
2.4585187137126923
2.4194556355476378
2.4612411707639694
2.5857127422094344
2.4775629353523256
2.4377215307950975
2.4567626512050627
2.4631905895471573
2.463451476097107
2.430004367828369
2.4875679391622545
2.4532054936885834
2.385726659297943
2.4095298048853873
2.4349491274356843
2.4311914324760435
2.4047426599264146
2.402378038764
2.3953488379716874
2.4052664735913276
2.364189565181732
2.417995729446411
2.3790550589561463
2.429885847568512
2.3630137383937835
2.3750808668136596
2.3349275374412537
2.3547491258382798
2.402729721069336
2.3836736553907394
2.3904036796092987
2.376252411007881
2.3951071280241014
2.3896051931381224
2.324329695701599
2.3380067229270933
2.3452389919757843
2.412538631558418
2.3062022483348845
2.3491713434457777
2.3641471979022026
2.3073958778381347
2.417629340291023
2.32299988925457
2.30169791162014
2.3190911382436754
2.3108689403533935
2.3172035640478135
2.3428530740737914
2.336029943227768
2.3518021148443222
2.2889601451158526
2.421512885689735
2.3834554255008698
2.2608971601724623
2.303556107878685
2.3383959782123567
2.279726014137268
2.383179975748062
2.2933360135555265
2.292628754377365
2.28755069732666
2.4024671003222466
2.299605707526207
2.289040805995464
2.3539813524484634
2.2840605902671816
2.291826241016388
2.258552789092064
2.2658355963230132
2.269235296845436
2.2484402775764467
2.251871879696846
2.262885181903839
2.2471429830789567
2.2777838188409807
2.2915930026769638
2.2297184747457504
2.239468827843666
2.331930128931999
2.2687611478567122
2.2924437028169633
2.239246069192886
2.215412985086441
2.2591161370277404
2.2919076889753343
2.2046373289823533
2.2399460285902024
2.230028534531593
2.220189861059189
2.237165728509426
2.326803061068058
2.193084524869919
2.2846238952875138
2.2148870545625687
2.1906650882959364
2.2088783964514733
2.1980569976568223
2.191759201288223
2.161970956325531
2.200967914164066
2.2028583562374116
2.27525187253952
2.3310302364826203
2.197427207827568
2.214717015028
2.17558739811182
2.159174397289753
2.172935234904289
2.221188563704491
2.178654808998108
2.1444494551420212
2.210658752322197
2.187922947406769
2.216014190912247
2.1909679269790647
2.15174143910408
2.242546004652977
2.149073657989502
2.1431329900026324
2.159644855260849
2.20483999311924
2.1867635279893873
2.141224177479744
2.1370499885082244
2.102599731683731
2.163938375711441
2.146989320516586
2.097505276799202
2.119018899798393
2.105800452232361
2.0917897444963454
2.1153352588415144
2.2174639946222303
2.16449076294899
2.140254855751991
2.0610316449403765
2.096134276390076
2.1441943058371544
2.1757894587516784
2.166195447444916
2.0851273867487907
2.1541532671451566
2.096028100848198
2.148374699354172
2.144801829457283
2.0966964969038964
2.0843651378154755
2.0646274626255035
2.071431527137756
2.0907885032892226
2.112277787923813
2.0758282002806663
2.115124523639679
2.155526220202446
2.1013003325462343
2.0865831220149995
2.058673556447029
2.0570867651700975
2.042862100601196
2.0516318410634993
2.107282915711403
2.09619951069355
2.0326503539085388
2.079732816815376
2.0924807852506637
2.0855560833215714
2.0708259654045107
2.0538254886865617
2.0190450605750083
2.1662106853723526
2.1215626221895216
2.0377041935920714
2.0683313804864882
2.010635560154915
2.016889410018921
2.01221508204937
2.0359073251485826
1.9959356504678727
2.1001174491643906
2.0480189228057863
2.0936449658870697
1.9826834189891815
2.0658795499801634
1.9948279240727425
2.0073987343907356
1.9788749492168427
2.0615543055534364
2.0051427239179613
2.0504487067461015
1.981162964105606
2.0774945059418677
2.0603917062282564
1.9773655319213868
2.039916210770607
1.9795279282331466
2.011170884370804
2.0074696826934812
2.0077451676130296
2.0615426516532898
2.0173930525779724
2.0408892071247102
1.9600320941209792
1.9869465747475623
2.0376978409290314
1.993979275226593
1.9769614684581756
1.9889829754829407
1.9562841433286666
2.005850368142128
1.969818549156189
1.9911681360006332
1.9416970294713973
1.994349064230919
1.99517025411129
1.9764554423093796
1.9736875808238983
1.9430611246824265
1.9624965730309487
1.9386609613895416
1.937645053267479
2.0103306806087495
2.0359578883647917
1.9591526317596435
1.961395082473755
1.9524007159471513
1.9736750414967537
1.9336518722772598
1.9294415205717086
2.0699419260025023
1.9441373062133789
1.9514018481969833
1.9504465210437774
1.9099381530284882
1.9053764164447784
1.9445297265052794
1.9006097662448882
1.8973918068408966
1.9465371292829514
1.9405309623479843
1.8990930289030075
1.9415414249897003
1.9209623974561691
1.9530283570289613
1.9299568212032319
1.935890451669693
1.9092290252447128
1.9341688644886017
1.9062780386209488
1.9110374981164933
1.9204854321479798
1.8967829257249833
2.0016463485360148
1.894283583164215
1.8617765766382217
1.9849496620893479
1.967849107980728
1.9178264510631562
1.9064603286981583
1.9079563426971435
1.880308948159218
1.9886677095293999
1.8810370969772339
1.8754517048597337
1.867034642100334
1.9482844632863998
1.9056835889816284
