37.26823971406469
10.670929467902994
5.881513284062439
5.077753016408884
4.632150882819913
4.304079588854088
4.063730546326007
3.8506012525198594
3.6986102945399733
3.547296995543084
3.456647471436914
3.331246219153674
3.245908853018059
3.1868004916973836
3.099616158121037
3.0465655248120145
2.9853449154574916
2.9414800506717755
2.883067731868546
2.8602054304671736
2.817251105353517
2.778186900435754
2.7456255448314377
2.7132644653320312
2.702545845283652
2.6653284273057616
2.6516459561743826
2.620968459349758
2.6061956179591843
2.5828378970892922
2.5672905512575834
2.542175403181112
2.5217387468185066
2.507033252491141
2.4931190210693286
2.470706118446476
2.4619655094619066
2.448401546140887
2.429285368267095
2.4221605799108183
2.4058978658802106
2.4018889823049867
2.3912431676432773
2.3750008558327296
2.3574832722825825
2.354492428730119
2.341461547421959
2.328674062805356
2.3352144619203963
2.3185108632973903
2.3083889526578614
2.3004623083573468
2.301190588834151
2.279504701214017
2.2726838442514525
2.271056148241151
2.2555543943396152
2.2497622469123804
2.245493732533365
2.230041573351284
2.223721682463052
2.2225523051225915
2.2217226770688905
2.1998053832717663
2.199536866455708
2.1900912995608346
2.1861190846506156
2.181632011004214
2.176280474887704
2.1583874742939786
2.1638039328017324
2.1544996185122796
2.150274670911285
2.1424254336447084
2.147395614745482
2.133550684688226
2.1258547024906806
2.1186045666910567
2.1194085889267473
2.1055264534815303
2.1072144154107795
2.100375567967037
2.1062748786413446
2.082485054180307
2.082200691947397
2.085021101641205
2.0746737279981935
2.0602012515630364
2.0852726293060013
2.0564458493916495
2.0510313882018036
2.0471045852832073
2.043989320970931
2.0374665996938384
2.0372520086337937
2.0332944151365533
2.0305598597481564
2.036869000432626
2.0100990744694225
2.012726738205496
2.0075954457498946
2.0199431684219613
2.0043927425483488
2.000811885550337
2.03061188644958
1.9918750192759171
1.9848366452837891
1.983329471552147
1.9803521585352015
1.978239450252281
1.9733571100909755
1.9641979907481175
1.9613315046958204
1.9627616174940794
1.9579942400725383
1.961998755639454
1.9542574154318504
1.9439523636170153
1.9345798270319992
1.9325707670090333
1.9303689496415966
1.9311936371169
1.924032430603819
1.9208235926223252
1.918162446820511
1.9097228578801424
1.9077725118061282
1.902381622004059
1.9079892455406908
1.9021527396058135
1.8937093733616595
1.9098027230433698
1.8857236566408626
1.8969854600024674
1.8851589105039273
1.8785248868307978
1.88082199895157
1.8806659635507836
1.8696503228736374
1.8717957389242244
1.8621959497906126
1.868064618897888
1.8532404910843328
1.8483452818022583
1.8573114590824775
1.8557066141434435
1.8506661318945434
1.8370083897673297
1.8348939725250568
1.8393441247490216
1.8384748863161735
1.8294013277539667
1.8229861349429723
1.8231746328748621
1.8192743729307967
1.8154625819539123
1.8141596064252674
1.814329929228099
1.807592178571899
1.8171785175800323
1.8148768816916447
1.8087170658246525
1.8063830764226194
1.7975726400343877
1.799246661505609
1.80519330192287
1.7895856924214453
1.7888003809834427
1.7909974413660337
1.7964833634641935
1.7886536520607066
1.77661276960148
1.7731349628488973
1.769533118830537
1.764522450150184
1.7720764422754072
1.7697035526891924
1.758813811922973
1.7544354436532505
1.7784973098984305
1.753250705464831
1.7578785349175614
1.746283490983945
1.7466722473783314
1.748592325257805
1.741440065626828
1.7428801709188606
1.742181730720232
1.7465489124352078
1.7279615882994994
1.7365624544755467
1.7224359259290516
1.7316986862218604
1.7285122666156516
1.723301281344216
1.7288191818966057
1.7245060315109648
1.7299546680922777
1.7207078708792634
1.7112951138109531
1.707100291297121
1.7225436025633003
1.7065985025662296
1.714476929239507
1.7023243547048208
1.6965178318743437
1.6966381120794225
1.693489691840028
1.699604923995036
1.6897391406994946
1.690124994178988
1.6879116738179945
1.683028684753292
1.698835407225591
1.6890065391670983
1.6736568220943775
1.6774213305621777
1.6746220543699444
1.661888320490999
1.6695904442161884
1.6649956503566705
1.6592505110322304
1.6653809887620639
1.661403313279152
1.6523857971407332
1.6536904463790498
1.6517834432844847
1.6496938275841047
1.6478899846661765
1.6564341910042852
1.6477342200166774
1.6439166684757989
1.6363490974565722
1.6424105766246904
1.6375091157431871
1.638761302491404
1.630212682598042
1.6393761333991896
1.6266392969860222
1.6267851442098618
1.6212778873038742
1.6124976309684087
1.6220900970247556
1.6205411283475049
1.621668276921758
1.6273590424713098
1.6109831847672194
1.612306977499206
1.6101274279490956
1.6082064129833906
1.6218442239289015
1.6058684789909508
1.5998387865300447
1.6036649672490246
1.5914582230572432
1.6032712957206763
1.6064604408336136
1.5932191160489928
1.5912917377251499
1.5902834663975913
1.5867934749936157
1.579452155474222
1.5881380416312307
1.5936844317980532
1.588049904074309
1.5744719696494769
1.571123865977773
1.5743634332463425
1.5741779995414447
1.5820498747645684
1.5684811242346495
1.5766963390809186
1.561726986237292
1.569897492539208
1.5584464340277437
1.5643319470702477
1.5730092182474316
1.558724139377756
1.5610273241434458
1.5517066019885946
1.5522207004844017
1.5513542561598543
1.5447774973680388
1.5419433434616845
1.539979005759617
1.549678456108525
1.5340299187403805
1.5439654875476405
1.545333722852311
1.540223870074974
1.5399710611914688
1.529313677605593
1.5284048358224473
1.5294901692080047
1.5241095862298641
1.525903339655894
1.520429458539441
1.5202714083891995
1.5277071637365054
1.5279189390393924
1.5167817920446396
1.5166015057068951
1.5219316125478384
1.5155664648649827
1.510915290353433
1.5045491246119984
1.505982034048944
1.5018071788099576
1.5051119032333482
1.502398579469267
1.5038287884221886
1.5002147532858938
1.5065585135851267
1.4930178371240508
1.4831373099729699
1.4939420200743765
1.4917966535068907
1.4848141940134876
1.4956726831085276
1.4858244674385719
1.4869544233353633
1.5032622229378179
1.4831655329128481
1.4802866575290572
1.4839030543588243
1.4715096095822893
1.469098576116112
1.4683410306021851
1.4699268546306863
1.4719642774676376
1.4676156634429716
1.4612747773809254
1.4640151062663995
1.4678708835030503
1.4622372012093383
1.4633966290725853
1.4585534775594495
1.4563964158296585
1.4539169513110846
1.4494166722837485
1.4603980509740002
1.4464614413819223
1.445086249203052
1.4536638414522387
1.439380944618639
1.4517404844738402
1.444824939347663
1.4433775749408975
1.4402213754518978
1.4361785301622354
1.4336142461254913
1.436870017703974
1.4290996565009064
1.442510001783101
1.4262669733110465
1.4263606155818362
1.421435977209289
1.4248192762991168
1.43802159040604
1.4235356922419566
1.4234244320190177
1.4203693790818162
1.4154254304912854
1.423662928477773
1.4207685269274801
1.4187756681217338
1.4136770595357102
1.410497599052933
1.4058171687823422
1.4064769193811237
1.3989445789242692
1.4059369282902412
1.4092696978236146
1.401289610086747
1.3954837575273693
1.4065502471518967
1.3951143341244392
1.392379770020269
1.394185462369109
1.3872477128258291
1.3993819077622216
1.3894093115374726
1.3854487231879864
1.3923923561595521
1.37943567926029
1.3946594919236202
1.3812363698797405
1.3816241278963268
1.3869155501981951
1.3759805284581095
1.375543233920943
1.3760297523354583
1.379821869843411
1.379362516245752
1.3638702501665871
1.3745960312069587
1.3705008446045641
1.372255191206932
1.3686112592805106
1.369387593190625
1.3604260489063442
1.3660178833974983
1.3675708602059562
1.3625410740386765
1.3548551792243742
1.3585704448369313
1.3584441722563978
1.348916470442178
1.3552848705143299
1.3522432457725957
1.3455194608782821
1.3461622401790798
1.350605215104121
1.3402426467751556
1.3416016765360563
1.3449449221480567
1.3397815250000864
1.3352235409448732
1.3432155133418318
1.336217001923975
1.3310130812087149
1.3318451862290221
1.330819476606711
1.3534251954757943
1.3279169168112412
1.3358875040738087
1.324091931840159
1.3254505123169917
1.3268914020286415
1.3257010685947705
1.322319654080103
1.3203367250707914
1.3200036531911705
1.3183667049655374
1.3157629550627943
1.3301711090893116
1.3067575653768935
1.313898063493225
1.3101807661213964
1.3147885183680732
1.3126009157243765
1.307023508649952
1.3053529282223504
1.2988112051531953
1.306662787806313
1.307341362507838
1.3090332442859434
1.2937212173106536
1.2997942277283039
1.2950791924629572
1.2923165447307083
1.2986348985501055
1.288470099416544
1.296811061647703
1.2923212793638121
1.2897087200632635
1.2878412494681917
1.2812117598950863
1.2849959219401736
1.2863238661919
1.2852138368026265
1.28128781774134
1.2895606815252665
1.2757760679946755
1.2739759495235838
1.2758628773801732
1.2756167383126493
1.2777479327512238
1.2714733368945572
1.2703905397990964
1.266536607494894
1.2670013252294288
1.2653268030229605
1.2663235557529162
1.261602739399334
1.2648062863439884
1.2571237866046294
1.2667663467099082
1.2610387858354821
1.264337623737893
1.2572876704189013
1.2514400634000886
1.2522537446809265
1.2525671630535486
1.2517492132929136
1.2542858345890946
1.2492576941566647
1.2507044144396513
1.2469524389730309
1.2461930519005038
1.24169803621634
1.2372184432340119
1.2427239994395454
1.2444940387921513
1.2402509425608617
1.2379408703660064
1.235565960969565
1.2342756223284974
1.2335195218054753
1.2339158946613096
