93.19794534683227
38.13887333869934
18.808816351890563
11.440874129533768
10.679702091217042
10.122478003501891
10.012068173885346
9.655226224660874
8.988225822448731
9.079361559152604
8.590628502368927
8.078769054412842
8.33847903728485
8.129736347198486
8.20590543270111
7.69327488899231
7.702633519172668
6.9668509978055955
7.545720410346985
7.136001341342926
7.244140222072601
7.478588562011719
7.248811309337616
7.015548512935639
7.028218319416046
6.78985456943512
6.65480211853981
6.606673181056976
6.806497856378555
6.919457777738571
6.840573949813843
6.806841742992401
6.749994772672653
6.773490710258484
6.687513803243637
6.490652413368225
6.648414838314056
6.533930706977844
6.574321199655532
6.353536078929901
6.3036234509944915
6.597753553390503
6.546039987802505
6.463854658603668
6.494260404109955
6.4598784518241885
6.612659239768982
6.42276561498642
6.23984192609787
6.26342396736145
6.033298033475876
6.4455512380599975
6.279987314939499
6.111654316186905
6.332293088436127
6.48117550611496
6.490365254878998
6.157167532444
5.717050762176513
6.081407110691071
6.013118814229966
5.9660857331752775
5.821191799640656
6.130482316017151
6.247347130775451
6.184594104290008
5.87715453505516
6.2475380921363834
5.999520153999328
6.196752742528916
6.0881284022331235
5.769972063302994
6.3952816593647
6.371483676433563
6.0409248518943786
6.331565607786178
5.803822203874588
6.219371008872986
5.86914962887764
6.183069851398468
5.96108048915863
6.060907361507415
6.311306134462357
5.913562127351761
6.192516634464264
5.797348062992096
6.240305022001267
5.889066387414932
5.850765779018402
5.9496536743640895
5.971279108524323
5.864449735879898
5.956784753799439
6.176969184875488
5.750687174797058
5.749573023319244
5.874283082485199
5.775798223018646
6.007453795671463
5.8419361078739165
5.716209580898285
5.496522753238678
5.798959391117096
5.983746523857117
5.859969763755799
5.881911270618438
5.9449031758308415
5.854389340877533
6.077965168952942
5.594530384540558
6.021440960168839
5.617724734544754
5.9484240448474885
5.945055434703827
5.518635677099228
5.947019138336182
6.08678909778595
5.349920716285705
5.6455489540100094
5.521676884889603
5.7184618008136745
5.632404941320419
5.846745657920837
5.589105871915817
5.572212233543396
5.537103821039199
5.610279277563095
5.463987165689469
5.527951467037201
5.705818791389465
5.746649639606476
5.5159761381149295
5.5026833283901215
5.390749650001526
5.602025965452194
5.507874817848205
5.513267748355865
5.586525934934616
5.529404149055481
5.755501638650895
5.632502641677856
5.823594417572021
5.566986480951309
5.4741462707519535
5.476422671079636
5.548100211620331
5.418221973180771
5.679006766080857
5.568723952770233
5.659523550271988
5.478728843927383
5.789122191667556
5.39562735915184
5.5659385323524475
5.41720430135727
5.479851058721542
5.528493245840073
5.131272830963135
5.390000976324082
5.533468642234802
5.633802140951157
5.524751874208451
5.452066507339477
5.355588802099228
5.425331491231918
5.481202297210693
5.317395521402359
5.642352447509766
5.479293084144592
5.586445744037628
5.654520630836487
5.366009957790375
5.3446521413326264
5.403613777160644
5.621766963005066
5.474852319955826
5.814092619419098
5.669916945695877
5.2799477446079255
5.154523473978043
5.3536673212051396
5.516668322086335
5.395300672054291
5.243037191629409
5.009853718280792
5.21899629354477
5.150269019603729
5.5733393502235415
5.241068432331085
5.361675609350204
5.48986030459404
5.5858834207057955
5.366510233879089
5.434651305675507
5.526016844511032
5.434633105993271
5.354947326183319
5.454698803424836
5.492821500301361
5.465823833942413
5.26254564166069
5.239054665565491
5.2091446876525875
5.428308918476104
5.21892573595047
5.525016289949417
5.383052761554718
5.462854319810868
5.326954936981201
5.333226814270019
5.5781424629688265
5.321126512289047
5.345602486133576
5.275421562194825
5.125792829990387
5.575391371250152
5.154099379777908
5.4148938024044035
5.164286767244339
5.38146228671074
5.3001705062389375
5.29566105902195
5.2265386283397675
5.04256406545639
5.113324933052063
5.199850157499314
5.181002906560898
5.5192464983463285
4.958911284208297
5.087314727306366
5.436654702425003
5.157094323635102
5.010974541902542
5.105036902427673
5.091848113536835
5.2753589773178104
5.278672115802765
4.986694356203079
5.275254993438721
5.17546818614006
4.855163415670395
5.176999419927597
5.319800090789795
5.2814167368412015
5.050325330495834
5.160525952577591
5.256566195487976
5.204874343872071
5.193457864522934
4.995287555456161
5.2425139832496646
5.3706692433357235
5.104526411294938
4.887978104948997
5.103357338905335
5.002966829538345
5.314781262278557
4.914841182231903
5.232503662109375
4.967024527788162
5.008894040584564
5.171321972608566
5.142151087522507
5.157573598623276
4.984029725790024
4.941441576480866
5.058503204584122
5.120695053339005
5.410300340652466
5.031741851568222
4.9319700944423674
4.625126881599426
4.997860583066941
4.958683005571365
4.963784971237183
5.28032657623291
4.9078797352314
5.0166912007331845
4.978241010904312
4.950272850990295
5.132216325998306
4.804431426525116
4.958134869337082
4.953339980840683
5.107330180406571
4.963963382840157
5.253649883270263
5.287289270162582
4.837535319328308
4.834807155132293
4.874645148515701
5.108314282894135
5.006508950591087
5.214573433399201
4.988841991424561
4.955508195161819
5.052767342329025
4.951970994472504
4.785353146791458
4.782990288734436
4.88175989985466
5.133198195695877
5.025022387504578
4.950280930995941
4.841766756772995
5.177243831157685
4.855273524522781
4.998541270494461
4.69934826016426
4.801565037965775
4.897012660503387
5.015741328597069
4.954344507455826
4.7551741993427274
4.970002270936966
4.929412202835083
5.050863485336304
4.965162435770035
4.964036422967911
5.1235087144374845
4.841396298408508
4.973886913061142
4.871070469617844
4.961644049882889
5.031191267967224
4.712650706768036
4.886008521318436
4.875963673591614
5.069012175798417
4.766818187236786
5.025394743680954
5.040150592327118
4.8476180756092075
5.013848371505738
4.763633799552918
4.980655560493469
5.098458654880524
4.860645962953567
4.945022301673889
4.819538009166718
5.056808294057846
4.897400677204132
4.9831106567382815
5.029061317443848
4.679054837226868
4.7881131792068485
4.760829440355301
4.892643597126007
4.894559535980225
4.990167353153229
4.853734064102173
4.795874071121216
4.724428479671478
4.9494058406353
4.309725346565247
4.863780364990235
4.809593545198441
4.9277273416519165
4.874772449731827
4.752325211763382
4.805581656694412
4.808084861040116
4.981929225921631
4.9426695299148555
5.028631922006607
4.724461277723313
4.894112464189529
4.9476026439666745
4.948444561958313
4.917096774578095
4.8441145443916325
4.913802186250686
5.111169043779373
4.817849338054657
4.809366334676742
4.681273161172867
4.674040822982788
4.95891587138176
4.92966325879097
4.578114528656005
4.957605046033859
4.804166620969772
4.62628357052803
4.81668360888958
4.795694617033004
5.005624916553497
4.791332756280899
4.8058969283103945
4.8599207770824435
4.89881818652153
4.811632645130158
5.036217230558395
4.7551219940185545
4.792321025133133
4.717710263729096
4.6409135901927945
5.019015969038009
4.768054243326187
4.669883975982666
4.844108271598816
4.903462904691696
4.6146069169044495
4.638073422908783
4.665683454275131
4.591863708496094
4.712794852256775
4.935386193394661
4.746164978742599
4.6344736278057095
4.866164869070053
4.692768610715866
4.844817305803299
4.836206202507019
4.791822019815445
4.66545265674591
4.731378507614136
4.7858897709846495
4.759331042766571
4.641106705665589
4.653604516386986
4.590576144456864
4.732384026050568
4.816818083524704
4.438183072805405
4.887882779836655
4.776870193481446
4.641634111404419
4.737764010429382
4.67536320567131
4.617387852668762
4.707495027780533
4.74522784948349
4.766989842653275
4.566969212293625
4.832227709293366
4.697165478467941
4.743331145048142
4.516394037008285
4.788068866729736
4.531159874200821
4.522011612653732
4.688468345403671
4.665532027482986
4.727882663011551
4.485859416723251
4.647452067136765
4.73397974729538
4.776026849746704
4.58900383234024
4.535384423732758
4.813166457414627
4.698542307615281
4.704080680608749
4.636369829177856
4.525928719043732
4.5962657034397125
4.314818011522293
4.542106374502182
4.513308824300766
4.512651965618134
4.559081815481186
4.68910982966423
4.570359591245651
4.692208930253982
4.619727438092232
4.518518805503845
4.79386325597763
4.735011394023895
4.465925964117051
4.618578338623047
4.478248842954636
4.725971211194992
4.590734258890152
4.492010395526886
4.657921297550201
4.68832099199295
4.518472228050232
4.42746185183525
4.451916295289993
4.667945815324783
4.5893486338853835
4.561938871145248
4.703078668117524
4.723559755086899
4.595459707975388
4.4668179595470425
4.551430034637451
4.555572266578674
4.4508618795871735
4.630307906866074
4.320304967164994
4.501761994361877
4.713384821414947
4.643401751518249
4.460735900402069
4.585654711723327
4.499469586610794
4.48131041765213
4.527653498649597
4.757141181230545
