7.784968684148942
5.466158354780681
5.235028530048788
4.907253889217254
4.382614431465553
4.362113020715223
4.16365796212598
3.789672983037697
4.201072703987072
3.6791454204792378
3.597414935708429
3.4443259214281654
3.512465366979887
3.1757803133829614
3.594722288789473
3.0228103675259654
3.0242600232075265
3.0242276897001115
2.8438587409123732
2.8213744259340587
2.855833286449457
2.7577100101966185
2.639236408797874
2.670000217543538
2.722628298488077
2.5511733014675584
2.479297699748128
2.597011057893563
2.408332005382734
2.4498484449946227
2.3470429398622543
2.3545691742774375
2.499485828581347
2.331264251681386
2.2732076154261156
2.2448155809062085
2.2783111766986908
2.1980871192128713
2.180389366253396
2.1328154259939285
2.1156049563378767
2.0962030902936144
2.037681289616122
2.0995316673130087
1.9969811139574387
1.9936594782918213
2.0063885444613514
2.0286531373618883
1.921437823120804
1.8745214203162974
1.837567816114119
1.9240774263139706
1.8752376368191463
1.84129061815823
1.8039469415160236
1.7848463278874707
1.800116944255553
1.7877140914799698
1.7663139652017612
1.73814593490297
1.6562480469416958
1.70904766152526
1.6601925588114086
1.7053190061996222
1.6785679205150084
1.6452691963727069
1.5738266929744524
1.6245882682669968
1.606544460131041
1.5904852729709968
1.5531408238640936
1.5523389954467295
1.5280237715343954
1.524649740702853
1.515902456794521
1.4747583163704518
1.4985521344701578
1.4419464502495585
1.505443202720961
1.4061197754941952
1.446437046267212
1.4025511111093871
1.3812340259839484
1.4659706173506581
1.4135573677886337
1.372765556840268
1.3202221550742146
1.3611531967231314
1.3480547778667744
1.3282727977662225
1.3160440311842025
1.3084713969966606
1.2688278684757914
1.2698588036839218
1.2921544077216238
1.328661813900785
1.2250353834349244
1.2134206067902482
1.243312697366503
1.2235020158566845
1.1843324198696008
1.1920027678706637
1.1982689837167502
1.2384261786458577
1.1667002996256113
1.1377527368317846
1.1354261064165274
1.1463527260677608
1.132728906498078
1.1508451961340245
1.1167341964708648
1.12486394022822
1.0966002437558589
1.1013558689995977
1.0581304044298037
1.070745078840823
1.0855847746133804
1.0727636260714177
1.020255647144517
1.0770297834344231
1.0074900261746342
0.999361982922462
1.0386686536612235
0.9798102672556206
1.013484718379867
0.986225807063066
0.9786827981807411
0.9446628822486883
0.9588399909891883
0.9717198517353205
0.959690807956208
0.9247303225123997
0.9283455139044013
0.9316283098371082
0.9477900318873274
0.8858899845954307
0.9040293440558136
0.9102461305461896
0.8668532283359786
0.8622911754288858
0.8898939884648063
0.8611296797680318
0.8607959393471767
0.8311912031706506
0.8528566176485018
0.847970030147738
0.8847475796937943
0.7836335998783157
0.8187596851127324
0.8054323693755355
