37.182353745519585
11.832363175079886
6.149240368235428
5.138226143026774
4.7409227348006935
4.433553830712243
4.193795428866833
3.9903075135914627
3.8059915805284956
3.6480882415729288
3.5125362735933963
3.396462098687096
3.3034290191346565
3.2223938049468317
3.1448982880178806
3.0798496356052634
3.0187810996992397
2.9585041008164397
2.909055341134029
2.861465628695699
2.8215290998990556
2.777800758328058
2.7346648426182503
2.700194334561846
2.662762511620479
2.62596428658055
2.59665801461819
2.565484749532379
2.534142312750352
2.503328705783439
2.4835558950373557
2.455220144934359
2.4385430211514496
2.4129394345578894
2.3959105273263646
2.370284780464341
2.355146908127101
2.329880901670034
2.311428827522075
2.292856788213274
2.277600371995858
2.255210960860801
2.2437395490376297
2.2260530422219134
2.203758466560229
2.194481620746376
2.179189041652511
2.1657850220140102
2.1565997223410984
2.13973335354729
2.1279929064016425
2.1155008686854777
2.0987479723660294
2.0901664622062075
2.0751537271832996
2.064564638433203
2.055048567531383
2.0431152363266567
2.0323168366356232
2.0218450369033136
2.011963732474673
2.0027528410464264
1.9949745245739423
1.9827134957355736
1.9739961091396028
1.966170801261885
1.9636207418104188
1.952426499497574
1.9396547123921657
1.9318692773844288
1.9268263670722996
1.919668812667374
1.9136946923964846
1.9117662948844707
1.8970347603337954
1.8928364177720736
1.8780023001991542
1.877802504638655
1.8692398211069867
1.8631280486562611
1.8622586510877694
1.855778043249012
1.8465346026737077
1.8442390081101814
1.8370482684236713
1.823794503127579
1.8217742714734204
1.8144094292568949
1.812518365615237
1.80304597964329
1.7983309452512624
1.7894152278921245
1.7879067400915434
1.7828768760757108
1.7757964532459731
1.7705127652240011
1.7696813091767574
1.7601028097941813
1.7548171498079215
1.7586099832458835
1.7453621441284113
1.7413851072830437
1.7355123718755434
1.732460738283343
1.727897934417809
1.7238198149520738
1.7138067892694895
1.7096573148681
1.7077141272283234
1.7015725063011709
1.6979014612404646
1.691362156013472
1.6932373642921448
1.6861620621871105
1.6808850926108065
1.6802676686670928
1.6689583440270044
1.6669733885642701
1.6669940713760072
1.6638551270012307
1.660144234125593
1.6513344497807259
1.6498319881152264
1.6515613401358107
1.6378929111282383
1.6358729666840715
1.6256420163981682
1.6286298767127823
1.623644844093154
1.6192220544393083
1.6140042791324378
1.6181525057923478
1.6071756508498065
1.6040382456462996
1.598240848663634
1.5970947476087418
1.5914112627506256
1.5870509988966242
1.5885985770584208
1.5811808834561205
1.578723823074746
1.580309835682928
1.5750883406242437
1.5685934213410437
1.56691386689127
1.5621817460102319
1.5611852022398889
1.5579035266310768
1.5498831472565642
1.5496281301025796
1.5473393639632032
1.5379404043201852
1.5417428871171663
1.5379414299948027
1.5320916231227133
1.5269261324300176
1.5252266547321218
1.5201431702723545
1.521497280196806
1.5133732818396746
1.5084256210685831
1.5065158275903854
1.5066434094863654
1.5015419803361978
1.4998274448171127
1.4935648264610661
1.4917725153201449
1.4937839719046533
1.4837348123567293
1.4857129072193551
1.4827861203029093
1.475333640533211
1.4773417046639772
1.4639848322994942
1.4655216874274533
1.469129425761974
1.464540215192643
1.4593709707260132
1.453649814413712
1.4525061471272358
1.4455950152030033
1.4413022438509275
1.4454099488469352
1.443126981764768
1.4367116378471914
1.4319856211674953
1.4276835741722478
1.4266543636279823
1.4266915136733942
1.4199244420876544
1.4164962755367818
1.4211546533403143
1.4116460699423226
1.4044069674162738
1.4081129769308378
1.407814845047166
1.3978296323160155
1.3970152026256628
1.3950444850246464
1.3908708208957605
1.3880326948334685
1.3925186010588586
1.3818306471921702
1.38432515168612
1.3800440172178556
1.3794185571965918
1.3719421313927236
1.3750294694858314
1.3670693810007213
1.3654813969557265
1.3628817195385958
1.3565099880231166
1.3578839702943786
1.3499024660713905
1.3594375727450954
1.3497802979123277
1.3453387991253254
1.346764085567103
1.3391223159511532
1.3344342189025036
1.3386415454138696
1.3386365188434062
1.3274966792195244
1.3264879929808389
1.3278669664817573
1.3215990169385894
1.3185032194694586
1.3205451263790637
1.3132208612112872
1.3100379061909904
1.3109052563663077
1.311383809663553
1.3040691416347976
1.3042272782958715
1.300358663222431
1.2952452156923513
1.2977713457251017
1.292436514544276
1.2893609151376033
1.289183174878095
1.2802711445673378
1.2808915941061172
1.2824453265793556
1.278692460824958
1.2795805033065577
1.2704123150458377
1.2702576460036556
1.271247617966306
1.2670418596373194
1.2615149814998154
1.269755633003944
1.2553632538930504
1.2530680715510276
1.2543272805952392
1.2482473939920948
1.248407397386247
1.2516683358534249
1.2419337421919392
1.2415138447442942
1.2517610742191299
1.2335076603741773
1.238180868393552
1.232612004849763
1.2338231037148333
1.2301126889950407
1.2298699854749493
1.2229638094395663
1.2237264619464367
1.2215631456501717
1.2232574076779121
1.2174983290971908
1.2150913012766205
1.2070085414215528
1.2085197636511473
1.2046395745952572
1.2088617464873643
1.199891578307194
1.1998106660568608
1.1974416451644054
1.1990214897468028
1.1913401171960663
1.189024957935367
1.185906752020912
1.1848497724374838
1.1813894170047963
1.179033815069536
1.1808678138572557
1.1745683242261937
1.1726279695213369
1.1717960995382968
1.1697383406942925
1.1687952926201104
1.163564641655019
1.1624814676763737
1.1588412361071172
1.163196539193128
1.1600153757407603
1.1536119295432505
1.154095985720643
1.149408351135465
1.1509901086049796
1.14742957424801
1.1470673077665599
1.1401841542889586
1.141605190998685
1.1399354689416632
1.140315203540093
1.1291391469736014
1.1309330952642238
1.1302509352696681
1.1289691471420558
1.1270715591654312
1.1292790277341826
1.1222928815183386
1.1213148554078245
1.1179385840629055
1.1192902803948495
1.1109883410740742
1.1106215828815393
1.1122114521212283
1.1131276694019283
1.1042887830892496
1.1035883727326858
1.1039296636539222
1.1003338185559333
1.1004127361605653
1.0960968287117714
1.0966981091594274
1.0940716837623479
1.0913634611442027
1.089271795696917
1.0832791043593821
1.0850221675581637
1.0799030531032952
1.084797628026093
1.0833675228388964
1.0835318027344425
1.072190840291766
1.070073476934855
1.0720685071649805
1.0708758717617102
1.066040550976728
1.066180247780496
1.0660963773199943
1.0601148629083044
1.057733148600148
1.0618297640992478
1.0593968230274926
1.0604702397785355
1.0522921080082919
1.0528151014473586
1.051698121481237
1.0563596763969523
1.0422792647000962
1.0436986531831522
1.0429013196082242
1.0423032816796176
1.040333453401
1.0347043960231594
1.032360676511199
1.0370895577742991
1.0291889485268466
1.0317459048423092
1.0252482016793394
1.0276668688892263
1.0246738051682447
1.0215845383637774
1.0236089141231723
1.0196364046593682
1.0195121902280149
1.0133194012188278
1.020854902478446
1.0107106716759438
1.0183086528451042
1.0043723554210324
1.0050956134775044
1.0052144311170663
1.0019558244838125
0.9996173687740765
0.9996331657192349
1.0037928304049821
0.9973736657241804
0.9913838343546454
0.9907058149048712
0.9891617532852477
0.994002271542507
0.9887824691502394
0.9890444273442294
0.9816847738966478
0.9846572100588705
0.9834087343342537
0.9787575181870334
0.9735537187188072
0.980196991193611
0.9704867669966368
0.9710110991665747
0.9758254657540701
0.9670176081425321
0.9657929366932506
0.965029762777607
0.9647898329833967
0.959902490002919
0.9581434623857515
0.9599601899364353
0.9629900775915754
0.9550257926493619
0.9515297075288486
0.9509015050345817
0.9484330552869138
0.9491147330376954
0.9449317871996786
0.9429500406294797
0.9436452229202321
0.9416999208979902
0.9373074224037407
0.9359384955821839
0.9392121008275884
0.9386054998741741
0.9362193450199819
0.9379620123489768
0.9286740059609961
0.9352526849350044
0.9246906792431806
0.9229918966251137
0.9237946101785761
0.9273905572110572
0.925656787985194
0.9260067565251241
0.9179117322231816
0.9159084691674308
0.9117042725592588
0.919720393893993
0.9133137084741508
0.9066650266140963
0.913205976111699
0.9104567130582523
0.9050494676406404
0.9022233590351797
0.900718527821313
0.9005229044540793
0.9009101684905786
0.8965644823238913
0.8996293081910209
0.8933430261316553
0.8894135021002947
0.8893809257882886
0.8887210521286568
0.8875105088263486
0.8899882987009741
0.8829883126030981
0.8851922051569002
0.8854760573764818
0.8811516275184345
0.8768258735669398
0.8756291122563118
0.8747842670541949
0.8764921350289235
0.8742836878626747
0.8702867323845889
0.8733565233713758
0.8678070215788563
0.865159013498146
0.8667124331788679
0.8651564887403387
0.8633323791807732
0.859317146835074
0.8597595194535973
0.8600101242814444
0.8553044267196571
0.8557562801690228
0.8629996028885377
0.8508261026798096
0.8510572306350269
0.8465324617856371
0.849826810106767
0.8493126334078545
0.8419621874273351
0.8423353529873148
0.8424105526862946
0.8399055114889566
0.8386082351207733
0.8348564996128589
0.8363277583786871
0.8390918182851994
0.8317592625333144
0.8300365172656237
0.8298458696994107
0.827089284241727
0.8363877078600689
0.8276226251526216
0.8225056183549155
0.8221508824983529
0.8229017708681327
0.822775749769886
0.819123630370714
0.8190795495710542
0.8138050100708429
0.8206285488816489
0.8117880878590904
0.8172267506607865
