8.774713249333137
4.94592406422691
4.382164509950486
4.053126254967884
3.8332920965895187
3.6332772421625865
3.4862856506246382
3.351057675032489
3.240541806790681
3.1517878839399964
3.073111979834801
3.0041014726183057
2.958551347255707
2.9229497672182267
2.877453873642778
2.833783581721044
2.808406182095013
2.7619388050737634
2.735058605143454
2.704562528470976
2.6809924877850357
2.6516539317316714
2.6348982738182607
2.6056316922196245
2.5864324469481947
2.565131544011884
2.5491381393069714
2.521105690340025
2.5198876414678795
2.4936155502775073
2.4693545277139783
2.4771870137315934
2.4471963301169133
2.4360135340057645
2.4287377442933815
2.4063712469244427
2.391800806585666
2.3813956437912664
2.374732360375666
2.362638175751256
2.341390540642021
2.3384108353505093
2.3244709762851747
2.306211852921849
2.3136626882890683
2.289081043901697
2.280996600083545
2.2687450061857173
2.2635145340345604
2.248193300403325
2.2507024417936274
2.2459008994355667
2.2352718135951894
2.2175970270042926
2.2092611758054885
2.2080720019551503
2.2024458124574307
2.1877469214717897
2.18981863597853
2.171577397173485
2.1727920939437055
2.16593904041611
2.1542925663226473
2.1482013123752797
2.144893479558219
2.132128375821409
2.134007922052282
2.128891694334756
2.1270281799071658
2.1149583116041875
2.104437636063162
2.091418261285377
2.092280948847796
2.0868337571093467
2.0829488313303584
2.069539608153622
2.070126411134163
2.0673559429371253
2.061678177223796
2.0586454625678274
2.042468995119618
2.0483076524945485
2.0369857169885552
2.0412389984173056
2.0342144367441666
2.026033020125026
2.0278444295435882
2.018603294824077
2.008339644533343
2.0062969680381033
2.007242222802829
2.0020188045712697
2.0041806803340405
1.9843082037647213
1.9888366682339558
1.9892636044363006
1.9774956481646648
1.9770009491295941
1.973802412241961
1.9637239079559798
1.9621002175639162
1.9586901332424804
1.9616687057820041
1.960348850857895
1.9528793265334272
1.9457145396587068
1.937736018041594
1.9411197188681206
1.9295759957976046
1.9335979663692744
1.9340744938998096
1.924004174439253
1.9238846038295105
1.9090816109581332
1.9195921059730834
1.9108589317946307
1.9137862414385365
1.9066654984402445
1.9075223682201015
1.8975629708935728
1.8969061345653195
1.8940697288618678
1.8909367700066186
1.893942331582044
1.886919881917734
1.8864185625472956
1.8823602339335248
1.8820053412850979
1.8785289800272578
1.8621758876648624
1.866361648108052
1.878166708007323
1.8614711576858454
1.854300529555937
1.8574880482876195
1.859323768752866
1.8572415820265238
1.8480197745086873
1.8513297504555863
1.8594282219367744
1.8318233727353863
1.8399926642928504
1.8364493084692322
1.8353605228187764
1.8325297806115277
1.823641975632811
1.8208536532072894
1.8181756539682372
1.8184985178234303
1.8179957602931336
1.8252293660049945
1.8149296543766966
1.8088976561495689
1.8112640040638173
1.8059957533811046
1.7998413496312842
1.8002877689040868
1.807789780661068
1.789769323789968
1.8051387593809483
1.7823903594924286
1.7847741831720403
1.7827573207627356
1.786818531762182
1.7936060433894132
1.7767124893391026
1.7744813740780923
1.7749898375663082
1.7709167217258859
1.7752862606955842
1.7584830678142278
1.7745466933841199
1.7560891582902554
1.7585465944973768
1.7665348973421924
1.7683787290501383
1.7592074976558179
1.7467319042281766
1.7403330346651837
1.7453173517653373
1.750014784589278
1.7443771734174374
1.7396475936459228
1.7379341573841804
1.7334832562282023
1.7355383009509702
1.7434623062083152
1.7335844388050317
1.7262889872082567
1.7182595165429917
1.7222768577326715
1.727361840748154
1.7156276584199044
1.7230007600995292
1.7215780489212644
1.7149203024079314
1.702271953093267
1.7169249783047533
1.7089077482181312
1.7042035228383225
1.7051571990008902
1.7000498879799801
1.6978436763835165
1.7074630371237223
1.6888542101446506
1.6876574941968496
1.6924498864507254
1.693457604245802
1.6988215024492381
1.6822417378425598
1.6781453376850195
1.6906434550749516
1.689023737358836
1.6804692170261282
1.6684947884188288
1.6727400503854837
1.681096380790778
1.6628822170000161
1.6845193463089192
1.6647028603912455
1.6737042172292693
1.6683444225155146
1.6583720416621823
1.659565888411176
1.666218811959292
1.6535470232499385
1.664992931406055
1.658525892854792
1.6449601476171376
1.6465830475883145
1.6573626507172543
1.6647263628191653
1.6462939502918614
1.6398023274620022
1.6456822905920248
1.6423541766352359
1.6416320231108539
1.6295527900214744
1.6422706905719453
1.6322100022725299
1.6288007542622829
1.6272928609257251
1.6266011843639137
1.6278216638396272
1.6199798483764176
1.6247782121717402
1.6249791304622077
1.6153911254574767
1.614465299697049
1.6178222834008984
1.6315638457251862
1.6109103497150725
1.614872252519152
1.6014030095750251
1.6068834984197027
1.6037844991789454
1.600704033817865
1.6001190672406054
1.6055041229830378
1.6048445936325377
1.5923408512520578
1.6028772152103155
1.6047657182258843
1.5968117808873674
1.5895576387380077
1.5913512830713155
1.582113079528893
1.6004817050642672
1.5839949287144484
1.5893725797665859
1.5865698208851098
1.577467695801659
1.58032600278348
1.5825057011262504
1.5715118757391398
1.5767078734604658
1.5799598074064845
1.5785503928112772
1.576582663090883
1.563153139257853
1.5665472492707515
1.5715036067814954
1.5601608249465977
1.5660854369665669
1.5581196309190937
1.561551353572744
1.5585788749488054
1.55894238969921
1.559079241699877
1.5552300518065427
1.5517476124573597
1.5507521138781994
1.5591328898362353
1.559546065277758
1.5571543806422072
1.5527916033711053
1.5460022007469583
1.547734573087861
1.5351417513020271
1.5440981514685976
1.5413861699336397
1.5261327819486634
1.535655679428472
1.5401315831505091
1.5381881053996298
1.5216068736219828
1.5353443720171938
1.526847464320934
1.5161483293086027
1.529175383591019
1.531129017604136
1.5384856633907926
1.5130435312743735
1.5194074239878528
1.512814552119348
1.5122966576466519
1.5164833717641577
1.5155002720060602
1.516294445347997
1.5225878326238784
1.511163905658553
1.504116033558297
1.5039588547913374
1.5119818786604216
1.5090859461147172
1.5023918943067567
1.4922171480360285
1.4998208213168962
1.4949013601362178
1.4907388489330764
1.4976713306608453
1.4895835851146058
1.5006558288515142
1.4891923518307442
1.4988078968187348
1.4947556439226708
1.4743369960151942
1.4908128193521921
1.498648674087187
1.4805128598107702
1.4853846101106796
1.493326506783477
1.4895160849642965
1.4854446802519063
1.4715850574780354
1.4844634403697157
1.4782559205736734
1.4747973754342678
1.478866049673705
1.4645052557497953
1.487163986779947
1.46182548234948
1.4695738894222057
1.4618909828430784
1.4637629975259832
1.4681320464716547
1.4554391645752223
1.4569447035283114
1.4604853494504912
1.461697946607539
1.451624281902229
1.4615516177320902
1.4487056853496922
1.4556732069602054
1.443109865473435
1.4541048386455637
1.4534953661197054
1.441986308688611
1.4472447551984702
1.4395129564589104
1.4481247397123185
1.4470698743794872
1.4449208275934236
1.4350559977831039
1.4429616545681405
1.4367061726814878
1.435627715250032
1.4332714273338825
1.4311447552347605
1.4271915847748782
1.426921704965355
1.43727477145406
1.4328963157877457
1.4240637881829676
1.4349624841614108
1.429087349798827
1.4220966630804854
1.4240582740939824
1.4117094418116376
1.4176519062139292
1.424821803000121
1.4203731380732714
1.4292207104442394
1.4181218004859655
1.417938735105295
1.415549024543931
1.4212615706224356
1.4072985862736154
1.4056032798459044
1.4129543992797886
1.415026334534704
1.4004816460398446
1.4093053092998742
1.402277997637217
1.4008974767891706
1.3961977470765072
1.4027265217979397
1.4103575219622755
1.3977339694985247
1.3950548963209168
1.3939217036276792
1.3929636953151332
1.399378292064751
1.3806923809832177
1.3881437514735535
1.3907002651058467
1.3973183885084843
1.3772121177310437
1.3840075016549203
1.3890133827133517
1.3908476051503578
1.3888678600830315
1.3811359344857983
1.389993579777996
1.3797702077215752
1.386764505795673
1.374771045108812
1.3741417147416983
1.376159560627642
1.366169049940278
1.374639932033235
1.375513761971904
1.3712731760687533
1.3631151083823854
1.365767233403383
1.3704864071533742
1.389250829156521
1.3670268288228364
1.3576465557634303
1.365412559393233
1.3689541803524556
1.352801857532653
1.3602812404917404
1.3623063239903577
1.3574828851012002
1.35690934731897
1.366445541381836
1.3590873361161324
1.3530356380264317
1.3486639163662901
1.3522395159290954
1.355964533786858
1.3472876195359018
1.3392246093897693
1.365327670247154
1.3407654458970095
1.350595502990537
1.355490239848078
1.3425350305253425
1.3378532668658063
1.3594851372516261
1.3383888947752725
1.332182185312288
1.3355822373280484
1.3290435848510371
1.3355118653415579
1.332187403619817
1.3346015209645297
1.336028282885003
1.3235078799513589
1.3289088503976838
1.3395497938700482
1.330052505288504
1.3273129083413993
1.3213544068610774
1.334159036125757
1.3298681549793852
1.3228729187914756
1.3244189535622048
1.3211528529635572
1.319567301895766
1.321691057587092
1.322499665011347
1.3231442143431806
1.3247275460610348
1.309930968864829
1.3134957844704653
1.3122564923446791
1.314445048570633
1.3020502898545392
1.324510611527789
1.3064881180767465
1.3110383305929403
1.3079576402638866
1.3060371506530626
1.3024614031335948
1.3027294417925641
1.2897141412296127
1.3046261810623438
1.2978153115352697
