17.019826288493174
6.268816024627325
5.198321326723638
4.7840662823533115
4.506327974346449
4.316537688925581
4.165234251967016
4.0610869616832375
3.919788327981841
3.810236982017193
3.734709365750259
3.6588584179023527
3.572539508905051
3.513510971136813
3.4508552270115547
3.4014930562028347
3.3674442756850764
3.309296622028891
3.2759047218088835
3.249888058540956
3.2039459808817448
3.161256146880816
3.152704861366524
3.1098774514108336
3.079794745400267
3.076884146006602
3.0336597837367147
3.02301876162583
2.993458645523719
2.9797832060535
2.9602265487302026
2.9485190735673004
2.9381355969411023
2.9303593382520496
2.909175952650466
2.8998162690198646
2.8748735622415005
2.8714490622844338
2.8606004962381326
2.8464828768991075
2.83420655693648
2.8236639882033727
2.8023353219032288
2.7928818835402436
2.7926557840041393
2.773714097041004
2.754950115703187
2.754484070359536
2.763869336191213
2.7366583746559217
2.7376249753079325
2.7230538810199163
2.706994337293337
2.6925576458562097
2.6967761510947965
2.694090590162097
2.6669235450198068
2.661939897064893
2.6672521750881986
2.6562988848056435
2.645813469054564
2.6414930882318965
2.641754852150971
2.6394489514377883
2.625359099428609
2.6169869534249575
2.619395078353162
2.605353684357877
2.6003815841000035
2.5957533351655275
2.584816535688796
2.5749175779099733
2.573020247355947
2.5787335696085445
2.557202542727848
2.5575245315173887
2.555464119843717
2.5468944372995845
2.5379871107497305
2.5343863334295884
2.528040057083346
2.5187327901147447
2.5101550974935853
2.507203556456656
2.5059876689371072
2.497320296067112
2.493198714166317
2.5076315684138604
2.491067834057898
2.480444408250305
2.467151516451026
2.4674318219130895
2.4699306757944934
2.459060748793044
2.463542986590907
2.4579519055924326
2.4422868130342015
2.4349652922378398
2.440457859129276
2.4307750103608616
2.443331760055614
2.4350540980977833
2.434236483753852
2.421965911140982
2.4073459216446245
2.407167085499134
2.4029785476203234
2.394830791455395
2.392244394938901
2.4045854812523104
2.3896241626649535
2.3783039844261027
2.3785290127655245
2.3812643947466365
2.3768693321156054
2.3744187765526323
2.371495691672811
2.3763256258559675
2.3642579705085396
2.360048328368169
2.3450725472198344
2.3500309198532463
2.348095919163722
2.3384084150476276
2.337568266211816
2.337670072632016
2.3389256287295863
2.3290083768232814
2.318341164656405
2.3254443019066215
2.3110712297120184
2.317288726005914
2.306672602329614
2.304527270906376
2.305975465842013
2.30209448764909
2.3029207429795897
2.294227545834937
2.292411355477459
2.293166013258808
2.2839597013761415
2.280341473952779
2.2854824915247143
2.2733646448490754
2.2728808794943793
2.2713834227256053
2.272032174299348
2.2761708790401243
2.268524834007587
2.2609725498928213
2.2683129569269576
2.258554945576866
2.247582092037741
2.2423247990180863
2.2413451609746464
2.2556818408786126
2.2389984721282743
2.2401282956015387
2.234814945819243
2.2316155799154966
2.222947247185797
2.2255939897501245
2.2189219534959435
2.2194001820852174
2.2211419743187024
2.2237698880006684
2.2185672026760175
2.225441577299586
2.201846277938699
2.205068160621625
2.2050341930029527
2.2014840779439457
2.2110547400870413
2.1916791774191946
2.1999853185887606
2.201452571266102
2.1939784999725953
2.201802891380382
2.1940953945213892
2.188860172089541
2.1862022047335246
2.1844201942659773
2.181707412566779
2.1949127794436687
2.1740818726566604
2.1712848763420896
2.1666309040672376
2.160118263566269
2.166993557282214
2.166736792280989
2.155801454523824
2.1677993440403127
2.152459293885051
2.164255474535924
2.1543561979284824
2.1401704746597217
2.1431414976997196
2.146261264693062
2.1426542783683202
2.13883147093485
2.1390094447810695
2.138842393767159
2.1296799554015107
2.1460110696981536
2.1382505837476478
2.1403289808417267
2.131830889942511
2.1254713006739347
2.125466540736972
2.1089594251704664
2.1272117838544666
2.1141296816322037
2.1064532324671745
2.115998091562739
2.1236628389583445
2.113221477225142
2.1055800164083265
2.113319942973695
2.109485363341727
2.1085007634927644
2.10500442278835
2.095994439046338
2.0963402188049174
2.0975001960430504
2.0914951605054566
2.0948452910162367
2.0877023735698663
2.0906230610496594
2.0873540499300325
2.095796529414519
2.090485915260495
2.0791601853550605
2.0820379864494756
2.079877659959613
2.0743416221636646
2.0793239398384995
2.088350091902715
2.0712426906486727
2.0777923608163618
2.065425117623131
2.074355867673766
2.0650484646266363
2.071734755106692
2.060084674718245
2.067096874961313
2.065312244419782
2.059469124618566
2.0552400018808976
2.0546405568437756
2.048402510442824
2.0563596773822352
2.053840266083771
2.049452988606579
2.0519674369749032
2.048823931869471
2.0496027598965845
2.0498095717070237
2.0452095062102913
2.049352853927972
2.0434092280437364
2.0342733578861885
2.036240989026034
2.028767463733565
2.027975189798283
2.029900738090839
2.027217154795269
2.0378919479981907
2.0247215465554653
2.0283848705156795
2.0420301635310336
2.021980734928599
2.023811100226528
2.016511229692765
2.0129680630733384
2.020352896373227
2.0182738855199993
2.0140660467012874
2.0136502022450826
2.0033940568847477
2.0126367621826677
2.0146897626373
1.9979873731170061
2.0141299622801117
2.002111296608763
2.001110882972771
2.0052837704150184
1.9942317315430012
1.9933757528943836
2.004877910299121
2.004117338724856
1.9924655517317214
1.9967660864569106
1.993468017510648
1.9886942483344168
1.9779089353978634
1.9842838605619826
1.9798645273132145
1.9811136278341401
1.9886178722921408
1.9842292191285007
1.9834288566742304
1.9789059240863007
1.9826263641973711
1.9810626827320963
1.9691526203785303
1.9747438610724684
1.97457026254456
1.970368448574588
1.9864459934661973
1.9823790591842723
1.9727769637445234
1.9818205715350385
1.9654338857475318
1.9593600909102638
1.9563429985406264
1.9809416405997187
1.9605970107159525
1.961988054356485
1.9677206384685804
1.9695701694713448
1.9666234327937073
1.963688166636341
1.961070143108098
1.950777898700732
1.947549377409917
1.9594748593726248
1.951074890651793
1.9460030760405198
1.9429294714387857
1.9491580758454665
1.949317605990284
1.944067674144259
1.9402289936002695
1.9498299607690774
1.9427700349182453
1.9327169603334282
1.9428731250875402
1.9328730499969338
1.9316071609281145
1.9369270689082596
1.9275190745884518
1.9242392069888565
1.9263277523360163
1.9319821345918584
1.9297781578212414
1.93044077141105
1.9161549483267766
1.9255557529768854
1.9240484052109268
1.9253365442437946
1.9159743802727394
1.9178600553071723
1.9195178294519208
1.9176142137005645
1.9162714711900026
1.9151786205903538
1.9233401741059322
1.9067353503602855
1.917509877456809
1.9050283108679753
1.9103326344827436
1.9157301243746057
1.903244528286862
1.907592165020277
1.9026840216708634
1.903629535211707
1.9041633285441488
1.8994205256678023
1.9059203253039774
1.9138681247549236
1.9072342919853498
1.901247984395837
1.8939474317825065
1.8987890200794868
1.887644811621252
1.8901335245595787
1.89105775446262
1.8953964912666466
1.8970941625676065
1.893086166314359
1.8927780395408846
1.8861584264152456
1.8966837157056016
1.892292614253062
1.884129577087906
1.8832953040892224
1.8839291609683126
1.875590645479706
1.8829499800812524
1.894209622774484
1.877591053269944
1.8895419563324947
1.8818966825053376
1.8773337057176627
1.874156340675534
1.8744980512924914
1.8842988191348202
1.8706130551279716
1.879921777349598
1.8745055041223202
1.877007248828996
1.8758732296948164
1.870960313756511
1.8688861055756516
1.8661601571541913
1.8802297140629787
1.8730459460672342
1.8611904610440415
1.878938541940923
1.8599091425256908
1.8744042808154844
1.860197384121283
1.8595213507706265
1.8616153406647016
1.857482060790062
1.8554057141519942
1.8575753766410756
1.8633814288197823
1.8519122192882143
1.8531445824312713
1.8510007135710627
1.8417322686258353
1.8559313419292558
1.8455463614103929
1.8469135468860842
1.8493897290724628
1.8553309620551344
1.8383550950378742
1.838173591795395
1.853769359161269
1.8569147673980244
1.8455692341305174
1.862708863222374
1.84933396217958
1.8357809149431732
1.846709595255132
1.8385265846297425
1.838257925409191
1.826589693860063
1.8349569771649703
1.835027132675333
1.838367373313544
1.8301925945956752
1.8292747907481104
1.8444330973445244
1.8398196368284945
1.8382405807387154
1.830895239452146
1.841270480515822
1.8362752171057575
1.8223984615420394
1.8218710543412082
1.8291297566215947
1.8241520338463333
1.8206105367192682
1.8222349915864333
1.8118751810969047
1.818395048098744
1.8183980831560098
1.8173025944885217
1.8165458089338158
1.8073475622343567
1.823493459876978
1.8308280026012997
1.8203243042500514
1.8089927232490395
1.8121192550884102
1.8168363481197718
1.8258502216271635
1.8108429886260122
1.8152434269212328
1.8069554561713956
1.8255849933286883
1.8060191304616209
1.8154446316777535
1.8021266899018917
1.7961667672080814
1.7995963026330155
1.8080722852697912
1.792541189294941
1.8104025018665026
1.798703205754172
1.7976350834909476
1.8004479453248798
1.802291602739748
1.7914551254713311
1.789427990339837
1.7904733056729694
1.7879567778897736
1.791844496468328
1.7908151380296022
1.7956979963577018
1.7885497960279573
1.7871480128675137
1.7911261556283482
1.791093313187923
1.7871352467896804
1.807309441409021
1.783830220969218
1.786226363395745
