7.499737535957742
4.887333297623997
4.345576935637314
4.019312338491456
3.7941998718059167
3.61850849242337
3.48325902329082
3.3734835365177256
3.2652019172643136
3.176472323658192
3.125380407919926
3.06139254200775
2.991007628694045
2.959469713995942
2.9103191835162914
2.867607420524665
2.8388289408346195
2.8000064281235755
2.768533320553535
2.7411384376804384
2.721978379034363
2.686407946379839
2.6716162493798583
2.648013955723923
2.6228267386951276
2.6051142384520674
2.586372157113742
2.5563188675230584
2.535576882088079
2.523241704544135
2.505899751080876
2.4972456625077575
2.470261952518362
2.4537131469861597
2.4414581677554983
2.436034362928002
2.416363872785484
2.4007235860402605
2.395146237537924
2.3716248105057574
2.363154547931874
2.3555922117908445
2.342225130680388
2.3426531722060346
2.3280376298765164
2.314383138597539
2.292454596641844
2.2835269886835485
2.2771512085357597
2.2652696183824963
2.25989234974954
2.265650247578072
2.2328590961684167
2.2414252578684715
2.2270204187494462
2.2194954483909943
2.2192279514485755
2.2094608313214463
2.192599587208402
2.1897512845760954
2.177181241522848
2.1784920397058
2.1787417860685196
2.1569906399313328
2.1620734882565724
2.1444428934987667
2.1380584973149594
2.1306991761764595
2.123548960791225
2.12382591614681
2.120580402095761
2.1104618680160656
2.1044589304818517
2.102716024998015
2.095793971973183
2.0823696614366716
2.082657410243971
2.078362057166817
2.0861573498860926
2.074506002453576
2.060061245101743
2.05662677087615
2.04271496608194
2.0470282113657587
2.037895534682063
2.0371824785143926
2.032824124118923
2.0217400631018445
2.0289716195743694
2.0258526208653915
2.0145781108763368
2.0133973333687907
2.007666358905556
2.001119981824824
2.0020136991433337
1.9873497166992289
2.004922050290403
1.990963608290242
1.9907578934082943
1.9789490952955937
1.9836344573877553
1.9753321970986053
1.9717053074752335
1.95954282700488
1.9587219884965272
1.9670021866275147
1.9664743181351012
1.964281355648969
1.952449184075921
1.9502246854579555
1.950755534446345
1.9312373774241558
1.9338802394613754
1.9342280592011138
1.919204672617195
1.9153232629847738
1.9219799326584401
1.9130450547796436
1.9159518572608982
1.9081431091886707
1.9147342723027794
1.9128579412941384
1.9039825124550709
1.8925351737874798
1.8967930645541806
1.892065235735041
1.8831095349999656
1.8897138322349143
1.8922241585972035
1.8735051044320639
1.8808210167737134
1.8821123722380242
1.8718221372207708
1.881271859449623
1.8689848783269394
1.874726680527746
1.8662155217829004
1.8536992049322718
1.8563893484858285
1.8632781948663493
1.8499989673099686
1.8494232109690134
1.8440507051691544
1.8355690090529686
1.8455585895386417
1.8368274013025572
1.8379298846806045
1.824448772763784
1.8275537142711402
1.824294090270996
1.8289822936058044
1.8261154581487706
1.8310400582520308
1.8129247334678615
1.8113518692223372
1.8175729175584505
1.8263241659223506
1.8150879207965547
1.8064349536347177
1.8015324006565905
1.799947910867961
1.802440184671267
1.7939416721331334
1.8054910616009636
1.7923785121040006
1.8099674703800572
1.7864731262742946
1.7817827521172245
1.7719611454326494
1.7882928318154496
1.7671553608590522
1.775828694611524
1.7786602198550132
1.7782419189415146
1.7711301240245854
1.7616323145617425
1.7733056909215135
1.7576743920819948
1.7620015661273383
1.7549250110060768
1.7758439518181623
1.7606002158295793
1.7600075831982942
1.7593561197276664
1.7392837162566397
1.7541012392107365
1.7463794205568532
1.7384393559356706
1.7376782063361818
1.7522256825350027
1.7258506950023955
1.7352792902857856
1.73308343618317
1.7318818039071244
1.721715074197381
1.7343449550392354
1.7341702366824698
1.7383105322323014
1.7174176228257407
1.7142178134053154
1.7086597768078864
1.715241635795188
1.7142689489157854
1.7087983024858795
1.704194189436668
1.710235173723339
1.713068092291334
1.70293166943356
1.703798873762114
1.6970017438968725
1.712342612775026
1.6938528990851038
1.6998576068245204
1.689201279551582
1.687599882615351
1.6788889560024296
1.6889338720161302
1.6806954857522407
1.6748715196035604
1.6812262843667933
1.6839834501785516
1.6743337664983968
1.6711810758683534
1.681850109743861
1.672117756531302
1.6662817059364994
1.6672535899993592
1.6620845304126233
1.6661061539059192
1.6607854397950974
1.6601124287179085
1.658755958871504
1.6635723277530838
1.6518384104808874
1.6471383104809618
1.6532397649984445
1.6475783378149556
1.6452426343365054
1.6431812641367447
1.6422730868896551
1.6492146525235303
1.6417514143791874
1.634317317367655
1.6381648375397235
1.632056968665756
1.6357227682539848
1.6328170977335061
1.6229427551801225
1.6354479700063183
1.6238965117825872
1.6272188701988322
1.6185926718521961
1.6255556468942525
1.6213357348357682
1.6318678639631357
1.6066902045127565
1.60423068293428
1.6219404339790344
1.6198981486063089
1.6098495260276626
1.6062880878427388
1.6115416734092003
1.6065906861187083
1.6100236177444458
1.605464517674615
1.606919542878075
1.6079752632474478
1.5962231370200097
1.608739362881247
1.595179130018285
1.5953267493606669
1.5903444873020711
1.5917287337041535
1.5856320525692627
1.5860413428956428
1.5830429483831456
1.5837339822169954
1.5809231922689793
1.5778835442213885
1.591943685723617
1.5744639352887078
1.5721985811153345
1.5761611232187895
1.574782637895736
1.5780840107297476
1.5650942336141536
1.5865915322725752
1.5728418531671036
1.5733360795848137
1.5620300258155417
1.5580370381342625
1.5624409618630875
1.5602396391661821
1.5561009326339823
1.553519599469362
1.5605078104850465
1.56586360377548
1.550325885546946
1.5444838349270609
1.5506650990089483
1.559240884485498
1.5396722568347392
1.5458355039621876
1.5504789157251342
1.5517690284589751
1.5382828802134083
1.5354983611444457
1.5339210173197553
1.5350684391713776
1.5291497514838666
1.5327952419762063
1.541405580476322
1.5250989082640252
1.5251196915596987
1.5269312919241138
1.5223530122136648
1.5298574404642644
1.5225996208929382
1.5205439234201887
1.517660560861098
1.5213492272701938
1.5258185230525194
1.5127217268521806
1.5081038647784597
1.5117040738067795
1.5216846793098788
1.5033752636044426
1.5118046835460495
1.514722631304665
1.5099477140249404
1.5141935683457197
1.4985041889996655
1.5084225034291765
1.5039826011763209
1.498181483386892
1.498428300418685
1.506867211213154
1.49820777483746
1.4919131050067664
1.4896983884077157
1.4977363279435487
1.4948145876416064
1.4891388173651907
1.4909404801056447
1.484645573175059
1.498461171325329
1.483392491804815
1.4876057938136886
1.4766019279450442
1.47926915298521
1.484555937283862
1.4799969768629664
1.4767916621887578
1.4711462201270382
1.468458738210982
1.48294893671981
1.4868987709020092
1.4843669929335603
1.464058653706998
1.466097896341729
1.466536230218094
1.4569068609085758
1.4663783707449922
1.467721861284391
1.459551159786967
1.4656191180765101
1.4651848779315442
1.4531672341106212
1.4570505215530902
1.4521400714870047
1.4554631691590874
1.461036039664682
1.446666745749195
1.455622594440933
1.4473012208411125
1.4565787943063584
1.439205817416706
1.4334036462602362
1.4510637571853875
1.4462001666558528
1.438621751502552
1.4402751904145805
1.4416168318913045
1.4325336552826704
1.4291848477009124
1.4381954917865516
1.4225281988624978
1.4336387443858964
1.4343375497687179
1.4319880847382334
1.4298051738106043
1.4229673809182328
1.4337217140514238
1.4206543562159073
1.4247087656924156
1.4169981922723551
1.4278215926832858
1.410849031621376
1.413346494457363
1.4189089995569888
1.415481534679379
1.4234941601753235
1.4092392591776046
1.4236959313924333
1.4106623717641409
1.4129864125125176
1.4146687000726177
1.4130014880041106
1.4046058335662943
1.4114322372242414
1.3984399575047788
1.4132207378876949
1.3996704980335404
1.403842619562571
1.3998077221676313
1.4025481240411775
1.4018649084378132
1.3969069044146918
1.406923474991216
1.3971908319312913
1.3959254582898806
1.3960727983343917
1.3896987820621085
1.3944334026459044
1.3814503405473928
1.39261787180352
1.3945884192939353
1.3839206455555637
1.3779044325372813
1.3849175538109466
1.3783797687661332
1.384219381925279
1.3912445288316337
1.3804796770610641
1.372899119173531
1.3770839450633632
1.3717453131633521
1.3764593079026821
1.3838433596940167
1.3681495930768748
1.3711546722766572
1.3654224503356798
1.3700807086661853
1.3878994713314867
1.3660283595059826
1.3700738074505223
1.3748668819929646
1.3757628869693892
1.3637296813251698
1.3665784795199876
1.358765691255046
1.3620914595316997
1.3598030304486772
1.3611003432126172
1.3655675881731826
1.3506236735698396
1.360129410977912
1.361697314323577
1.3521882340443874
1.3519482728654304
1.3494538192727925
1.3445612165780194
1.343274356780854
1.3384327368926159
1.3460216590788512
1.3468155850351384
1.3494779910661479
1.3382579897884774
1.3438696892915574
1.3433822485725437
1.3505712851750111
1.3557763967366345
1.3313640081776983
1.3349409791748081
1.327505098771205
1.3303765385551791
1.3315299464538035
1.320772701132614
1.3305316712476511
1.3281041776711962
1.3288073953801551
1.3189012497927235
1.3210494167509332
1.3255202208472565
1.3208103915758893
1.3303664426887984
1.3237000846229823
1.3206799737120096
1.323378654180375
1.3205996108266105
1.3237081214917445
1.31111882561076
1.3303508107113626
1.3124790597805935
1.3326619665707107
1.3110310166282992
1.3137253446389088
1.3137215842715406
1.3237558508341292
1.3052626637230933
