13.299513939207634
5.030292154413409
4.42678753253633
4.068678516202269
3.8276587735235164
3.6463719928159124
3.4804971524044475
3.3633589317313337
3.2559345881495854
3.178041465514529
3.110022647190938
3.031895596369178
2.976756483052684
2.9430505654453176
2.903867566480046
2.8577673925762683
2.826855101416596
2.792921377494272
2.766752085854522
2.7289713942899114
2.717047978291469
2.6818623242125046
2.6677304121245324
2.62626608072129
2.6176283876452824
2.6028738501852593
2.5680738909054646
2.5586989495606547
2.539703047908513
2.517475542241493
2.503460399344959
2.487075462278012
2.478802254769654
2.449708508706726
2.448079061191694
2.429423465665463
2.410990822104226
2.4013758713165214
2.3817957281011397
2.3901026602339956
2.3731827904692793
2.3663282362760696
2.341205900485537
2.3463377989498917
2.3171393201414463
2.308072610239012
2.30334297112659
2.2973229101801342
2.289349171967633
2.2712168862334394
2.2724940993089593
2.2536981105804443
2.2428876770808635
2.23794481712105
2.233129660112668
2.231668452773474
2.2260316842425185
2.2165913882508743
2.2011976690418953
2.2026789349264804
2.188139575772581
2.1889084640857392
2.1731267320898784
2.167660476359646
2.1686959540949458
2.1734289925182817
2.1482508823407436
2.140795695834455
2.1308542052201465
2.1320768673863033
2.127845200817142
2.1181078160231093
2.1070020001019
2.1332484328113828
2.097380089021362
2.089520966848441
2.0852343297637668
2.0817071436780745
2.0927030338650257
2.069411826608455
2.065083305392645
2.061039230992309
2.0557105293316122
2.0496200892777567
2.0483100005483204
2.0455829031699526
2.0463944512658414
2.0398594072434753
2.0330745382646542
2.040971456903272
2.0172828557217017
2.019647254353076
2.0168037994772985
2.0056182338600665
2.0026224899081004
1.9981896573990847
2.0133154740375754
1.9975161773968586
1.990400681717206
1.9764264711236532
1.986631709389982
1.9806403275084707
1.9851448971085843
1.9808696835441928
1.972972707938304
1.9601796934034972
1.9450707604399824
1.9573310977589768
1.942063471384808
1.9481207570143506
1.9505434584828605
1.9398743963874547
1.94058905423215
1.930607600549681
1.932873090547798
1.9201937246639116
1.9280591636104922
1.9172251657047104
1.9179688214728263
1.911294135635933
1.910972845237867
1.9137663622345544
1.9035372198682972
1.8979772680101141
1.9035621947419328
1.8924630645629579
1.88503112808793
1.893092368556335
1.8788935238808657
1.8797657998789727
1.8741616039677005
1.87378142681797
1.8799525240881254
1.864786542622389
1.8585145528865072
1.8657826928965813
1.8599678570717837
1.8514436069315514
1.8500770240758373
1.8557547900529034
1.8479326106278242
1.836462689448247
1.8374108010161239
1.8544397770831016
1.8339808129631312
1.8383242693622555
1.837811268272653
1.8310992395983332
1.8163263399516587
1.8228729826159182
1.833916004516382
1.8204997442992388
1.8121107750761825
1.8226125633294603
1.8019568097274916
1.8065151155522439
1.7986239004979092
1.8033822339720431
1.7900297707688493
1.7986812752432528
1.8009327491827771
1.7890019741206042
1.7947966430039533
1.785308869539109
1.791749036945073
1.7870121410990183
1.787915023554743
1.7907001861428793
1.7745839702872048
1.7773417564092484
1.7722155617929138
1.7678468454200609
1.771127063616187
1.7549475281111961
1.7593293168903452
1.7697859936583358
1.7573524151755646
1.7598970387361745
1.7471855892016825
1.7583276502854002
1.7478995209774084
1.7497872478139085
1.7403796362665902
1.7428475660560405
1.7274565514737525
1.7310439559210717
1.7407190456854558
1.7398584210767156
1.730605821693893
1.729327115601143
1.7208620868952929
1.7182284126767016
1.716344910912809
1.717516079940627
1.7151899825682682
1.7177562252082657
1.705116212104274
1.7199697718683598
1.7092946780993876
1.7103256169146142
1.6952387898896648
1.7113626646784554
1.696694363534978
1.6919686939336558
1.7013829411131092
1.687770290976077
1.698815298027697
1.694079501438985
1.6974789315620356
1.6836333665172611
1.6848402300239664
1.6841845398983069
1.6700957913314347
1.6806257915707816
1.6754180490970612
1.671883660343896
1.672230668300021
1.6645931103060732
1.6716775920538776
1.6611018882388562
1.6589088782799983
1.6582038281238185
1.6688151277799521
1.6595737287956
1.6558552748334092
1.650071229818648
1.6459676164441404
1.6573563007126868
1.6532519536208263
1.6431754764202422
1.6442405752903593
1.6427043114615754
1.6369611673650488
1.6507205971046888
1.6401130214201665
1.6306392603215918
1.6428080050818687
1.6242526023261314
1.6228132419354093
1.6367814221740824
1.6177200506218767
1.6213345561934784
1.6303329987336048
1.6237655804220554
1.6207164064445327
1.621448091964806
1.614214415571331
1.6102127976122156
1.6064884417352423
1.6012251770074388
1.6202789228574364
1.615451110939009
1.6076363646878606
1.5998472447416423
1.6022833680684587
1.6013055823545541
1.599567225285336
1.5973552985001453
1.5951430159332478
1.5858594036735265
1.5805292606881234
1.5940270700813395
1.5905403115053092
1.5861975062737423
1.5773313554514825
1.5843275677313846
1.5714933861673406
1.5756866368836007
1.5778206138484245
1.5685024796861462
1.5769899904200462
1.5631868514866956
1.569280678719546
1.5604577847814138
1.5677400350043205
1.5594424302071597
1.5679059197417402
1.5661258697509766
1.5714536164186697
1.5569767912404726
1.556195813470182
1.5533530582896375
1.5510049232866912
1.5454056110002299
1.548975410187139
1.5428497965356944
1.5518706955213462
1.5489493073087879
1.5401454003511277
1.545791422635053
1.5365188440917867
1.5351931998687507
1.545937616213233
1.5345992775617447
1.526177895016375
1.5293795461148287
1.5285240460549836
1.5393002389279087
1.5284985781243416
1.5264634160341415
1.523330405222631
1.5157873738656003
1.5329246716161744
1.5168900964534389
1.5196473825294359
1.512380294040241
1.523879538595149
1.5177500614550261
1.5054713152678667
1.5076126055379884
1.508851730190547
1.507328122326758
1.4956288018585306
1.513149197122692
1.4976442946796924
1.5041593371239383
1.5042924952190535
1.50093648523356
1.4944733484128936
1.5053825966552294
1.4952613505641972
1.5013436585401012
1.4860043391189743
1.487952940231931
1.4892243869536745
1.483797529366164
1.4874623114556338
1.4775275097484082
1.4874263310854414
1.478251032069721
1.491955772701618
1.4701374428989613
1.4774799091098583
1.4794685273571353
1.481853820845089
1.4831998448456283
1.4672173665160626
1.4797439045083207
1.4783281617987472
1.4747094229786797
1.4592728298322288
1.4663647932816395
1.4669618224148202
1.4664550500105968
1.4600037191293935
1.4561663098567355
1.4534383864529365
1.4652445704008625
1.4462731003233817
1.4585359449935171
1.4435455812289653
1.4465420926566672
1.4524201165258357
1.4652827645825073
1.441946383334894
1.4414842002159727
1.4546128822638926
1.4410501860939295
1.4529337402993598
1.4316323457565983
1.444931361000095
1.4527341406957237
1.4357486114037776
1.4380232910666846
1.4319089624734052
1.4345763515582126
1.4361846019736433
1.4303256647776714
1.4283928715549739
1.4294692467799228
1.428522789372807
1.4294567084417933
1.4186154102857134
1.4122495434980478
1.4103127222145553
1.4159723549290042
1.4190162209282935
1.4180604622954815
1.4147805735073258
1.4184839617362064
1.4097220924048297
1.4066256706693532
1.4165640344134474
1.399905097959316
1.408202973087277
1.406920424604838
1.39443922412079
1.3974619040974474
1.4037117306637552
1.404840753405495
1.3959663201749852
1.4004478950416093
1.3875384557563646
1.391983877241084
1.3917218734205297
1.4027075791253454
1.4053536384506564
1.3904709219932556
1.3943530355407074
1.3770336954467064
1.3877587764136559
1.3842172968176614
1.3779981829951296
1.3887566660357789
1.3731592650962088
1.3748713872865237
1.382258985422354
1.3748528540661904
1.378808555086102
1.3862455252525026
1.3700294869135967
1.3830572538143766
1.3625929661556684
1.3605401932665733
1.364572038956448
1.3671635671526985
1.3641332195395917
1.3719560915389948
1.3676473859664613
1.3577669840470878
1.355988767294757
1.3658400046086945
1.3650019841384045
1.36948427083218
1.359499160694865
1.3515360489883255
1.3532078587903387
1.3597219852747116
1.354309729506484
1.3494620373291253
1.343843126191502
1.340467693003933
1.3616999746423908
1.341724401290438
1.3464520214933209
1.3378007255033053
1.3491406211283354
1.355433186862321
1.3467457692707534
1.335861378538925
1.3419791911028127
1.3388632448901117
1.335565758753667
1.3359263278214277
1.3391860327889433
1.3229969444528091
1.323486827907309
1.324167167190957
1.3252655721343725
1.3287064649362479
1.3278702964297437
1.329878092603346
1.3200153407797348
1.3177875631150946
1.3204946813330185
1.3196753527210876
1.3114989985406926
1.3257706868173802
1.3220473857580033
1.3211703957182117
1.3100169849606742
1.3202917101108922
1.3254028759171477
1.3171973583181347
1.3132208050352283
1.3185541102316527
1.3155638409399353
1.3046040743325664
1.3076876976848704
1.2989571384624041
1.3076230783378129
1.30547781671043
1.3049890673266047
1.3016863961135392
1.3072376569024229
1.305222634456854
1.3008498665505805
1.2916220030953398
1.2995619491665764
1.2926666657481574
1.290744711867476
1.2945247598453962
1.2867864855622824
1.2810233528107668
1.3004797689155139
1.2818651766376157
1.288261817619864
1.2828542007281718
1.2827153670049347
1.282359477165526
1.2877212301292251
1.2824826011088042
1.286825516318853
1.2775410184290557
1.2776368255108859
1.2768822992797446
1.2726971499160327
1.2784891220848118
1.2689446709324828
1.2691232256129779
