35.06968679681288
8.325913202446118
5.62850929467024
4.975221102216603
4.550500358100486
4.227502269027507
3.958119850770562
3.7498294494848334
3.576276264359466
3.4395885414781824
3.3303589314486075
3.2354862014804264
3.153381454206146
3.067906435084554
2.99863668722389
2.939804672139936
2.872691213029676
2.8223593319411826
2.767251124424217
2.7250202957507783
2.689313801516474
2.646452981813819
2.605584967452868
2.5711758432135117
2.5442201373851403
2.5152575632112217
2.4882128555162817
2.457890542207566
2.434748661201612
2.412149399782704
2.3881950146329087
2.3700670963895005
2.349691733322312
2.343228801953054
2.3154437784600046
2.297746910721855
2.2837457103011882
2.2628192165784076
2.2550460342812326
2.239650697307249
2.2233648458413318
2.215386836929659
2.1973802391934183
2.1864188703815493
2.168411350355739
2.1649669284841657
2.149195933236485
2.1355102209918266
2.1282971258712027
2.1190237930390685
2.1087268427409955
2.0955985940135684
2.0888321724085683
2.075495437710686
2.0714728581694377
2.058745375776713
2.049125853101764
2.039538937332356
2.0348064548673883
2.02097718167094
2.0179895297088453
2.0081855781310427
1.990730274567562
1.9868062278338239
1.9798717928671203
1.971362045117184
1.9669190012248217
1.9543531869365052
1.9541900585183
1.945806993319925
1.9373591668837893
1.9323655944482414
1.921759323999945
1.9123961833198513
1.911503952425138
1.9050981323275946
1.8946917072861595
1.8909653132468198
1.8847296770695037
1.8791270074063697
1.874599378720849
1.8640989758799562
1.858828208879032
1.8562226253273213
1.8452903939559397
1.8426436454848905
1.8360105423273239
1.8346209552435748
1.8238863768303288
1.8199687787389334
1.8132653254850777
1.804768032732263
1.8016981846463365
1.7976533781110713
1.7953768140446824
1.7858126780628103
1.783336392546122
1.7792546854609936
1.7719690936856565
1.7672669716113436
1.7658228984976236
1.761015009563581
1.750437954358295
1.7455019128006117
1.7428398166610077
1.7438284546400593
1.7300232928411095
1.7306822957718266
1.7226968149168302
1.7201030196341793
1.7153015933205595
1.7081885548819482
1.7047748349409189
1.7013041590694833
1.6975034625656837
1.6979659323671223
1.6902357049747907
1.687510122767592
1.6833316483328828
1.6766586058435187
1.6800990866876282
1.670705593001526
1.6637743363338233
1.6668832890227832
1.661021989003747
1.655772449959696
1.6475172973839582
1.6461435833335978
1.6413223487613475
1.6395185842978215
1.6338959523534353
1.625573729255558
1.6360360634537925
1.6210218325125432
1.6206875635986835
1.618305379046803
1.6142229688378562
1.6059353631154625
1.6079722835426837
1.6003295639447406
1.5944053876189004
1.5929988965523982
1.5933619582020075
1.5861619412899017
1.582940485361403
1.5776261726839353
1.5765219560239168
1.5739162387573613
1.5668297433747655
1.5625450853752878
1.566494391027805
1.558100945917906
1.5545708658420934
1.5524375768361893
1.5523545101153111
1.5453022747440677
1.5441045304842755
1.5338523820438217
1.5401646268051283
1.532834239765606
1.5335745352559385
1.5242441874162285
1.5324735340818894
1.519890144335485
1.5247472880688389
1.5156402761957286
1.5165211352626835
1.5103209010795153
1.5082749123066927
1.5029278389647998
1.4948783561719203
1.4964022530918628
1.492219208616071
1.4897161213170111
1.4919135254041282
1.485685930842847
1.4811982319945782
1.477578872600488
1.479342975975138
1.4722852234819295
1.4714903831481934
1.4651188628863445
1.4625914175953485
1.4569901718502551
1.4572830962396301
1.451945543552922
1.4489301738485825
1.4469463899072292
1.448174614821915
1.439752285195663
1.4404496830121605
1.437217148795592
1.4324855817630229
1.4295747414626907
1.4299519027756378
1.427506714795543
1.4188780064603923
1.423323737045305
1.4198161197447143
1.4109294192980877
1.409055456123521
1.4057656109860512
1.4079839186330811
1.4049938613862063
1.401000638978671
1.3951647408240664
1.3972720010618194
1.395186220386387
1.3859299993620509
1.3848769519708852
1.3841350157703973
1.3778879927322927
1.3807223151742885
1.3743078191723443
1.368936316893164
1.3688623256387964
1.3712137468093264
1.3640769419416916
1.3592537421304567
1.3627452177811512
1.3552606345805447
1.3567867819714334
1.3464402833343607
1.359416503821854
1.3484694852238208
1.3491286651223107
1.3451684863693947
1.3423131517076914
1.3367023468017578
1.3299316527832925
1.3326233947171575
1.3312757020503019
1.3301330836473313
1.3380143782206342
1.3211999113580821
1.3219440669085072
1.3211433135830195
1.316307942951675
1.3094715956038079
1.3193822416056573
1.3085225680760577
1.3049585191549453
1.302561585354594
1.2967482222392497
1.302712844800105
1.295630164114775
1.2935765667826729
1.2921474354457012
1.2886776019514135
1.2868313889587875
1.2827517279481466
1.283676942892834
1.2788087839046411
1.2769449226624143
1.273685960379322
1.2758033879562818
1.2673408979863192
1.2703432145371902
1.2655266185777376
1.2659359062667441
1.261388444267543
1.2611221222750908
1.2542899401314491
1.2546556602537104
1.2565126627419902
1.2505375305108264
1.2532748835804188
1.240922492689791
1.2412374283360168
1.243511269841574
1.2384283965931528
1.241243857989269
1.2316131800149395
1.2274074992247388
1.233485842700553
1.2263724635132647
1.221027724247063
1.223091079861717
1.222098425162577
1.2245992677929127
1.2150640521956757
1.2142910675137444
1.2121786254960878
1.2063083991540218
1.2073721772274084
1.209725982847467
1.2090391769873357
1.1996844112873077
1.2000119762610546
1.1970909554346474
1.191438790971199
1.1992603748773052
1.1917117160242217
1.1906819781370923
1.1839515783090506
1.186536112190348
1.1812891904759195
1.1792204234979848
1.1786851964693155
1.1745404297799136
1.174939041644071
1.1720761596101574
1.171467270998828
1.167233901477493
1.1701487447835703
1.1646256705300997
1.1675107136236882
1.1626186819203133
1.1606879894976068
1.156853332983709
1.157381544598436
1.1514005837714778
1.1523090922726995
1.1552094145949963
1.1491434632149418
1.1493240000136131
1.143707065983156
1.1487278247301558
1.1406620519351116
1.1367988080050038
1.1299390411746186
1.1332870626871565
1.141552330513971
1.1263730449486622
1.126108193292027
1.1245310314461194
1.1246601253484203
1.1215990878048196
1.118657301485011
1.118352474892034
1.1198646935213983
1.1128624450843947
1.114697490645721
1.111570280473844
1.108020013016937
1.1049335303559769
1.1033301680488925
1.100114103044029
1.1011442557900353
1.0971701551327664
1.0984833978973658
1.0918622001082496
1.095707877151734
1.0926038645273817
1.08727681465381
1.089668595289762
1.0846088483797764
1.086565904648958
1.084298154157875
1.0785655881715033
1.0783306571234643
1.0751456969079718
1.072453714841235
1.0696116031798641
1.0731067459667678
1.0666752905972237
1.068019539117813
1.0638985438684447
1.0590987180450322
1.061183445221555
1.0623286060527362
1.060515381989226
1.0569126195875944
1.0538505802376081
1.0512386427252693
1.056287476183039
1.047718952055526
1.0475762512831561
1.0455366303171731
1.0445250122420555
1.045039772855497
1.0392116165794103
1.0366671867338957
1.0361210719674034
1.0290622703269519
1.0312501767040354
1.0317911956690053
1.029017694360387
1.023868787868888
1.0312721803125027
1.0222374374887584
1.0270810603304248
1.0233238407995848
1.0218492846573348
1.018245001282312
1.0156136015347674
1.016042270623477
1.0146607690680343
1.0086798089004196
1.0133977393924662
1.0062275257258289
1.0046314292513163
1.0039324770986506
1.0035897710945754
1.0026344910132146
0.9999920799668911
0.999289258523325
0.99401391528349
0.9973417590413474
0.9917523831920286
0.9945993866540689
0.9866043631218177
0.9916121612871642
0.9873641679244759
0.9860492882739126
0.9842434691644348
0.9759540320497698
0.9778086328137238
0.9756323812545928
0.9749204488718404
0.9728220726272702
0.9729211755030978
0.9687572026674727
0.9681972575134936
0.966924354170276
0.9617941379547119
0.9658141850897696
0.9609855943548996
0.9569176020084229
0.9574513292945592
0.9573263189697687
0.9579046373873685
0.9539601740847646
0.9509096795742491
0.9512563839686655
0.9494292643745389
0.9469472181744281
0.9455386474069241
0.9453509068858307
0.941269459186402
0.9499642230504382
0.940227640413605
0.9376460746326277
0.9359206500570331
0.9388348843935317
0.9329630894734796
0.9364628360598488
0.9371213062410861
0.9290376189535698
0.9296106932173788
0.9272153504126894
0.9223885592897382
0.9210917828357326
0.9193551109164162
0.9203620132355563
0.9198246112966959
0.9136419753848979
0.9143128956841157
0.9180290344278369
0.9111024621313653
0.9118613031058185
0.9091265449481728
0.9048667899538986
0.9054313300721413
0.9003199772760931
0.903107907524151
0.9035958353660803
0.8963800961464907
0.897583963332978
0.8985955829905198
0.8974438677583121
0.8920998043191116
0.8913964013346528
0.8872790827160388
0.8926774277887514
0.889248716752086
0.883905530898972
0.8831788876415354
0.8842296438143317
0.8813841433915417
0.8792685933608925
0.8756690413023518
0.877145145055467
0.872705564694067
0.87309115505324
0.8669501657770798
0.8736101307172691
0.8761873999528126
0.8702205770311102
0.8666721355598584
0.8632996517472562
0.8674829312130413
0.8628456791681526
0.8589188221809083
0.8553614131117289
0.8563535326877526
0.8568295219303232
0.8584260480330054
0.8566796759852265
0.8528738504489967
0.8484676821833164
0.848292466022272
0.8474550955327211
0.8445806279119137
0.8500666278125966
0.8434885287970568
0.8406161952071485
0.8426522940924738
0.8395162609826147
0.8406926020320538
