4.42086789727211
4.428394175767899
4.505904371738434
4.461569640636444
4.380930346250534
4.244338278770447
4.48515660405159
4.173338406085968
4.288035176992416
4.351225782632827
4.2041246497631075
4.248464217185974
4.138045049905777
4.168072745800019
4.184555251598358
4.177960311174393
4.237368169426918
4.061723623275757
4.158111472129821
4.096876585483551
4.186934242248535
4.0156799411773685
4.082161458730698
4.026831084489823
4.208578423261643
3.9917917263507845
3.9083492374420166
4.037868198156357
4.14296134352684
3.967370231151581
4.023334717750549
4.181544734835625
4.018149130344391
3.986817812919617
4.164432682991028
3.9494130599498747
3.8848106718063353
3.9045380306243898
3.979655395746231
3.86079105257988
3.890310895442963
3.818907366991043
3.9278930687904356
3.8327589428424833
3.8756622648239136
3.8936095041036607
3.9363199055194853
3.960674159526825
3.8659643387794493
3.8060478937625883
3.764044770002365
3.718307923078537
3.9234003031253817
3.789976665973663
3.772627116441727
3.7503777360916137
3.7892167055606842
3.9363730680942535
3.751470595598221
3.581992083787918
3.7838796961307524
3.5468287765979767
3.687491618394852
3.6264770060777662
3.5780835485458375
3.5636254888772965
3.799993917942047
3.531628369688988
3.804270668029785
3.816706032156944
3.5917604756355286
3.799975086450577
3.5892631483078
3.701405555009842
3.665153945684433
3.507597399353981
3.554059772491455
3.6732029521465304
3.732084134817123
3.4954867017269136
3.5724555337429047
3.4259549236297606
3.7103335058689115
3.74370730638504
3.5166067457199097
3.5470914590358733
3.7065490448474883
3.54919126868248
3.5840991139411926
3.541468629837036
3.540416179895401
3.5084519934654237
3.491175364255905
3.4316050994396208
3.402112929821014
3.498311698436737
3.51288445353508
3.56510165810585
3.389120919704437
3.4551070207357406
3.3847712123394014
3.3833401620388033
3.376402646303177
3.3499540776014327
3.513972136974335
3.316567493677139
3.5287976866960524
3.423937695622444
3.267071055173874
3.2691087329387667
3.2864221036434174
3.3365013146400453
3.3994710385799407
3.343332691192627
3.3059532058238985
3.3863287842273713
3.379788798093796
3.337944021224976
3.2982398772239687
3.3547094762325287
3.304412835240364
3.468316606283188
3.313388388156891
3.2210870289802553
3.3940092694759367
3.3309134232997892
3.35162761092186
3.2889088261127473
3.2020127248764036
3.219398064613342
3.2797832691669466
3.213179351091385
3.2671808886528013
3.3283648753166197
3.3688230884075163
3.25212518453598
3.2905859011411667
3.2241488587856293
3.2178876411914827
3.1877062356472017
3.2419786524772642
3.1215520012378692
3.172891528606415
3.132354838848114
3.154384377002716
3.1080621778964996
3.1959883123636246
3.2394966638088225
3.2378144598007204
3.119841499328613
3.032662009000778
3.230072401762009
3.154000155329704
3.0858136916160586
3.1447600960731505
3.2025449073314665
3.0620560163259505
3.0262417292594908
2.9878754365444182
3.0668837141990664
3.081458784341812
3.094445199966431
3.083894957900047
3.035703452825546
3.067308185696602
2.9660184729099273
3.1982402312755585
2.9817105090618132
3.1000431644916535
2.9243422627449034
3.1375978982448576
3.0596936774253845
3.141090992689133
3.229648711681366
3.0346644937992098
3.071200991868973
3.0565956509113312
2.952550658583641
3.0161518412828445
3.0232811081409454
3.016513237953186
2.9360859674215316
3.042982382774353
2.8542053747177123
2.9334390115737916
2.8871053105592726
2.9350842267274855
2.922395761013031
2.9282275116443635
2.894919667840004
2.904319200515747
3.1287688434123995
2.935919613838196
2.859257956147194
2.926289604306221
3.0461956691741943
2.9522841536998747
3.0123281830549242
2.7644628250598906
2.9347413969039917
2.9621411675214766
2.923249779343605
2.811094386577606
2.8231984329223634
2.787426372170448
2.7629408824443815
2.748676133155823
2.937206290960312
2.8216400331258775
2.900347865819931
2.8508532297611238
2.7822582358121872
2.7446448254585265
2.8882923376560212
2.881757550239563
2.771816803216934
2.9286717629432677
2.7493585920333863
2.7689333140850065
2.849752767086029
2.8243237006664277
2.8622994589805604
2.690193852186203
2.718832797408104
2.874480064511299
2.8679257065057753
2.853167954087257
2.70477846801281
2.74752069234848
2.7207140547037123
2.74762728869915
2.9045696300268173
2.748511371612549
2.872738775014877
2.7336534333229063
2.7444069600105285
2.744740860462189
2.822275876402855
2.7424853843450547
2.6887610206007957
2.6957520842552185
2.6285893714427946
2.775766969323158
2.725818111896515
2.6979755622148516
2.662513089478016
2.6105363786220552
2.5987551337480546
2.6471547919511793
2.8871969920396805
2.7974084800481798
2.748634603023529
2.612239471077919
2.5735056591033936
2.5901771569252015
2.671786748766899
2.6714687299728395
2.693455617427826
2.729612918496132
2.6560880720615385
2.605442523956299
2.6117006874084474
2.5466612040996552
2.6316522380709646
2.681308366060257
2.6248976570367812
2.6205348217487336
2.5376197254657744
2.6314399361610414
2.626615552008152
2.667741584479809
2.7670886063575746
2.6067171359062193
2.4948639369010923
2.6142660212516784
2.6120370507240294
2.611356137394905
2.563582859635353
2.4569572138786318
2.52979146361351
2.5428729689121248
2.4072558957338335
2.565129272937775
2.554181520342827
2.6145591366291048
2.586330881714821
2.4740607100725174
2.6088643395900726
2.608297373652458
2.5163923645019532
2.4657472467422483
2.4929118645191193
2.51444663643837
2.4021350169181823
2.4943110197782516
2.4905955785512925
2.546595289111137
2.454394399523735
2.4434065651893615
2.4199682122468946
2.4628881680965424
2.4664579099416732
2.592746075987816
2.5216011223196984
2.6550021398067476
2.3622691297531127
2.451777134537697
2.4523991751670837
2.5366808009147643
2.437540479898453
2.43169204890728
2.5091131097078323
2.4050074255466463
2.495296801328659
2.4483996391296388
2.4810381108522415
2.4436858314275742
2.418476086258888
2.4041714990139007
2.436732913851738
2.504030320048332
2.443810803294182
2.3182376796007156
2.3254232913255692
2.3791775059700013
2.4284103149175644
2.305619066953659
2.4085146379470825
2.270264095067978
2.548359328508377
2.4044166338443755
2.4137273949384688
2.471313737332821
2.4179356223344803
2.3865774178504946
2.315835856795311
2.439962546825409
2.3247837060689927
2.2955502396821976
2.277451494336128
2.374782471656799
2.3424376755952836
2.379292318820953
2.4167550760507583
2.229879761636257
2.377843833565712
2.391601538062096
2.285719921588898
2.2796504211425783
2.142616260051727
2.3153839892148973
2.3950282180309297
2.3560216891765595
2.256143345832825
2.202823489010334
2.226368600130081
2.224346885085106
2.308810987472534
2.377459474205971
2.3404608398675917
2.2452636051177977
2.209330262541771
2.2728705090284347
2.191346200108528
2.0936687529087066
2.227053444981575
2.192798177599907
2.21400754570961
2.271153861284256
2.262170678973198
2.208828063607216
2.231219068169594
2.3247636061906816
2.289731819629669
2.169740143418312
2.1790666580200195
2.243119333386421
2.2074943643808367
2.273191450834274
2.20851795732975
2.2173007273674012
2.2081903970241545
2.3142131593823434
2.2160928213596343
2.2216001003980637
2.1995449221134185
2.1789173918962477
2.2025278216600417
2.1897072559595108
2.2383728420734403
2.0689984825253487
2.1437526977062227
2.2603951364755632
2.168407410979271
2.1965744692087172
2.2169658416509628
2.196177917122841
2.197732228040695
2.100857849121094
2.1436118865013123
2.1059920239448546
2.3360292917490004
2.100891052484512
2.210714421272278
2.2020135909318923
2.1423100805282593
2.158285155892372
2.129765659570694
2.172970587015152
2.121806763112545
2.0433543837070465
2.1216503793001174
2.1192156040668486
2.136244756579399
2.030490657091141
2.1053622090816497
2.035501008629799
2.0646110719442365
2.1176705956459045
2.0237358754873274
2.100966545343399
2.115515235364437
1.9888815295696258
2.051582968235016
2.005599721074104
2.060091768503189
2.0458968073129653
2.092329619526863
2.02553802639246
2.1286521112918853
2.103735547661781
2.1524098098278044
1.9812196469306946
2.045841580629349
2.0557684338092805
1.9548230898380279
1.9961291509866714
2.155341433286667
2.057073001861572
2.0406434822082518
2.0059767737984657
2.0503792363405227
2.1229789254069327
2.009120434522629
2.0303983479738235
1.9902984881401062
1.9727742397785186
2.0136152184009553
1.9809960258007049
2.008401018679142
1.9808128011226653
1.9653063076734543
2.0486779218912123
1.9813425767421722
2.0349910551309587
2.02849299877882
1.9426557517051697
1.954223889708519
1.928059357404709
1.9976145231723785
2.0058322912454605
1.9273590195178985
2.0729301127791406
1.9958290642499923
1.9893307155370712
1.894014400243759
1.9180344951152801
2.0963799214363097
1.9244905698299408
2.0074823832511903
1.9085467278957366
2.003354184627533
1.903211916089058
2.0213094401359557
1.9714939552545547
1.8848959377408028
1.8993752247095108
1.9072121188044548
1.9201415467262268
1.884776680469513
1.9444042265415191
1.8501865434646607
1.9385955253243445
1.9177573028206825
1.9322600328922273
1.952739161849022
1.8824703007936479
1.8529623460769653
1.9085820353031158
1.8950058889389039
1.9353438061475754
1.9281309068202972
1.9026385289430618
1.9077008229494095
1.9631699082255363
1.8687274271249772
1.9240483364462853
1.9122820019721984
1.9455522829294205
1.9782380592823028
