3.9988853228092194
4.125577908754349
3.920654275417328
3.7573874777555467
4.060192023515701
3.977183507680893
4.034549901485443
3.9620139098167417
3.8654835641384127
3.8414201164245605
3.9292235273122786
3.8152350211143493
3.8298236465454103
3.8790086686611174
3.7554592800140383
3.849173665046692
3.66282112121582
3.8656009924411774
3.6890954852104185
3.846527032852173
3.7945289885997773
3.868040404319763
3.827435720562935
3.7247015833854675
3.7179755645990373
3.748830319643021
3.726681373119354
3.640347767174244
3.781749062538147
3.5750583493709565
3.7993350291252135
3.703841646909714
3.6873723781108856
3.7458245617151262
3.6736004000902174
3.503402861356735
3.5329269498586653
3.68028952896595
3.57410573720932
3.6809520292282105
3.533107430934906
3.5856596541404726
3.720908988714218
3.468173253536224
3.645692331790924
3.6334355127811433
3.5086562538146975
3.4790139669179916
3.5360899037122726
3.514435797929764
3.4959409832954407
3.483681005239487
3.3937381809949874
3.44012642621994
3.654325261116028
3.4602342975139617
3.6050165581703184
3.440647282600403
3.5365623164176943
3.4016811871528625
3.5120296907424926
3.3563446938991546
3.552938585281372
3.360307980775833
3.48655881524086
3.55797492146492
3.466362555027008
3.5164772844314576
3.4718284726142885
3.5723012125492097
3.4675549870729445
3.292387113571167
3.4773967385292055
3.571562737226486
3.4657269608974457
3.367133169174194
3.4090612560510634
3.3879412722587587
3.4041086196899415
3.3082555159926414
3.3108199429512024
3.364082608819008
3.2470608270168304
3.3209885334968567
3.2340603351593016
3.203568078279495
3.342245682477951
3.2990501308441162
3.3099003916978837
3.2132823687791823
3.2547946125268936
3.405816438794136
3.382007957696915
3.2592376971244814
3.2606470090150834
3.201513677239418
3.1700557547807695
3.2946604430675506
3.3605654746294022
3.2262104749679565
3.243728747367859
3.253789119720459
3.0394356846809387
3.214454798698425
3.224229224920273
3.1501911050081253
3.1524873036146164
3.24131609916687
3.1444702523946764
3.220855519771576
3.1829993045330047
3.2524384969472884
3.113143799304962
3.19439430475235
3.2035270953178405
3.2461658507585525
3.103872633576393
3.154912943840027
3.10636294901371
3.086981090903282
3.072515895366669
3.0879473435878753
3.210456864833832
3.1330119550228117
3.1956502169370653
3.130361716747284
3.0271651655435563
3.0103071081638335
3.001320271492004
3.074738171696663
3.04693609893322
3.0322551280260086
3.0781795477867124
2.9709085071086885
2.9957157492637636
3.15158832192421
2.9420344853401184
2.9480778896808624
3.0154089981317522
3.0700979936122894
2.929107279777527
3.022680959701538
3.079858390688896
3.0000831294059753
3.0276162201166152
2.9654014611244204
3.1491579031944275
3.0324574226140975
3.09027263879776
3.0058227264881134
3.002132536172867
2.9859359312057494
2.9108791786432264
2.8906929010152815
2.8612615036964417
2.903887926340103
2.985375381708145
2.821230891942978
2.8255739253759384
2.919013482928276
2.9358159810304643
2.8577861630916597
2.9859250515699385
2.9227913063764572
2.9150408667325975
2.9064138132333754
2.9032616066932677
3.0071074855327606
3.0285942554473877
2.929221203327179
2.8766406190395357
2.9575974702835084
2.8960032802820206
2.9090910214185715
2.7367607456445695
2.8503675895929335
2.864957070350647
2.9111824542284013
2.8273435860872267
2.864636750817299
2.835196860432625
2.8771330839395524
2.800727286338806
2.9384503954648973
2.8395753741264342
2.7999441969394683
2.7752456176280975
2.7461897134780884
2.81141115963459
2.83339060485363
2.816140066385269
2.8568137753009797
2.8394829094409944
2.7888505989313126
2.854633843302727
2.790765455365181
2.8232113456726076
2.785027447938919
2.7313128578662873
2.7447987860441208
2.6170518481731415
2.7709485548734665
2.763137165904045
2.7145466804504395
2.7278838688135147
2.656528972387314
2.762028247117996
2.742359857559204
2.6912159699201585
2.8434131240844724
2.7250632035732267
2.7974924522638323
2.7031286406517028
2.625055738091469
2.6181620746850967
2.804611027240753
2.7595925796031953
2.6690919184684754
2.6227711284160615
2.7398220318555833
2.745272088050842
2.629333260655403
2.592323856949806
2.638048693537712
2.6938720679283144
2.496140095591545
2.700440167188644
2.6439680850505827
2.552620723247528
2.6742607736587525
2.601387612819672
2.5262526631355287
2.6809085351228714
2.566682994365692
2.505306804180145
2.6888685274124144
2.6077659875154495
2.6092881101369856
2.637500858306885
2.601093088388443
2.620531275868416
2.497775062918663
2.644499424099922
2.5888595563173293
2.574650237560272
2.586018663644791
2.5956273990869523
2.6183699944615366
2.56148741543293
2.517382638156414
2.590248999595642
2.5333083516359327
2.581158625483513
2.508893668651581
2.7018465238809584
2.487089139223099
2.3618024998903273
2.537619686126709
2.5206896352767942
2.5101506584882736
2.5399353820085526
2.527176560163498
2.5054522806406023
2.449325439333916
2.427707736492157
2.5165303045511247
2.4351430794596673
2.4549037635326387
2.4766904920339585
2.4771758991479875
2.4769659543037417
2.4455132693052293
2.4337292277812956
2.322753372788429
2.456852042675018
2.437715455889702
2.4225912243127823
2.4899765715003013
2.371122246980667
2.390913056731224
2.458214425444603
2.4310706454515456
2.4373649764060974
2.3748298770189287
2.402815009355545
2.4243963032960893
2.550688219666481
2.4506193643808363
2.4070418655872343
2.332664707303047
2.467089898586273
2.3022067940235136
2.3828480476140976
2.3462775498628616
2.3822388422489165
2.3250282528996467
2.3502518206834795
2.3899671828746794
2.4191755297780038
2.306399750113487
2.351780116558075
2.294339563846588
2.251042457818985
2.416563211083412
2.2826643019914625
2.316950045824051
2.2908705151081086
2.3143856912851333
2.2035613292455674
2.3844292056560517
2.3313022327423094
2.3193569016456603
2.2324055349826812
2.3216882783174513
2.376014733314514
2.1521897488832473
2.3471220892667772
2.2407890266180037
2.314325178861618
2.332500443458557
2.316484815478325
2.2093705141544344
2.3040154403448105
2.3359900200366974
2.262029333114624
2.163197071552277
2.271504602432251
2.2591461116075515
2.262599443793297
2.2267357128858567
2.244914028048515
2.321347806453705
2.2666905450820924
2.2320084208250046
2.283684864640236
2.1610007733106613
2.2229236429929733
2.164468766450882
2.2324459552764893
2.197802829146385
2.274290151000023
2.2635990262031553
2.210781015753746
2.154721501469612
2.1916067427396775
2.1719423514604568
2.1864066666364668
2.1696868246793746
2.1073664516210555
2.149181272983551
2.1604446822404864
2.1142363119125367
2.205553258061409
2.145217535495758
2.2046803027391433
2.0747088849544526
2.2334941738843916
2.22901311725378
2.0840554785728456
2.195966236293316
2.0965191864967347
2.1686351388692855
2.1542012667655945
2.133945168852806
2.1872714337706567
2.1842201286554337
2.112688148021698
2.1361668857932092
2.079488124847412
2.069783968925476
2.0881722128391265
2.0791546660661697
2.1472747564315795
2.0586910605430604
2.2094053727388383
2.133423693180084
2.0692445343732833
1.999567044377327
2.135186276435852
2.0164258354902267
2.1436828592419626
2.155850194096565
2.081360068321228
2.029947368204594
2.010800452232361
1.9990806984901428
2.1509263437986372
2.006543911099434
2.0834918469190598
2.0222074496746063
1.9719002431631087
2.028701677322388
2.0401717054843904
2.100978941321373
2.027997040748596
2.0472856241464616
1.9620486679673195
2.046399733424187
1.930973805785179
2.0009332299232483
1.9439300638437271
2.0327361708879472
2.03605071246624
2.010400523245335
2.0585806375741957
2.0831035137176515
1.8998591569066048
1.9738675624132156
1.985445145368576
1.9853248572349549
1.9656809574365617
2.0205177420377733
1.9649213308095932
1.9337483328580856
1.959508519768715
1.9055366802215576
1.9513253313302994
1.9182747000455855
1.8921044611930846
1.9144248896837235
1.995534947514534
1.98255352973938
1.8883057200908662
1.9137992286682128
1.9726098197698594
1.8709434831142426
1.965534172654152
1.9107925719022751
1.863021406531334
1.8857446855306625
1.9187231093645096
2.0182565796375274
1.90827483355999
1.9261427903175354
1.8783169841766358
2.0079191356897352
1.8909812808036803
1.8474937176704407
1.98361002266407
1.808498873114586
1.8340552216768264
1.9183620524406433
1.9120147675275803
1.8603773838281632
1.9331130850315095
1.9726291292905807
1.951289165019989
1.8423655480146408
1.795100233256817
1.8742052930593491
1.8168120819330216
1.8853504437208175
1.8437828302383423
1.7229327934980392
1.852006568312645
1.8539517223834991
1.8221836292743683
1.8805781736969949
1.8526257652044296
1.7452392011880875
1.8560589957237243
1.8040203028917312
1.8197222346067428
1.8688632661104203
1.778943013548851
1.690353001356125
1.8476981177926064
1.8167340403795242
1.8511908173561096
1.827585851252079
1.7991889488697053
1.8236727023124695
1.7576231768727302
1.7473033905029296
1.8280219167470932
1.8008393293619156
1.7821798861026763
1.8665669763088226
1.783145403265953
1.7601816591620445
1.6949842488765716
1.767762109041214
1.7653555804491043
1.7799943533539773
1.677607479095459
1.8457932564616204
1.7580590432882308
1.8114028942584992
1.804175101518631
1.7783941981196403
1.7817905896902084
1.6552737390995025
1.7429719066619873
1.6799565675854682
1.7188088196516036
1.7200255465507508
1.7419172984361648
1.845242680311203
1.6766720724105835
1.709789173603058
