33.163858983369
7.557738107917583
5.198097217399462
4.577876432807044
4.128616926416886
3.8098849453757295
3.598304468973548
3.4345706405892837
3.2997084064821225
3.1814924747543
3.091575478030517
3.0065919514250967
2.9274752809938076
2.8734812071893066
2.8083842059152317
2.7522692627611414
2.7165613295757667
2.6590197803699867
2.6183036396988726
2.5757046479039487
2.5397510881972525
2.5071099495465776
2.4882342641332507
2.4480336846503534
2.4178148639940584
2.3956473298304903
2.370598242873639
2.3494016554503316
2.318924929715891
2.308243351700032
2.2853271196373797
2.2649265580472693
2.2463701087816625
2.230973671495387
2.2124347755339295
2.1938586551531225
2.1875622319964183
2.1680402750462555
2.1556227476195953
2.1448020834838393
2.141416162779901
2.1199221286625987
2.1050698047718117
2.0938618552368298
2.087933031067384
2.0717194112001267
2.065777803680538
2.052406574245048
2.0441561699968522
2.0307527448223754
2.0253281622333863
2.014737073035367
2.007895669578451
1.9955513063257775
1.9852696324871704
1.9779100075232243
1.97134627177652
1.9618225245349175
1.963552745833861
1.9483333235293363
1.9481535672614005
1.9349758767448695
1.9241416195852568
1.9213903308969684
1.9102522896981873
1.9001549701247595
1.9005069824974095
1.8920065037972105
1.8795941569636354
1.8776830614140603
1.8692375168336177
1.871364465065762
1.8563693648418493
1.8495615391077194
1.8486496996035617
1.83836641301096
1.8307433771876107
1.826623690866791
1.8219643997407593
1.8128152051858142
1.8098169224979603
1.807058377603514
1.7947597675091398
1.7995447450507003
1.7914780181857337
1.784771445841916
1.7785858461814643
1.7752540504510423
1.7649599957255135
1.7604372224449056
1.757542903971883
1.748258714391067
1.7508422563561297
1.7398250960143267
1.7356381097198588
1.7347990762343448
1.7234215003199282
1.7169588783146006
1.7126526568843201
1.707893402439303
1.7101317127194025
1.7051601644638366
1.6952056821468657
1.6892047498078473
1.6880435197226769
1.6862925900294718
1.6712045052410227
1.6701582087352214
1.6610649088315204
1.6667696295586307
1.6611479784535095
1.6574146668467902
1.6608902724970758
1.6504341978414925
1.6423237223540788
1.6357324083821962
1.6319607899779767
1.626913622417281
1.6249971840761404
1.6266532015483992
1.6125370862737167
1.6162905569097636
1.6135838936387965
1.6086255449109372
1.6031027763290744
1.6048477241950752
1.5991111822360384
1.5890787797691548
1.5883677865551635
1.5863698409721914
1.576565282534709
1.5795051086265428
1.573389101872402
1.5669130685582626
1.5641222672652355
1.5599242192981517
1.5589121820124905
1.551443223140936
1.544568167587297
1.5470318599084838
1.5437367642875266
1.5387499540780498
1.533215224479152
1.5320657285968815
1.528620200874531
1.5242925697723322
1.5171139010813384
1.520578756532838
1.5113167003192733
1.5093165082214153
1.5113393424359043
1.5072361565796675
1.5005308532081874
1.5029609649054771
1.4939145348240843
1.4906260481977884
1.4875571938742578
1.4835169381272477
1.4804893376025479
1.4744820491930024
1.4816754386488316
1.4719430817439494
1.472462807081442
1.4604666473063748
1.4615977559469442
1.46269313371287
1.4543431301032548
1.4518585336946808
1.4531141050093996
1.4480668142833542
1.4478215010820237
1.4376905494559127
1.4405867792336287
1.435597550288766
1.4311583379728605
1.4228706750194584
1.426329067850535
1.4214492677587323
1.4261415653524145
1.4214444672111917
1.4181635532758932
1.4071650700231568
1.409705627281054
1.4027379060213545
1.4025363088709064
1.4016077929893427
1.3985998736018628
1.396291503864052
1.3938292167355528
1.3866580566473767
1.3808608550940995
1.380701956232037
1.3737419938619158
1.3784803610987368
1.3788005237558247
1.3694842531617764
1.364879392153394
1.3652691110572983
1.3637902860620381
1.3529489298837374
1.357423652062374
1.3512065083579679
1.347282435777968
1.349422405515097
1.3469225489987737
1.3395839547161508
1.34531702562771
1.3352092520325585
1.331287041174627
1.3344642003025629
1.3275815662557044
1.324513511320131
1.3203584008512244
1.3194693050025839
1.3189670200896475
1.3145952923635467
1.3091140790323241
1.3122833532042208
1.3070019884447082
1.3042628237631468
1.3077789331431937
1.2980587587947339
1.2975818725813806
1.2991964102318856
1.2890841235629225
1.2863034716749613
1.2892489058781513
1.2773924145550855
1.278202214072236
1.2742979924763198
1.2775547712777569
1.2720108826076035
1.279716027521454
1.266514682400543
1.2671842849360102
1.2602037196665739
1.2610541840570162
1.259384556681709
1.2552489191293716
1.253019385369478
1.2498908462250127
1.2476429575312453
1.247411252914277
1.2488905987908354
1.241928707973092
1.2391614457674787
1.24715052109904
1.2347352093299933
1.2305950511873296
1.2348173276513024
1.2282307082045394
1.2229414081151506
1.2204684314474594
1.2224120323636891
1.2213477848377903
1.2165268522448245
1.2178048612797154
1.206488154367008
1.2087804024989626
1.20579349335316
1.2024010957869808
1.2063507814850427
1.1972046874265756
1.195939336994053
1.1933531238969448
1.1939161601847252
1.1940847926698954
1.1891508925277574
1.1918535746831809
1.1898290459561136
1.1842474961175329
1.1799908341032215
1.1784928483245647
1.1722711300955408
1.1722847924823254
1.1797259457870923
1.1646510805703898
1.1688179094179543
1.1683230955252606
1.1655677324902696
1.1581171212998111
1.1580099249835563
1.1621795510296273
1.1629671922563452
1.1506727097836216
1.1515716860252143
1.146399642777654
1.1549655681690283
1.1400297911821213
1.1383783171134711
1.1393520737116316
1.1351654815726575
1.133618286225648
1.1300071464703145
1.1294420219100683
1.124881691769161
1.127088302268391
1.1295497464922677
1.1232673015478438
1.1196066375854796
1.1256353499087612
1.1191053216436269
1.1111824132699881
1.1122060324502203
1.1107038412473897
1.1105477140013096
1.1086020903513494
1.1060909304471143
1.104679095797834
1.101788928287219
1.0984719931024365
1.0967622256911962
1.0914707404058592
1.092782533933631
1.0884655510957262
1.0834462618933314
1.0859854126398543
1.0927188699751829
1.0867948558478229
1.0850576270470578
1.0849366942338183
1.078052372267816
1.0713104775785345
1.072553031476198
1.0703097428895731
1.0636863009592072
1.067953383104991
1.0640752605632342
1.0673336382724543
1.0633121670874874
1.0595795375055972
1.0576058051227468
1.0573424686372808
1.0540144895821546
1.057215581161786
1.0568543166185902
1.0489037023708883
1.0511150058128138
1.0477178549080823
1.0413186027940395
1.0411557411461805
1.0383347937491088
1.0383061994757272
1.0386526595174739
1.0334164947271347
1.0386372476288703
1.027834966910624
1.0273262005200428
1.0308215052416894
1.0258259339406428
1.0204595964303058
1.0222428284123934
1.0156941479813737
1.019057339667219
1.0193656357252492
1.0181460846050652
1.010532722272704
1.0120603101970875
1.0173931939412006
1.0111364313458975
1.0058765764785025
1.0036161192486772
1.0006381817887315
1.008569671385056
1.0001315508796051
0.9986147577256228
1.0030627131989571
0.994391445037538
0.9918428878341101
0.9903869264948685
0.9883016103928068
0.996659970520872
0.9873784827975045
0.9836863355826487
0.9797586463721453
0.982080937618703
0.9868820313595038
0.9739236120892837
0.979707545938745
0.9774973331826978
0.9813753933505674
0.9716238541676935
0.9697761393226354
0.9625192250298188
0.9643771987309498
0.9661354563668766
0.9607776055293801
0.9640149947552554
0.9569714293543217
0.9615196891590557
0.9587897715051618
0.9555649930133229
0.9508653947737364
0.9518284589315937
0.9504185880707429
0.9448536448510347
0.9526453533795027
0.9494191284200787
0.9393074156436245
0.9438354554956994
0.9356596729660456
0.9379673238876647
0.9384622875831824
0.9360136414787411
0.9328142229170926
0.9288970472010891
0.9288911679677204
0.9357740900157827
0.9274086128030203
0.9286447420584417
0.9260295353895796
0.9245057692833706
0.9197117353962586
0.9139290090683287
0.9199779760257333
0.9150308895427569
0.921258785555848
0.9135714998814912
0.9102743716366524
0.9101398663710704
0.9134250097306429
0.9116797226983889
0.9072268921717078
0.9081761852829857
0.9045025972665939
0.9003725443529872
0.902377719636512
0.8988133076809149
0.898498270891409
0.8920757700647928
0.8940057982649423
0.8988868954171122
0.8955662402167784
0.884973620287085
0.8886309594443415
0.882245050990476
0.8857482832617465
0.883212474595129
0.8828787638814048
0.8786048715093494
0.8772294844410061
0.8790766372617367
0.873434331037302
0.8735566720762084
0.8704728894265352
0.8772789878127849
0.8729284049662869
0.873437089730153
0.8663196011190921
0.8681049936376841
0.8637660752355525
0.8583091468410154
0.8585190463118848
0.8621437827833985
0.8546576503895026
0.8571796454159559
0.8535060192895146
0.8563095742622308
0.8537474078150977
0.8553851803319644
0.85036343771272
0.8514196963700573
0.847681289225553
0.8495884510004414
0.8467535285559376
0.8471945450369236
0.8411578115372531
0.837063460091574
0.8403514735730349
0.836539679396469
0.8357877205167197
0.835834312623581
0.8309258122359757
0.829364829095064
0.8320299728518039
0.8294956503452453
0.8252142725792606
0.8240821649015477
0.8275038363923014
0.823482574351066
0.8205297286004092
0.8222959757642408
0.8231696872848325
0.8159695681744972
0.8268569755343209
0.816737194108752
0.8218925633525427
0.8164681014233985
0.8140568516950691
0.8102044428871796
0.8100277248737031
0.8134877883491263
0.81401903347104
0.8056870893435141
0.8017791050725278
0.8033919511115657
0.8013855104161575
0.8006242429260659
0.7923594068373199
0.7935573976915494
