36.11822812747111
10.447034523550387
5.7639218178470575
5.024059087829253
4.574534278000351
4.256000163280858
4.016690990566152
3.8174206588120585
3.646247166447935
3.5124371732230735
3.3909382108038506
3.2865153503628957
3.1932924252695742
3.1134591028753635
3.04780180791838
2.9788471666057554
2.923900035630285
2.8765542169587803
2.827400077233272
2.7795509622160313
2.7415971080813786
2.7003704066825125
2.6764324080627575
2.6357529089514133
2.602986482919845
2.5754337516506163
2.542450381591257
2.5233944406551596
2.489270084199652
2.468456840093157
2.445672114338495
2.4211874224443353
2.397307073120522
2.378491245276105
2.3635858434491452
2.343259238036333
2.3285721788364175
2.308570832541559
2.292222427055899
2.2803361508171114
2.2601003762895027
2.240176984166677
2.2276264518763114
2.215483854302263
2.2020532114315876
2.1947584516179246
2.1790286869601867
2.16866191773288
2.1484569632901556
2.1392271223321426
2.1262119270004
2.117572744863223
2.111258338246725
2.098656111850148
2.0852036059430215
2.073414599737235
2.062801028774903
2.0520408166720805
2.041742001223353
2.041474574698811
2.031099226622455
2.0178379044596073
2.0110003043592504
2.007232582674617
1.988279503003686
1.9901920335482708
1.973601023180295
1.9658052778876989
1.964618414112952
1.9512388545327481
1.9447650819753124
1.9355822543127348
1.9285111419395007
1.920210469613033
1.9165891026501107
1.9027597086619488
1.8985382608607806
1.8995203531421392
1.8867914201939
1.876882562595131
1.878101818329465
1.8711790460928353
1.8644283640701158
1.8530706301727127
1.8518840570365434
1.8377295539969891
1.8364211969670996
1.8330036116912303
1.8225076438578884
1.8187034167019667
1.8159108109178796
1.8069346457456066
1.8007337269002357
1.7954797916180265
1.7914157562551245
1.7836162500676855
1.7854022979736328
1.7778949326118536
1.7698495530449183
1.773307143850664
1.7587438199372418
1.7566230534452252
1.7523110941448043
1.753316483930149
1.7362575573203838
1.7405777610508741
1.7361547965391548
1.7298173754088646
1.7220430471728334
1.720714772960781
1.710804698477804
1.7100901366335102
1.7029466091004093
1.7019377340257695
1.6943021727874217
1.692698846348619
1.686505919536658
1.703091142715606
1.678866250852568
1.67306465833588
1.6642152587924384
1.6592672095362064
1.6685489046890123
1.649917668473404
1.6509285083914225
1.6412400178677213
1.6486064211457176
1.6341269208794147
1.6369658481758254
1.63463909752601
1.6349858169534566
1.6261693982951408
1.6199549106897506
1.61734789715404
1.616759438694051
1.6067369812357741
1.6053775744100587
1.6020062249318687
1.5998830829573945
1.6023100577624498
1.5926607061276394
1.5877366334991116
1.5844690441030316
1.581218200447285
1.5747797199055158
1.5728332846038109
1.5649154246908374
1.5709528369186199
1.5578264873639671
1.5574356852906994
1.5536216895664687
1.5510444248144606
1.5435207805274862
1.542881324755407
1.5370664918317205
1.5388990094703912
1.5373425428318765
1.5344298861723031
1.5294854495905141
1.522851876716698
1.5152085120171572
1.5149898328612337
1.5106617151635937
1.5068652126113926
1.5102059611704497
1.5087913612348844
1.4998357868300074
1.4954384343814007
1.4953126915260755
1.4923196150138316
1.4915405812516678
1.4931888171529348
1.482552328468424
1.4788568222944716
1.479944719150003
1.474181312375364
1.4723825090754348
1.4676431694389445
1.4691204159660678
1.4600241956985103
1.45941677821421
1.456642481869301
1.4593850727629873
1.4452388618899659
1.4447614563777385
1.4509182986432472
1.4441895392616237
1.433672986463108
1.4350438373806202
1.427954934603345
1.4299237016028008
1.4273763752616613
1.4249582852410003
1.4218507551513941
1.4244449085893884
1.4165833679448188
1.412275889805988
1.4102009455714606
1.4066906479080166
1.4055635728667268
1.4052923751615845
1.3959998707328223
1.3948502809600491
1.3931612393497366
1.3880438883747674
1.3874011285009638
1.3877807987474762
1.3860383880349387
1.388581369830444
1.3840788528982517
1.3789620536618528
1.3735898733139038
1.3657660465852348
1.3629472954610808
1.3656480014324188
1.363575258086213
1.3540188348398798
1.3512177831303758
1.3548337445322391
1.3477413298281948
1.351956387800453
1.3419824746330227
1.346033948448907
1.3377287100374171
1.337240852877102
1.335705690679297
1.3325478545332377
1.3342718716743773
1.3290853381684395
1.3288500712508649
1.322987137642582
1.3177574838684722
1.3230156523991474
1.3159696019328802
1.3146166577275875
1.3097535216175349
1.3113736847860624
1.3140753764758069
1.3079091682370785
1.3036571058024347
1.2958708980442148
1.304236476927732
1.2966062059972139
1.3007967593395604
1.2978431877836716
1.287347096257505
1.2833491489950535
1.2863109362336387
1.2816224211612635
1.2841725787230298
1.27580468791776
1.2760581500762331
1.2693073836575568
1.2727371910504535
1.268727110154861
1.271595502321699
1.2634833557943328
1.2622284367021206
1.2587338010821723
1.2608930922187536
1.25032928902491
1.2655573284204027
1.2567809487866088
1.2533427273805162
1.2418565892540248
1.2412744090620396
1.2413843891261953
1.239071575413763
1.2349580336461026
1.2337076131221467
1.23712815410268
1.224665726180625
1.2313806918342556
1.2254827716181764
1.2255592578280288
1.2271100403988255
1.2197571299244871
1.2171248342611094
1.2167359557563224
1.212665743136828
1.2087929265952744
1.212088573427327
1.21311855527152
1.2060796586813125
1.2045922872766983
1.2014554171963077
1.1937967652240686
1.1989486626291697
1.1906823871937473
1.1971000609672175
1.1905996374851835
1.1902392622643867
1.181423077541115
1.1854843916618718
1.181174799008707
1.1827027071102532
1.177697607901244
1.178015823649094
1.170189693965743
1.1767991566288787
1.1690268909509203
1.165500706539745
1.1669264841923672
1.1664817686629507
1.158243910533137
1.1691190782373986
1.1560533806286026
1.160383261410536
1.1541877832032938
1.1500516734292021
1.148943207960213
1.1502556763919054
1.1404801164053182
1.1440268719354563
1.1420839647803687
1.1428229025507395
1.1334875508219795
1.135319756854952
1.1345548363386002
1.1400571338898313
1.1298340814830983
1.1237306184737028
1.1218513519363065
1.1244343674815862
1.1192199521887618
1.12802882017815
1.1197363615563485
1.1133234626160258
1.114889294700285
1.1115305208790618
1.1182483745887217
1.1088047672425752
1.1065571727478398
1.1049418845007906
1.1071206357626788
1.0956956338038486
1.1001979157460475
1.0978515878715347
1.092106855021114
1.0948929520307389
1.0972939038698653
1.0864261933396349
1.0859151685659865
1.0820467506362275
1.0907730508958344
1.0813919578769566
1.0769651094369128
1.0763241833290167
1.076373761470339
1.0808535674504474
1.0793760566584831
1.0735843616776761
1.0651241609480528
1.0633105141135444
1.0631014021624505
1.059899264864162
1.057639485834974
1.0655562915896948
1.0584673309220678
1.0546392135124292
1.0544413242456132
1.0611284491235176
1.051575999608082
1.0483349799054913
1.0442286840582315
1.0501080597132708
1.0478855951697426
1.0413674443168979
1.0409995496800515
1.0382371519782903
1.0328765250412764
1.0325867892366596
1.042658418021371
1.0344848464020586
1.0264902631793402
1.0252751109346878
1.0281766749325052
1.0251830598685594
1.0231429566588022
1.0200459201515248
1.0187886007855425
1.0161309304226815
1.0186304175748235
1.0115892322717515
1.0103912030437352
1.0092120993453844
1.0058233774868788
1.0098795778719725
1.0074573089327432
1.0014536557471858
1.0033418058821586
1.00493983713399
0.9926732440965366
0.9954454844768068
0.9924318080982276
0.991659255945577
0.9876794750447822
0.9905542391063893
0.9909515267452308
0.9845838631148887
0.9880561175863299
0.9857976518373573
0.9806126672609717
0.9795328729448065
0.9805895766589494
0.9781624457213731
0.9732806355552336
0.9777932136723425
0.9699563403836394
0.9697985344492228
0.9687696782361089
0.9751727971355472
0.9699325936030497
0.9632340499521357
0.9643046441858849
0.9557980449326271
0.9616831977546743
0.9572861902745424
0.9546132036278733
0.9542809875138039
0.9515328221352755
0.95390386892631
0.9497849823890534
0.9436681482907945
0.9419537493876652
0.9459332794742247
0.9383288822342865
0.9376575162189197
0.9390751333099551
0.9376943029661094
0.928950452039727
0.930924726007259
0.9284727827901333
0.9313177985955129
0.9317470123018838
0.9227159159109656
0.9326891634052834
0.924573139938633
0.9238305934498795
0.9249790612838965
0.9197460049021561
0.9203103592174243
0.915500320691978
0.9139284901650606
0.9102678015432527
0.9119463427140649
0.9123087022948054
0.9071826988880614
0.9058842749985974
0.9068656936947224
0.9049528883358019
0.9053744259661278
0.9006348734935828
0.9001576456084716
0.8961475244929306
0.8940368408122948
0.9045028268499712
0.8951347971384505
0.8943993718223234
0.8891209309871217
0.8869241872983696
0.8941420813841102
0.8903936448350417
0.8851042396463125
0.8848420687481365
0.8812244323502599
0.8780090351284078
0.8857397852481994
0.8766567571237024
0.877015352908489
0.8810799597902635
0.8706464668554542
0.87395256177514
0.8767125602580804
0.8712977226329061
0.8725999672855951
0.8661951359394378
0.8693752391675932
0.8611463118443446
0.8625718274738936
0.8581837411739129
0.8622882888380405
0.86233215337306
0.8594604869068196
0.8622073602359906
0.8614598109131366
0.8560131200119457
0.8540459000958806
0.8470354287234028
0.8482955065184989
0.8465407510510589
0.8456736807010871
0.8421267176096419
0.8406664444281992
0.8440153490653081
0.8405767491960947
0.8396538183488677
0.8436339671632885
0.8373978867203788
0.8326917198379483
