16.447502831979232
4.519504400816831
4.115037326650186
3.9024261444807054
3.77289659678936
3.6758087727156554
3.6622930507768285
3.6051016479730604
3.5516479587013072
3.4808951234275645
3.4568967588923196
3.4419421328739688
3.379360443624583
3.362262579256838
3.3553436184471304
3.363495098189874
3.321066837283698
3.2955878076228227
3.24219672544436
3.245516058802605
3.2153049317273226
3.2236924141645433
3.2108104797926815
3.1841691158034586
3.1717896011742677
3.16078342795372
3.1379966139793396
3.142556089704687
3.129022660309618
3.109986422143199
3.117152251167731
3.092882362008095
3.124763342196291
3.070653680237857
3.065305183421482
3.0784777291796424
3.050212838703936
3.084937670826912
3.0600472496314484
3.01752965612845
3.0286092695864766
3.002377451820807
3.0080974982543425
2.992799176411195
2.973521893945607
2.9838816664435646
2.984099800207398
3.0079183025793594
2.9606145064939153
2.9689601718024776
2.9355735291134226
2.958126463131471
2.947881814837456
2.9599868308414115
2.941198785467581
2.9316204023632135
2.9321677056225863
2.892986057021401
2.9216408453204417
2.937997861883857
2.89899927675724
2.9006086279045453
2.8717334162105215
2.876971990141002
2.8788992762565613
2.8583144981752744
2.858590789816596
2.8354582236571746
2.8510162808678365
2.8570613258264284
2.8574386951598254
2.8617243438959123
2.8231681103056125
2.8268141892823304
2.8449094640937718
2.8227652981877327
2.830626777085391
2.818229660120877
2.83182873563333
2.802501009540124
2.817273887991905
2.8025139315561813
2.77853761667555
2.7818897461349312
2.771320593086156
2.812260109728033
2.8050096878951245
2.7506064200943166
2.7852254630489783
2.7739526838064195
2.770163318514824
2.759599247574806
2.747731153396043
2.7872382004152643
2.740817970850251
2.78086035956036
2.7504095380956475
2.7070164623585615
2.7373459857973184
2.749774928797375
2.7323489659211853
2.6976213788444348
2.701671222123233
2.71852367750623
2.7081684529781342
2.709538275816224
2.738791928778995
2.6877639956772326
2.684124791486697
2.7039883323691107
2.682326803966002
2.6986156022006815
2.6623768349940127
2.6776454366743563
2.6848827416246586
2.696376793492924
2.66545396216891
2.6815649848092686
2.656400572576306
2.6721293248913507
2.6470496852289545
2.643799613687125
2.6541889028115704
2.6792529412291266
2.655525364388119
2.6232936160130933
2.6409271496263416
2.637217628820376
2.622329350357706
2.619214815172282
2.6128599670800297
2.6295825825496153
2.5853288024663925
2.5859380612319165
2.6215651596134357
2.5878527782180094
2.6205637110905213
2.607812112569809
2.6137816874818367
2.5955432160334153
2.6168689760294828
2.5777012177489023
2.5975042885000055
2.581661444766955
2.5807515702464365
2.585312078215859
2.567632792212746
2.573470738123764
2.5726664353500714
2.596544187990102
