144.0820881330742
7.539074414181259
4.144368227922691
3.4638097348078243
3.2198307120575094
3.092299389951634
2.974775255851026
2.901107129623305
2.833087781127894
2.758736139760827
2.6983002171201527
2.6427533126102305
2.6271950574416034
2.56591811270084
2.5250819702193423
2.489984898915831
2.459063508038251
2.43603940729825
2.4138671547736763
2.39598603799658
2.372978504255133
2.3519519061412453
2.3478332071934105
2.324695735607507
2.3113820237933465
2.3028436438092648
2.284828835500861
2.2638658976779795
2.248539331948982
2.230363302916851
2.228697083468707
2.222017100959454
2.21333369837617
2.1936313442464144
2.1887964999900675
2.166518563088381
2.1610597900624544
2.1439278316947648
2.1444295464821583
2.130390300503317
2.126757024594073
2.1224088786907918
2.1073760244081603
2.096233751976265
2.0907256246175407
2.0826502262421376
2.072967581029208
2.0717759486639276
2.056454781091438
2.0441578133207448
2.04986593998828
2.047658013847639
2.030255826014393
2.03033336350378
2.009371923388175
2.0111851905876734
2.010550373567725
2.0005736545009434
1.9864759282121118
1.9838451582868144
1.982188049352394
1.9802008001309521
1.9654354658329263
1.971929208006499
1.951263429421299
1.9423687944434724
1.9503536331203748
1.9437687585376344
1.924652043940886
1.9295385513665542
1.9190091594772518
1.9183426921097737
1.9043895784976348
1.91072967001852
1.907961219268025
1.8908631857836022
1.9051671269929633
1.888079673051834
1.8824820858689975
1.879370684893626
1.8647414876042672
1.8669595597487576
1.8670093141636759
1.8528089022861336
1.8518727253068168
1.8413304278873048
1.8417073246443048
1.831182228225582
1.8515188778346439
1.8351951008135419
1.8206962656300023
1.8163738025809235
1.8138085142621454
1.8086183790890675
1.8010337957233753
1.8098134263506476
1.799233980898587
1.79703455432406
1.7904379573070779
1.794734388308705
1.785113179739916
1.7813137378895059
1.7776031705006115
1.7758547019846034
1.780159960377891
1.7617250824311994
1.7544982160599727
1.7548038925764695
1.7527926328047267
1.7510176562475708
1.7454341582532198
1.7397558759405929
1.7373747100245278
1.7285379958602618
1.742189717742632
1.7245085928237662
1.718452441242506
1.7223522966762759
1.7111382925847791
1.7168747051706854
1.704828995016386
1.7020449211012643
1.7112435004058875
1.7031389449564915
1.6936814908711415
1.7068633105394975
1.6943492841608119
1.69418791639355
1.68868439883556
1.6867721474395607
1.670550584090206
1.6735556398360234
1.6658615155040093
1.674332393509037
1.668043500409936
1.663749026240043
1.660195455517409
1.6592050638963591
1.6528471829193943
1.6541634809296086
1.6471874342774444
1.6423071597544652
1.6401657296239205
1.6309721748221595
1.6336515877606734
1.6263611339173227
1.622494808064317
1.6235113447567202
1.6150238896315952
1.6157102288221412
1.6123288723657716
1.6132623809126188
1.6095078798397533
1.604127918774227
1.6006547029850617
1.594577893052461
1.6017825876204472
1.5924036927380651
1.5814152814026148
1.5840195085642472
1.586110237072099
1.590821900176552
1.5914656140331953
1.5831294903215372
1.5786026286066703
1.575273390929654
1.5747943467126702
1.5688811419707425
1.5682634334519225
1.5554890230579197
1.5528665241205468
1.551322730925848
1.5488028048344378
1.55023928773853
1.5498003231466941
1.5432552279166456
1.541206367173285
1.5358287205673613
1.5320922161610622
1.5270735882925537
1.5329207842642407
1.5296932208650518
1.5269589758706543
1.5219514521787751
1.516918678328676
1.516958602194516
1.513080765335065
1.5070904389304935
1.5065485480821357
1.5110456111296169
1.5005057220751385
1.5126253242762584
1.4943614073519438
1.5050468995886028
1.4932243815570507
1.485612430943633
1.4985492628700328
1.4868824630975723
1.4833240688971754
1.4777359450763126
1.4798572434569306
1.4719582916993015
1.4767913407874558
1.4653010101250883
1.4638618582262184
1.4757103059651717
1.479231797580449
1.4649214466225426
1.470263641397908
1.4515744482852377
1.4507027662025307
1.4509432135887865
1.4487916045593765
1.4495941881301269
1.4446751466899548
1.4440511886803609
1.4339403823580381
1.4435864220250327
1.4402521196401343
1.4402530735956047
1.4262737308470708
1.4287143287793644
1.4248142203070082
1.4343476905575339
1.4182113653646324
1.4161198650890927
1.4223641545142767
1.4102840521987878
1.4241022388890106
1.4161206911195
1.402171068315236
1.4058810582138457
1.4052546866378695
1.4066230966797415
1.3953588995028217
1.3973006198428712
1.3937063014732216
1.3941709177111679
1.4085429271437087
1.3881002419962074
1.3856243853861432
1.3918565750684377
1.3767452065674763
1.3798109666918807
1.3735264801191833
1.3804069467872944
1.3753735889803689
1.3688986546026085
1.3672937632731672
1.3734752937870205
1.3686389388903133
1.3700562321914818
1.3698173080975156
1.3868944768635731
1.3683420914524007
1.3595317214165095
1.352311982579951
1.3543730220704708
1.3560286099618335
1.351772537490107
1.341024729159643
1.344821608572636
1.3403472464601949
1.3412408027446494
1.3422894798359781
1.3357679295652318
1.334637369749681
1.333443139521581
1.3295733892130401
1.3199681119536453
1.3300011576908939
1.3240401632380936
1.3212604615485892
1.3184198883344542
1.3220175625580661
1.3116721752679572
1.3201892488407638
1.3127476055667084
1.3064156000344258
1.3155408476321202
1.3083760254787948
1.2985692738362078
1.2941154635177468
1.2965851693220858
1.296080655927928
1.2922372039196626
1.30474162129861
1.288277305381478
1.2918391753480118
1.2929397371580016
1.290045105623749
1.2853636213068693
1.2818499218742803
1.2844818200705186
1.2832727227008567
1.2814782638594788
1.2774321940147653
1.2826050382177785
1.273991789176779
1.2734962316616527
1.26288776886913
1.2730670596631068
1.261885312087131
1.2588400007137712
1.2686564511847946
1.2624923429399166
1.257270853755609
1.2658325470281098
1.2605225519751602
1.250154659152031
1.2451546985023427
1.2526537081543005
1.250718302603038
1.2453918310831178
1.2421039640903473
1.2402382830403886
1.2404403880519688
1.2345815556791593
1.2374631776562277
1.2322779805311617
1.234397568511513
1.2275849674951356
1.2323225725371882
1.2285458352768197
1.2337636171646837
1.225143886118565
1.216718021147656
1.2186703584947676
1.2163930788355053
1.2158243344077524
1.2262795834608797
1.2143830344924387
1.2164014605981
1.2102689847068966
1.2283253602261812
1.2095571925055306
1.2020510055546492
1.204814873495192
1.202180507329275
1.197861133881335
1.2061234448315963
1.1918908616281905
1.1957275313588809
1.1903005138320744
1.1896434513465413
1.1949189471186332
1.1869574000812926
1.1902640546267886
1.1803256043426271
1.1821593005421027
1.174818292541324
1.1819451524401612
1.1741649151410696
1.210446928750794
1.178178049764543
1.1788091901338325
1.1799047299713459
1.1759880795231406
1.1712957477232195
1.1647167692206941
1.1634836157537856
1.1654308477662645
1.168383870484694
1.1675975944073695
1.1632884468110103
1.1568187523000646
1.1537589664166827
1.1576412868387294
1.1507296577658293
1.150789865626479
1.148971287990516
1.1485959967633463
1.1523179892661437
1.1456512599340025
1.1429994468981366
1.145147089266552
1.140325204100249
1.1390777924713098
1.137337545741279
1.1361710122733746
1.1360723452185684
1.1379574121169325
1.129995345225874
1.1301386062547845
1.1332527823605627
1.1264135584516346
1.125867044447728
1.1235817007298738
1.1228578638917994
1.1174875684785393
1.1199013554262665
1.1166074551501364
1.1145216454312485
1.1187818948671502
1.1147442538783234
1.1151730913036275
1.1138549247440301
1.1130524035894647
1.10274897037812
1.1170226303192805
1.1104659346758194
1.1090817324957758
1.0977261547210082
1.0961609505257517
1.096805491959149
1.097687877574057
1.1047574790581218
1.0904649044826347
1.099419596060267
1.0889123897507507
1.086321216146901
1.1187612647717853
1.088948332616743
1.0931728054892342
1.0829175779560827
1.0859241530580341
1.080615314532001
1.0817361943564325
1.0791168061067473
1.0824325930959773
1.0769837391826342
1.0766781461688708
1.0702178880291164
1.0728134853097628
1.0765922416774731
1.0698203615984827
1.0654812099166073
1.0704696822278905
1.061444677974818
1.0641542438347384
1.0594679895999297
1.0754937961135271
1.0633836340791774
1.060975172328499
1.0565536065765146
1.0529275806444995
1.0503842113715298
1.0560982899283462
1.0461254766527213
1.0525016658148676
1.0440821750265248
1.047363520933772
1.0407185880643017
1.0444979662040494
1.045383966475163
1.0404665641627222
1.0388586473352504
1.044351967438212
1.0324616325351428
1.0406038009052008
1.043666738103021
1.031325213470549
1.03522813362333
1.0329199566874865
1.0377894046733964
1.025720716647382
1.0241522529636913
1.0400939100193527
1.0415772560913608
1.019088236650206
1.0176697391665206
1.0191861528832957
1.0118523782716606
1.0179239678776488
1.016439859175457
1.0118999207076036
1.0075919148775767
1.0098175611698403
1.0040027589168188
1.0103405958639
1.0024618811483652
1.00371831810137
1.008550355175756
1.0033072691481069
0.9962968580987094
1.0060358531070206
0.9957384334982566
0.9961551285858424
0.9976767720478885
1.0004349752979458
0.9904600041654875
0.9931222982001755
0.993987039575037
0.993700237487847
0.9946069427818622
0.9816044338469235
0.9917880583484218
0.9888283606126623
0.9884201511740685
0.9782735107923454
0.9890859292925529
0.9810156884058466
0.9749822012096081
0.9720996158584109
0.9842685927759927
0.9731445131155679
0.9740405418681648
0.9687600054268567
0.9740599956152574
0.9723364280642204
