131673120.22580644
129587164.64516129
127302704.41935484
124436485.4516129
121137140.16129032
117233873.46774194
112817987.5483871
107717375.16129032
101952740.91935484
95632412.30645162
88638825.08064516
81142797.16129032
73132228.06451613
64990936.98387097
56730081.98387097
48771222.52419355
41556307.15322581
35421505.5
31162898.870967742
28931966.27016129
28251706.75
28032230.70967742
27896091.56854839
27739288.14112903
27600541.83467742
27461142.39112903
27326098.451612905
27236273.399193548
27095319.919354837
27006832.08870968
26902933.745967742
26760110.125
26673510.572580647
26557926.592741936
26482854.423387095
26384474.43145161
26285164.907258064
26209699.362903226
26142720.987903226
26027342.68951613
25971388.41532258
25898926.302419353
25810710.612903226
25747073.875
25668490.955645163
25619771.221774194
25541082.64516129
25471472.18951613
25397306.552419353
25357909.951612905
25277117.705645163
25199964.89516129
25161377.592741936
25109047.46370968
25034319.572580647
24976191.778225806
24930675.875
24886147.58467742
24822029.423387095
24773499.399193548
24728701.19354839
24688253.66532258
24631878.705645163
24580816.66532258
24517383.072580647
24447164.975806452
24390515.153225806
24330169.737903226
24255678.096774194
24186775.58467742
24114029.987903226
24049662.072580647
23965089.475806452
23901033.14112903
23823120.782258064
23756430.20967742
23690929.870967742
23630774.39112903
23550689.887096774
23499933.51612903
23422583.177419353
23389798.330645163
23321748.076612905
23305838.52016129
23202426.97983871
23173420.987903226
23112763.31854839
23068613.01612903
23031937.80645161
22984974.56854839
22952116.89112903
22918183.758064516
22861834.625
22860046.370967742
22809205.552419353
22776015.10483871
22760514.33467742
22728451.25
22698050.778225806
22675072.18145161
22658749.60887097
22628520.254032258
22604346.89516129
22590368.612903226
22583274.72983871
22557936.951612905
22536982.60887097
22537437.08467742
22509654.31048387
22501724.298387095
22493749.137096774
22472927.05645161
22463420.245967742
22471072.83467742
22438171.5
22431138.225806452
22411832.758064516
22400113.83870968
22387734.237903226
22393411.91532258
22360573.83467742
22349437.524193548
22339530.673387095
22337987.85887097
22327694.092741936
22310831.01612903
22317701.80645161
22284847.044354837
22279781.366935484
22289409.81451613
22282351.330645163
22258979.68145161
22241978.504032258
22242095.637096774
22230880.633064516
22216266.512096774
22194082.080645163
22201086.637096774
22199672.25
22175733.78629032
22157078.31854839
22153297.762096774
22144858.94354839
22132851.01612903
22127889.46370968
22127474.951612905
22103570.548387095
22103101.81854839
22077293.653225806
22071212.77016129
22076527.278225806
22051248.30645161
22054549.677419353
22026278.919354837
22045325.137096774
22015619.137096774
22000332.30645161
22017705.278225806
21999211.01612903
21973097.01612903
21969768.995967742
21945136.14516129
21942797.47983871
21930544.125
21929501.475806452
21908938.21370968
21887884.13104839
21901268.18145161
21889912.83870968
21898707.576612905
21865255.81048387
21853711.76612903
21847461.471774194
21836132.375
21834228.47983871
21812797.580645163
21799860.987903226
21810790.31854839
21795847.51612903
21773542.75
21758353.302419353
21764314.94354839
21746570.044354837
21740489.68548387
21719783.06854839
21716320.971774194
21705940.241935484
21684299.326612905
21700987.33870968
21664050.524193548
21671104.43145161
21645025.133064516
21654698.91129032
21627631.33467742
21634447.612903226
21624533.274193548
21596757.43951613
21586719.653225806
21587750.387096774
21568386.89516129
