75.266890335083
29.873066120147705
14.37148389339447
10.091955366134643
9.588902678489685
9.272758646011352
8.996278949975967
8.633863797187805
8.314804110527039
7.802222979068756
7.693446729183197
6.943834807872772
7.343786491155624
7.248858587741852
6.754110215902329
6.869640673398972
6.538091356754303
6.934322749376297
6.566817321777344
6.657948948144913
6.4363639032840725
6.740073070526123
6.30614714384079
6.513109107017517
6.457438173294068
6.282142078876495
6.2614974427223205
6.1439049792289735
6.39105034828186
5.830456928014756
6.308094098567962
6.361293704509735
6.284076359272003
6.0888139051198955
6.298392927646637
5.8601515364646914
5.910121196508408
6.436417546272278
6.015370039939881
6.0675162196159365
5.848044879436493
5.9123702192306515
6.039122331142425
5.758377412557602
6.139488861560822
6.031659030914307
5.656210906505585
6.066251024007797
5.828345468044281
6.0278997898101805
5.6637413275241855
5.955029240846634
5.7638950860500335
5.748155245780945
6.333981597423554
5.799534449577331
6.049337435960769
5.587238994836807
5.887834945917129
5.556938787698746
5.823202519416809
5.578510006666184
5.911934939622879
5.828802952766418
5.957134473323822
6.162532651424408
5.870326510667801
5.97707219839096
5.540180978775024
5.945009618997574
6.211633322238922
5.450303669571877
5.967658526897431
6.1223773562908175
5.743683979511261
5.826300412416458
5.832293962240219
6.07010008096695
5.685982680320739
5.726000603437424
5.752208155393601
5.741747666597366
5.729470752477646
5.530753335952759
5.732597831487656
5.705789527893066
5.96252781867981
5.884832974672317
5.707503229379654
5.407268178462982
5.715730881690979
5.854653248786926
5.662123855352402
5.584057110548019
5.444277237653733
5.624352811574936
5.583581671714783
5.683323675394059
5.901001200675965
5.5687464070320125
5.680266580581665
5.5617944419384004
5.394601584672928
5.6665434849262235
5.512390806674957
5.352700483798981
5.485220835208893
5.731090375185013
5.477171372175217
5.689761477708816
5.598244445323944
5.6773352670669555
5.217134294509887
5.4946898031234745
5.357588025331498
5.598758568763733
5.4954160368442535
5.57758784532547
5.419378786087036
5.400152744054794
5.226085547208786
5.291052167415619
5.525782616138458
5.592728319168091
5.518688931465149
5.516427428722381
5.160207482576371
4.998898063898086
5.624290446043014
5.27796470284462
5.488158057928086
5.441532438993454
5.488436818122864
5.136584556102752
5.416572725772857
5.694708542823792
5.266695911884308
5.134423080682755
5.0559501349925995
5.39257695198059
5.1537015652656555
5.227479353547096
5.313269942998886
5.329546506404877
5.378179233074189
5.281062955856323
5.6326920711994175
5.515529978275299
5.363726943731308
5.247531868219376
5.47649400472641
5.533873542547226
5.181140979528427
5.316540995836258
5.13966610789299
5.264123628139496
5.458236744403839
5.188000053167343
5.291148575544358
5.266339482069015
5.45403885602951
5.046682192087173
5.455358788967133
5.230888864994049
5.241740200519562
5.362480956315994
5.206889517307282
5.432448412179947
5.441130067110062
5.423536219596863
5.123141269683838
5.219339783191681
5.313237255811691
5.374696143865585
5.000637621879577
5.053125405311585
5.241233589649201
5.48086936712265
5.307576583623886
5.257073059082031
5.353442652225494
5.097880475521087
5.231629910469056
5.497663437128067
5.139645447731018
5.211479589939118
5.01070298075676
5.063030803203583
5.159026947021484
5.326662868261337
5.197274177074433
5.305083870887756
5.345071320533752
5.1519163751602175
5.367444533109665
5.224592843055725
5.2253892135620115
5.171225512027741
5.123734691143036
5.10110779941082
4.87427498459816
4.99171140730381
5.1714511752128605
5.234265662431717
5.3167288982868195
4.919174121618271
4.8867863690853115
5.204338990449905
5.182403768897057
5.2821275806427
5.090410834550857
5.044597978591919
5.1558334612846375
4.922793951034546
5.0721142446994785
5.250040929317475
5.136737540960312
4.920925666093826
5.081372658014297
5.001706911325455
5.170152121782303
4.851897737979889
4.660818572044373
4.968043278455735
4.954806892871857
4.729355018138886
5.126063672304153
4.982695175409317
4.878871661424637
4.977269794940948
5.1476556277275085
5.049268218278885
5.035772548913956
5.018898237943649
4.858930232524872
5.344748101234436
4.906306219100952
4.845104587078095
5.044964790344238
4.886005191802979
4.807046700716018
4.952449038028717
5.049518142938614
4.972485319375992
5.058126029968261
4.978931617736817
4.911812958717346
4.8817504942417145
4.971638503670692
4.994040287733078
4.886811317205429
5.050300908088684
4.834798654317856
5.118786863088608
5.118442711830139
4.889572225213051
4.632161463499069
4.797343277931214
4.946911981105805
4.743036971092224
5.264663480520248
4.994931534528733
4.970237812995911
4.69170065164566
4.736385987997055
4.934505965709686
4.7966413342952725
4.8517058408260345
5.056578272581101
5.106098793745041
4.949541053771973
4.717763791084289
5.002150955200196
4.605463877916336
4.968473891019821
4.804525318145752
4.700585409402847
5.153565013408661
4.795787576436997
4.704021618366242
4.905749769210815
5.097819896936417
4.914624493122101
4.839876478910446
5.034480532407761
4.96850581407547
5.0614982664585115
4.856604381799698
4.92319405913353
4.609889553785324
5.0429036486148835
4.611153198480606
4.84157899260521
4.912935883998871
4.897747761011123
4.862397247552872
4.797778187990189
4.7130883753299715
4.682099488973617
4.705482604503632
4.769616503715515
4.752005752325058
4.8307279753685
4.966684693098069
4.68497388124466
4.80758814573288
4.556522461175919
4.779368766546249
4.665939456224441
4.870319899320602
4.91160387635231
5.003280619382858
4.561196458339691
4.859096428155899
4.8631974005699155
4.448523238301277
4.860348010063172
4.717562961578369
4.689744113683701
4.806469342708588
4.782403718233109
4.667327094078064
4.789548124074936
4.96932555437088
4.730083371400833
4.728008972406387
4.560302054882049
4.701248437166214
4.791977257728576
4.988401590585709
4.854533193111419
5.047805957794189
4.7118435227870945
4.754664914608002
4.7964100170135495
4.604026092290878
4.623138728141785
4.602650570869446
4.866359035968781
4.718089359998703
4.751016438007355
4.629874141216278
4.576724135875702
4.633236656188965
4.629917540550232
4.54410973072052
4.760770503282547
4.712695846557617
4.552910422086716
4.602775285243988
4.735631711483002
4.825012269020081
4.639544950127601
4.7300796282291415
4.80251407623291
4.67420469045639
4.689429646730423
4.754291008710862
4.525061962604522
4.744006400108337
4.646296889781952
4.576458287239075
4.488814644813537
4.668851985931396
4.786037687063217
4.701643525362015
4.660804399251938
4.637197762727737
4.646640852093697
4.645508761405945
4.69409975528717
4.435452028512954
4.616468011140824
4.491773544549942
4.691309055089951
4.693745440244674
4.685351271629333
4.524966028928756
4.648918929100037
4.7666839921474455
4.713165889978409
4.664860134124756
4.974644114971161
4.527016350626946
4.568557558059692
4.604044633507729
4.644291378259659
4.608664510250091
4.621422791481018
4.6356296586990355
4.440494441986084
4.585244557857513
4.702020473480225
4.811271500587464
4.4210671305656435
4.692178325653076
4.460132247209549
4.645457834005356
4.382315664291382
4.634343621730804
4.727186018228531
4.774281409978866
4.5248221433162685
4.792224625349045
4.5540952444076535
4.54682755112648
4.388455854654312
4.555202332735061
4.513707778453827
4.654448593854904
4.398729377985001
4.627008616924286
4.4004833543300625
4.491994323730469
4.621931043863296
4.231860525012016
4.542482668161393
4.49652984380722
4.432100540399551
4.5354693925380705
4.610233001708984
4.577071887254715
4.52524778008461
4.421026358604431
4.586610349416733
4.453891907334327
4.454794020652771
4.641149880886078
4.518102644681931
4.270819380283355
4.6047942954301835
4.689064685106278
4.410224113464356
4.613312145471573
4.538990763425827
4.59233332157135
4.357245652675629
4.417163635492325
4.534641505479812
4.33704290509224
4.578359307050705
4.471862531900406
4.463873919248581
4.35919948041439
4.428300411701202
4.605203559398651
4.606469694375992
4.369746410846711
4.53140229344368
4.4545174252986905
4.497725456953049
4.367366317510605
4.460789992809295
4.419386392831802
4.370789234638214
4.534316703081131
4.374854544401169
4.551110184192657
4.596999114751815
4.329302616119385
4.431353772878647
4.4734951424598695
4.4867326712608335
4.669902626276016
4.36673542380333
4.323446933031082
4.323366547822952
4.36634260058403
4.6668830287456515
4.650909533500672
4.480311443805695
4.642668703794479
4.463230406045914
4.492042500972747
4.399052350521088
4.465033717155457
4.7510967743396755
4.276894471049308
4.60273672580719
4.561651594638825
4.499646979570389
4.372809374332428
4.578781851530075
4.403567290306091
4.464522120952606
4.706586617231369
4.41442444562912
4.336699404716492
4.2840463888645175
4.374283558130264
4.396982359886169
4.360516564846039
4.292966148257255
4.34258034825325
4.324018623828888
4.384460805654526
4.345039697885514
4.5985245776176455
4.240892709493637
4.4113303399085995
