4.662134591341019
4.957288365364075
5.037680826187134
4.753579683303833
4.65152049779892
4.768627941608429
4.723142364025116
4.625511940121651
4.88664709687233
4.890666142702103
4.896057008504868
4.836244985461235
4.8644574511051175
4.857500084638596
4.910387049913407
4.835252039432525
4.841056560277939
4.855854468345642
4.811975363492966
4.575195965766906
4.588530849218369
4.677168641090393
4.693378802537918
4.811153258085251
4.672546819448471
4.6945832049846645
4.677974507808686
4.897682348489761
4.8430027222633365
4.568296003341675
4.5497432136535645
4.79841436624527
4.655284608602524
4.558057689666748
4.781113266944885
4.682385914325714
4.63063210606575
4.572233567237854
4.842189694643021
4.63531615614891
4.866752396821976
4.565209888219833
4.577707750797272
4.699456144571304
4.453540214300156
4.776333473920822
4.736859493255615
4.712566306591034
4.669844373464584
4.688586181402206
4.785126371383667
4.644414242506027
4.598194341659546
4.771615844964981
4.779091103076935
4.806286340951919
4.641353971958161
4.509532444477081
4.727474381923676
4.685303418636322
4.572352074384689
4.579111540317536
4.667942068576813
4.8216518366336825
4.915847682952881
4.666156619787216
4.489671230316162
4.5187564992904665
4.710309252738953
4.766397908329964
4.645742259025574
4.2242385709285735
4.5259417533874515
4.653280892372131
4.770167464017868
4.387629081010818
4.625092948675156
4.800377788543702
4.521127027273178
4.567437987327576
4.637662918567657
4.648514838218689
4.604937310218811
4.762513074874878
4.445926994085312
4.652504624128341
4.419469430446624
4.55071249127388
4.43773864030838
4.622662121653557
4.638136451840401
4.730127108097077
4.47950692653656
4.745912359952927
4.54897264957428
4.660682635307312
4.500082184076309
4.5638389086723326
4.710675776004791
4.467921688556671
4.599927669763565
4.4937620449066165
4.86076286315918
4.688762767314911
4.432166038751602
4.64474942445755
4.790289874076843
4.583864614963532
4.552353543043137
4.566916751861572
4.6279346776008605
4.565293263196946
4.595520478487015
4.502345278263092
4.424957671165466
4.728806018829346
4.419709038734436
4.6925733017921445
4.636646584272385
4.724349027276039
4.635395863056183
4.891867188215255
4.508221732378006
4.3920785784721375
4.380591671466828
4.476539406776428
4.491847318410874
4.756301819086075
4.617883882522583
4.483134745359421
4.607123589515686
4.443254659175873
4.571963967084884
4.291976112127304
4.3985931372642515
4.475573767423629
4.560201890468598
4.561372374296188
4.5782399070262905
4.568953518867493
4.720717545747757
4.53720311164856
4.32414386510849
4.483656802177429
4.508989053964615
4.740201381444931
4.569929169416428
4.588511273860932
4.600558505654335
4.574976073503494
4.49551952958107
4.842444074749946
4.625077086687088
4.497141100168228
4.411592743396759
4.718842774629593
4.45652373790741
4.629780750274659
4.412232005596161
4.28165882408619
4.714815273284912
4.573368105888367
4.514179844856262
4.596787805557251
4.550041775703431
4.381995021104813
4.546610674858093
4.570030778646469
4.495755022764206
4.547168389558792
4.437448238134384
4.5917412829399105
4.754984127283096
4.620714583396912
4.447846349477768
4.506620949506759
4.494142609834671
4.500947833061218
4.6281348013877865
4.23002351641655
4.455969520807266
4.26889818251133
4.6279769396781925
4.466970332860947
4.675743247270584
4.67769409775734
4.481309351921081
4.524459367990493
4.622085907459259
4.540238734483719
4.333992850780487
4.485316060781479
4.489435427188873
4.44064673781395
4.480731340646744
4.5784518337249756
4.250028570890427
4.501682419776916
4.488582634925843
4.434840828180313
4.433115129470825
4.568225679397583
4.316218038797379
4.369102495908737
4.434111288785934
4.393805896043777
4.394268258213997
4.320995026826859
4.532077732086182
4.546318039894104
4.648533715009689
4.467773926258087
4.697021298408508
4.367562537193298
4.629414049386978
4.575294111967087
4.482906745672226
4.42081684589386
4.322758542299271
4.306890810728073
4.406205189228058
4.436626409292221
4.471790494918824
4.442472758293152
4.4400503885746
4.491313127279281
4.547130891084671
4.3052254331111905
4.501770898103714
4.258934072256088
4.351455252170563
4.574357030391693
4.574898678064346
4.506651482582092
4.463322022557259
4.515329896211624
4.494125658273697
4.459915219545365
4.444350082874298
4.574968755245209
4.428597100973129
4.514318737983704
4.5932882165908815
4.4095858800411225
4.5016909348964695
4.381584255695343
4.6148638713359835
4.356396020650863
4.3596002912521366
4.314830173254013
4.371690382361412
4.3877125990390775
4.474682199954986
4.573041585683822
4.428950569629669
4.391400090456009
4.35571781039238
4.44325297832489
4.444737199544907
4.244036555290222
4.315084151029587
4.354587909579277
4.248107043504715
4.26375815987587
4.383201965093613
4.634868477582931
4.597373193502426
4.276314533948899
4.565344256162644
4.401540206670761
4.351883319616317
4.548165136575699
4.532982234954834
4.388768496513367
4.372362129688263
4.207215477228164
4.490888453722
4.429603443145752
4.189063903689385
4.3628726375103
4.259290746450424
4.227581331729889
4.2948089027404786
4.399139047861099
4.311496419310569
4.156303414106369
4.415414952039718
4.239021643400192
4.3195632719993595
4.408373052477836
4.24192830324173
4.490957726240158
4.260872737169266
4.356194781064987
4.5889863884449005
4.5218741261959075
4.349424096345902
4.405133432149887
4.268463866710663
4.324469463825226
4.352620313167572
4.457390050888062
4.308018789291382
4.407544397115707
4.22633246421814
4.3765611231327055
4.433510113954544
4.3823967516422275
4.364701067209244
4.367868783473969
4.471112476587296
4.3933912217617035
4.33631285905838
4.34641017794609
4.21230402469635
4.365050454139709
4.261007574796676
4.143508381843567
4.219529494643211
4.260141453742981
4.245128847360611
4.252517111301422
4.197381298542023
4.417406026124954
4.348856077194214
4.390507829785347
4.455854610204697
4.4751705801486965
4.290128784179688
4.220331128835678
4.402525134086609
4.439192329645157
4.234732089042663
4.100719492435456
4.46280602157116
4.405803587436676
4.5308813393116
4.274518519639969
4.450000432729721
4.307984793186188
4.081541987657547
4.524438781738281
4.24926774263382
4.3536127972602845
4.3371805059909825
4.314728192090988
4.119261689782142
4.370011231899261
4.334189518690109
4.177848650217056
4.202955591678619
4.282448560595513
4.403046482801438
4.458699057102203
4.455561337471008
4.425711559057236
4.290661144256592
4.443765625953675
4.396509661674499
4.315225504636764
4.12094601392746
4.180534021854401
4.114204190969467
4.266740955114365
4.549287532567978
3.9703563368320465
4.305992960929871
4.452580196857452
4.187280380725861
4.344095211029053
4.236188846826553
4.365031521320343
4.264317198991775
4.140641018748283
4.135400351881981
4.153164626359939
4.060344430208207
4.376695350408554
4.407631946802139
4.236453803777695
4.2743069565296175
4.2615307223796846
4.230162947177887
4.25448254108429
4.190858262777328
4.335651959180832
4.32700146317482
4.1781719160079955
4.228834569454193
4.30126108288765
4.303070281744003
4.15054825425148
4.116215734481812
4.018654614686966
4.175417913198471
4.05997430562973
4.245494450926781
4.223622041940689
4.1530096197128294
4.210358750224113
4.279586225748062
4.1883112859725955
4.402867283821106
4.117213902473449
4.117896237373352
4.345285058021545
4.307767894268036
4.062720214128494
4.280609921813011
4.149943194389343
4.2863548266887666
4.271765543222427
4.135883140563965
4.1616179144382475
4.325384155511856
4.32345685005188
4.237627829313278
4.1097107040882115
4.308698711395263
4.199734570384026
4.2338084745407105
4.311563448309898
4.4938545370101926
4.26139358997345
4.116318823099136
4.079359395503998
4.220212240219116
4.142543412446976
4.199853477478027
4.250715999603272
4.110062805414199
4.1238582944869995
4.239563238620758
4.269697535037994
4.111678349971771
4.171453777551651
4.189654952287674
4.11016210436821
4.253844386339187
4.095672514438629
4.388014438152314
4.180374674797058
4.410963816642761
4.146799899339676
4.051333559155464
4.224141131639481
4.308401703834534
4.39572696685791
4.114752787351608
4.143376877307892
4.301050047874451
4.254972586631775
4.202929672002792
4.261085292100907
4.346322145462036
4.176396905183792
4.086840108633042
4.274147715568542
4.117928556203842
4.150489952564239
4.0995923769474025
4.132287567257881
4.153176485300064
4.361477711200714
4.2349630546569825
4.126435703039169
4.303102371692657
4.1200285971164705
4.058370670080185
4.118350750207901
4.1972116541862485
4.3701772940158845
4.0539811420440675
4.085684512853622
4.314854317903519
4.228672384023667
4.154451779127121
4.271875603199005
4.102257528305054
4.162913405299187
4.202241905927658
4.210910962820053
3.9869117414951325
4.155829617977142
4.158918410539627
4.288963172435761
4.230972709655762
4.095434716343879
3.9243078136444094
4.0900930666923525
4.3155389761924745
4.335990986824036
4.168613947629929
4.143847147226333
4.34908474445343
4.110062202811241
4.076019443273545
4.291490289568901
3.9095752775669097
4.07489547252655
