9.765875004034127
5.402426567752804
4.647221097903969
4.22404662908706
3.9443017075547075
3.72332144416539
3.549045757382317
3.417435646057129
3.2857436632688066
3.195395269752604
3.1192600911697457
3.043515175317241
2.995357106217241
2.942884932049608
2.8974224798447263
2.84709017044675
2.807386585041485
2.7933471049882668
2.7465317681827375
2.726946741078807
2.686903005680152
2.6609570711059907
2.6381919679388535
2.622105827373741
2.5924097141333386
2.5668473008987123
2.540383350005192
2.520921211327072
2.505149227328005
2.4886295025327563
2.4770125947167387
2.4510467532461724
2.4461285376970747
2.4343709402379736
2.4219865756752217
2.4006921496011513
2.3916218235956883
2.369265024640919
2.3728753491840533
2.3543243666665745
2.3351932793064454
2.3244343679563135
2.3120127040728002
2.3078158687701267
2.3038720472724035
2.2833216277371466
2.276383395743581
2.274994738861523
2.2526201152168546
2.2628094569771693
2.2440209198842007
2.2320188036007163
2.230570247742982
2.2164460388960037
2.204769184631584
2.1988552386781812
2.194813553738383
2.178407988717071
2.194982232245724
2.1728459525424824
2.1757247250164506
2.169456010898658
2.155041107034261
2.154611719920572
2.151506073706973
2.1421330418206947
2.1349920809796425
2.123807973302571
2.1178566821381053
2.110980384117734
2.1090642145249694
2.104692924866634
2.0988827463799873
2.0916936798433285
2.088067790575787
2.0737652248513383
2.0826232164306977
2.0672923956824616
2.0710026392367036
2.0671967157220417
2.0642979039555103
2.04773918057965
2.0389843535634267
2.0385409076656917
2.028919400367062
2.0542099148826263
2.029919039359135
2.0231432437369254
2.018469635627966
2.010993916112765
2.017569612349029
2.004622918578376
2.0014273276371237
1.9931544788115847
1.995569456995061
1.9837234236497794
1.9904449882760513
1.9772774635163028
1.963863478297681
1.976232290795419
1.9636135119779976
1.9702973742928125
1.9633426534391083
1.970321860197371
1.9472103854723737
1.949124257121466
1.94601455700081
1.9468622996216327
1.9473669705665217
1.9410414300133696
1.9417509592212407
1.932078761600815
1.9294104507539125
1.9175878995287734
1.924468656556796
1.9192373705121268
1.9045745268859695
1.9145621942207875
1.9004766653596827
1.9007679076321358
1.8958178144113151
1.9034638639572448
1.8921675505363835
1.8861747035938026
1.890256419909739
1.8850228488445282
1.8921134904422592
1.8828164054229197
1.880365257505822
1.8693738110297549
1.8669935377825677
1.864933879765789
1.8600746480237067
1.853546657393464
1.8623794995050515
1.8570109526667975
1.8489786109565634
1.8508405780370256
1.8445802879544486
1.8381779051459997
1.8306667794168523
1.8370491817461705
1.8347284221543676
1.831440795575623
1.8258345891944074
1.8360357142127721
1.8182972210698423
1.8271101111859347
1.8173800274334122
1.8133663566766587
1.8252826892169176
1.8094722169690427
1.8168744724408714
1.803526935587942
1.7992005416777281
1.7907906367188007
1.7976486738276694
1.7964398309720302
1.7946680343784063
1.7876601248188357
1.780719373078473
1.7874782446738893
1.7800153285528706
1.7728105957529185
1.7786137954851167
1.7802766471837475
1.7794588321605616
1.7698111491920674
1.7760745437271828
1.7578169065239155
1.7640010883322859
1.7635568630906333
1.7555980969846776
1.7579542638453762
1.7466046177180468
1.7458893189915514
1.750031702813849
1.747120334775047
1.7423019076870605
1.7424338449419072
1.738031058712343
1.733331264384025
1.7316286231564209
1.7379389777120235
1.7265260623092145
1.7235271028712786
1.716993270194636
1.7367684105328753
1.7271157582249261
1.7233129172726016
1.7204207123908322
1.719793284097604
1.7181425163176207
1.7173021562331545
1.7065090199487398
1.7142382672930185
1.718262155762816
1.6991178865453838
1.6997390800872736
1.7010634267224676
1.70746583221233
1.6860464555499828
1.6935182941698395
1.6930994196275695
1.690922680154311
1.6910039088894835
1.6827977766505384
1.6818155556653454
1.6785627379354122
1.6748952222081412
1.672438987852198
1.6769718335265607
1.6748300194740295
1.6780814517915776
1.675525729898858
1.667056701352111
1.6661968463290053
1.6730210992087304
1.6584517296436614
1.6613202933716562
1.6590000673205452
1.6589676838005538
1.663079136504536
1.6484929887594375
1.6530634391624315
1.6652160426684186
1.6577662968002589
1.6463961300596726
1.644785450095624
1.640343993638469
1.6367979155177563
1.6361080590075097
1.635358973414497
1.6471693399733147
1.635524451468898
1.628187627655215
1.6288495572794854
1.631043805485278
1.6191746233838848
1.6173445049640351
1.6255389333298775
1.623967708475822
1.6389932397720033
1.6176729793042208
1.6179936085127096
1.6296242546718733
1.6033648669192222
1.6078101151284918
1.610855645838037
1.6056643653232439
1.6083348939376594
1.6135191980716401
1.6093891787845476
1.599647119245698
1.600538850094365
1.5935813230750835
1.5916422544854931
1.5963850894332987
1.5984457216959085
1.600463460240744
1.5831704556414512
1.5862274723770344
1.5822287046276362
1.5818992185909135
1.5828635009516656
1.5771478187721388
1.5758060899983466
1.5721701051281616
1.589790624854839
1.5797404747093673
1.582287559203342
1.5746639985426338
1.5698116221259126
1.5700820003990579
1.5588064800321528
1.5718073929305625
1.5624451829796344
1.5716550629750816
1.5579775075996871
1.5592715579324063
1.5575679632942234
1.554746853039328
1.5581810564066456
1.56275437574471
1.5483852284671986
1.5419237980272917
1.5535768262580432
1.5445926173598366
1.5437063358526315
1.5372082670178033
1.5495155909947589
1.540345106768397
1.5465810322656042
1.5380947777127798
1.5342879738427897
1.5389377058079812
1.523265422445483
1.5260306865768094
1.5283886307636194
1.5387061881808053
1.5326652194546386
1.5252220224490207
1.5271647517132547
1.52756023749841
1.519825657648323
1.52418973619959
1.5233906602437517
1.5141422616696991
1.5145948618914173
1.525565075927076
1.514749771725815
1.5031925608626509
1.504746467402551
1.5119245885747723
1.5044683012287174
1.5040136111521087
1.5058268176770844
1.5053562347867848
1.4867028725885711
1.5098824785873952
1.4938558363808996
1.4971413612365723
1.4907286167144775
1.4933310074616322
1.4987661453474939
1.489064564747093
1.4995031085162036
1.4949712500108028
1.4958428144454956
1.4877863399750364
1.4905821623000424
1.4865343330708225
1.492111699771037
1.4795732329377032
1.4745622179677
1.4883242442017108
1.4729287128532882
1.47268454400839
1.4695232866612156
1.4683446754923963
1.4761812209555534
1.4633356382889031
1.4697161274673665
1.4698886272654068
1.4721850317663852
1.4607045481690264
1.4568570039968576
1.4642489040847373
1.4594437050080933
1.4638307302926494
1.457701061942936
1.4532458117577882
1.4613619771151416
1.452836059099805
1.4653821252616106
1.4517333958528738
1.4502310243855536
1.4621835538243826
1.4514827097939178
1.462897552061925
1.4343990369708137
1.4391069370033467
1.4534455289882897
1.4433970443442858
1.4367325907259916
1.4460048691361351
1.4354722974574672
1.4391207673908335
1.4330088203459714
1.436077354228602
1.428747364641291
1.4234834197348198
1.4261158844538495
1.425343978194009
1.4253252283134292
1.445264504414744
1.4306445243084325
1.4292405572085254
1.4231382945997526
1.4303460864894157
1.4160397010566914
1.4176704693684536
1.415993463149113
1.413992993863283
1.4060068167416395
1.4094329668884784
1.421566746667423
1.4344385522129262
1.4114140744230388
1.4123335876296053
1.3996053910360926
1.409125832329809
1.4106484435300912
1.4058070654890178
1.4068963456470354
1.407158588677381
1.399406598996272
1.4028278299137555
1.3950489474608836
1.3892142234650333
1.3931900328766984
1.3966493767447177
1.394144550625202
1.3998180741229944
1.395713362809831
1.382473650495563
1.38212910373654
1.3807805792420311
1.3940870764508713
1.3976006645016965
1.3829961864821678
1.395238410846322
1.3797183857027409
1.3827379388091838
1.3810422884679474
1.3856979067874167
1.3753552835072036
1.3883076159827477
1.3769186634933
1.3740884371563398
1.367267512114702
1.3773064312681687
1.372801351863726
1.374575915062322
1.3727545018217204
1.36490699358746
1.3600219844189365
1.3686680537936962
1.3593845536223554
1.376302884743277
1.3624378532434986
1.3582006210246973
1.3579548257114613
1.3655783138443938
1.3463264883092019
1.3570575102240638
1.3523684159844322
1.3642307155955153
1.3484079798238466
1.3455484578039794
1.353052303063131
1.3403389844219242
1.3444639758198662
1.3739819785134981
1.3414509143449564
1.339495503533203
1.342800933702857
1.3441735123638558
1.334874158939429
1.3397082425324263
1.3395497653864126
1.3391331049193322
1.3539613796546397
1.334542495750748
1.3451375652730992
1.3322710357936083
1.3330377894165242
1.3369040130513958
1.334356070092294
1.3289433599045846
1.3462100081739172
1.3243076347671778
1.3301058300828512
1.3243469242501047
1.3209837511577438
1.3178614834241107
1.318038710450704
1.3272232344720216
1.3162401814376359
1.3116374830756568
1.32325615476718
1.3095757156874226
1.3102065116430806
1.3079166335869679
1.3144424307135354
1.3029201711173606
1.3021474673157245
1.3105372971138067
1.303015966858484
1.3081691367963775
1.3037906856135983
1.3229539196575637
1.303166920104913
1.316324727197664
1.2951196345080316
1.2965630688498506
1.3051500681754762
1.300617606766456
1.3045422189531073
1.3106678639892984
1.2927527704597574
1.2920075008826972
1.2956130272519273
1.2891556805213995
1.2922051541045703
1.286143227752331
1.2819716487310628
1.2975251764322804
1.294983835346931
1.285692230526325
