1.85700688123703
1.8676542243361474
1.9198211699724197
1.8288011294603348
1.8253906443715096
1.8478571817278862
1.8149373185634614
1.8362397122383118
1.81843146443367
1.879165081679821
1.8582990884780883
1.800262143611908
1.82995758831501
1.9235787272453309
1.8671826404333114
1.817089432477951
1.8126184940338135
1.8585988946259022
1.8003213214874267
1.8071434214711188
1.790655887722969
1.8122774788737297
1.7769802552461624
1.8197297072410583
1.7482774591445922
1.783904663324356
1.829580928683281
1.7452361959218978
1.8003881186246873
1.8069327500462533
1.7918776416778563
1.7850731986761093
1.8212073084712028
1.8518124812841414
1.8034091639518737
1.7799203115701676
1.7724715453386306
1.7984499257802964
1.7761568933725358
1.7640259152650832
1.7313061898946762
1.7718884140253066
1.748345184326172
1.840038293004036
1.7793659710884093
1.7787403747439385
1.7440840327739715
1.789323436319828
1.7602110236883164
1.8309288215637207
1.8052964419126512
1.736143438220024
1.736486914753914
1.7843212044239045
1.7409714663028717
1.7789662471413612
1.792374035716057
1.7907600128650665
1.7332047143578528
1.7795452839136123
1.7235485845804215
1.7526751941442489
1.7386867594718933
1.7189466872811316
1.714487951397896
1.7187329787015915
1.705517222583294
1.8014551615715027
1.719708145260811
1.8103093123435974
1.7127331593632698
1.7133118033409118
1.717474358677864
1.738449867963791
1.7718629932403565
1.710995891392231
1.804307841360569
1.758628797829151
1.8169942688941956
1.696091884970665
1.7404132217168808
1.7544158124923706
1.6815387403964996
1.6833486580848693
1.732603118121624
1.709456061422825
1.752420294880867
1.7267618399858475
1.69100721180439
1.768240217268467
1.677308319211006
1.7362826824188233
1.652934029996395
1.7096141803264617
1.666146654486656
1.692248198390007
1.734444951415062
1.6942201220989228
1.6654512095451355
1.7489876371622086
1.6940700167417526
1.66873055934906
1.6857449793815613
1.6866093581914903
1.7281127429008485
1.7108809766173363
1.7124570393562317
1.6473973619937896
1.6994797369837762
1.657955793738365
1.694859488606453
1.7389577794075013
1.7618731009960173
1.658165517449379
1.6120534074306487
1.6520728012919426
1.6618269675970077
1.608369145989418
1.6585169738531114
1.630240775346756
1.675545426607132
1.7291602575778962
1.7713914358615874
1.6222637596726417
1.6606345057487488
1.7293358081579209
1.6561492413282395
1.755303066074848
1.6508695060014724
1.6497998604178428
1.650154448747635
1.6323229718208312
1.6345553052425386
1.6215087154507637
1.6168813478946686
1.6158016532659532
1.655057536959648
1.6316084903478623
1.6170270812511445
1.6301324293017387
1.5975877279043198
1.6187014377117157
1.6186980307102203
1.6124802494049073
1.6487983486056328
1.5939233243465423
1.6095295643806458
1.6405500537157058
1.5902840670943261
1.6074976268410683
1.587307848930359
1.6296098959445953
1.5884062352776527
1.5955645859241485
1.643464280962944
1.708629214167595
1.647171888947487
1.6105762124061584
1.5972619992494583
1.6305777129530907
1.5847526788711548
1.6318758583068849
1.5689991915225983
1.5812213018536567
1.6041305196285247
1.587947341501713
1.6104499223828315
1.5706026017665864
1.5659866920113563
1.5786669406294822
1.6142987775802613
1.594395170211792
1.6197135788202286
1.5947577130794526
1.6065667852759362
1.5701504147052765
1.6044752115011216
1.5611333072185516
1.5479245337843894
1.5693340224027634
1.551675806492567
1.5640009158849717
1.5950257501006126
1.618986203968525
1.5945853400230408
1.6089003270864486
1.5394036388397216
1.563424692451954
1.534688326716423
1.5715329068899155
1.5618266826868057
1.606240218579769
1.5568437856435775
1.5756349909305571
1.5619796103239059
1.5847034761309624
1.5694295635819435
1.5354997092485427
1.5305582818388939
1.5470602485537528
1.6035939866304398
1.5329905584454537
1.572561371922493
1.5549798810482025
1.5369966554641723
1.5118882548809052
1.5664074176549911
1.5683337426185608
1.5635828679800035
1.6019888696074487
1.515094486773014
1.5483327496051789
1.5462842667102814
1.517931428849697
1.580791203379631
1.4867926490306855
1.5371800142526626
1.5437784051895143
1.5018864619731902
1.5015544593334198
1.529994170665741
1.524687450826168
1.5607036751508714
1.4830256462097169
1.5239546152949333
1.5117763364315033
1.4912383162975311
1.483116244971752
1.504970462322235
1.5470364543795585
1.5422604602575303
1.4787349379062653
1.5774521997570992
1.4950838288664818
1.576394221186638
1.5230103254318237
1.4872541043162346
1.4954741203784943
1.4604941344261169
1.5513721179962159
1.5121080914139748
1.490438348054886
1.4769973933696747
1.4747519996762275
1.5095198726654053
1.4724013581871986
1.5222377198934556
1.5038992440700532
1.4978998869657516
1.5268171980977059
1.4926616165041924
1.4775857636332512
1.45472086250782
1.4597485974431037
1.5164720675349235
1.505696334540844
1.464131218791008
1.483131432235241
1.491398302912712
1.4997142559289933
1.4521745821833612
1.503889362215996
1.456945810317993
1.505930508375168
1.442685306072235
1.478442862033844
1.472576442360878
1.4541108733415604
1.460474278330803
1.4626473751664162
1.4509835582971573
1.5047044599056243
1.498435399532318
1.5388333290815353
1.4619347125291824
1.4440213751792907
1.4293757319450378
1.4623580765724182
1.4350291484594344
1.4115297448635102
1.4743603074550629
1.5245382976531983
1.454113676548004
1.4918081882596015
1.4461998966336251
1.4787874364852904
1.4374391162395477
1.4622601652145386
1.4575111511349679
1.44573616117239
1.4327650725841523
1.4679834008216859
1.4410304394364357
1.4407893535494805
1.4305490997433663
1.5315855234861373
1.414165712594986
1.4669135451316833
1.4875683921575547
1.4563621973991394
1.4547825539112091
1.429717639386654
1.4094503086805343
1.448774472475052
1.4305984944105148
1.397570804953575
1.4074881359934808
1.411754628419876
1.4039723056554794
1.4118969815969467
1.408796526491642
1.492299955189228
1.4079071155190468
1.398805110603571
1.4642402988672256
1.506036239564419
1.3664530059695243
1.390399807691574
1.4205458137392997
1.4486474120616912
1.409772312939167
1.3934196522831916
1.4287981456518173
1.3834955468773842
1.3637833067774772
1.3797954252362252
1.3892368939518929
1.4503553783893586
1.4155405217409134
1.4172041374444961
1.3806585681438446
1.4192069163918495
1.4073341897130012
1.5033434009552002
1.3910662606358528
1.420438216626644
1.3875825715065002
1.373167586326599
1.4299782600998878
1.3705657124519348
1.4119094705581665
1.386284967660904
1.3537245962023734
1.3898924113810063
1.3799315857887269
1.4188547235727311
1.4053791803121567
1.425847351849079
1.3599668487906456
1.3913927668333053
1.4475651137530803
1.397308722436428
1.3762221576273441
1.399840914309025
1.3810560685396194
1.3788209712505342
1.3835354003310203
1.408639442026615
1.3990248289704323
1.3899374613165856
1.3277984124422073
1.357139698266983
1.4064685523509979
1.3548784029483796
1.337962525188923
1.3343373128771783
1.3539207604527475
1.3764827623963356
1.3873284405469894
1.3804380050301552
1.332227430641651
1.3387231656908989
1.3752811947464942
1.3215668269991874
1.335537213087082
1.3359426295757293
1.3471192532777787
1.3495883285999297
1.3134835803508758
1.3323825439810753
1.3095650300383568
1.395233260691166
1.3448901665210724
1.329950299859047
1.3096282443404197
1.3706577920913696
1.3210890430212021
1.33346522629261
1.4551353234052657
1.3192945060133934
1.370824737250805
1.3544001471996308
1.3577390632033348
1.3220935159921645
1.3085288575291634
1.3418477082252502
1.3312386906147002
1.2932445415854454
1.3864738926291467
1.332146158516407
1.3778682592511178
1.3337978886067867
1.302818675339222
1.297154792547226
1.3261314469575882
1.3217694848775863
1.3328782263398171
1.3889504462480544
1.3452173432707786
1.3299920842051507
1.2802300667762756
1.3316516005992889
1.3182127729058266
1.2922660127282142
1.340486221909523
1.3029598605632782
1.2808975771069526
1.3291829755902291
1.3310119971632957
1.2998178434371948
1.29895671159029
1.271121183782816
1.3780743709206582
1.3013230726122855
1.2877044567465783
1.3238987678289413
1.2887467470765115
1.2877724343538284
1.3085853391885758
1.2909721893072128
1.3345418709516526
1.2779245713353158
1.3056974875926972
1.27826085627079
1.2819382071495056
1.2915314775705338
1.2746089759469033
1.3270712012052537
1.3230738079547881
1.2635024520754814
1.3471156197786331
1.2899063855409623
1.2471469122171401
1.2810362726449966
1.3420917728543282
1.275047511458397
1.2986846807599068
1.319950542151928
1.3299335956573486
1.2921544903516768
1.2529133048653602
1.2595100697875024
1.2918356639146804
1.2468668934702873
1.2775121694803238
1.2737525841593742
1.2576680260896682
1.2883395799994468
1.3070347192883491
1.2471207156777382
1.3167328786849977
1.2653294542431832
1.2597256830334664
1.3040379902720451
1.266908352971077
1.2471973937749863
1.2869140625
1.272653437256813
1.253593243062496
1.270587797164917
1.2629704841971396
1.250330656170845
1.258881222307682
1.278764041364193
1.2511924476921559
1.2981762981414795
1.277034745812416
1.2222756645083428
1.2796284610033035
1.262420461177826
1.262005680501461
1.284053915143013
1.226019254028797
1.2773161616921425
1.258545023202896
1.2386441364884377
1.2347551611065866
1.2595492187142372
1.3016259932518006
1.234941124022007
1.30103941321373
1.2587875637412071
1.2197839698195458
1.2640221294760705
1.2964790609478951
1.2183324563503266
1.310424453020096
1.2413507637381553
1.215465853214264
1.2229250711202622
