8.481778523831997
3.582181436835595
3.1943527842467687
3.012834109225363
2.8877220626147286
2.778327207520323
2.705315389723148
2.628040480163862
2.5739915117902576
2.531983287266965
2.490947387690814
2.45784445022637
2.4100303143825172
2.4000378371971958
2.3737358546481944
2.351371981062979
2.318392371793963
2.3009604491152853
2.27667128871072
2.262014865312936
2.245030111299371
2.2323110688407466
2.210350327896622
2.1979567054307685
2.195764291961238
2.174594633421808
2.170735295651094
2.1608749166974484
2.1436126322116493
2.1144785689857772
2.1089999996266275
2.1068391468165055
2.0950292036780773
2.0902812267249486
2.071623870786631
2.0647781561568097
2.0565080943534957
2.046384849919463
2.030951242964223
2.02909420627468
2.0113211605908736
2.004709022787382
2.0000440405224853
1.9819944464373138
1.9727161616649267
1.9759350194121308
1.9682883299746603
1.965664584962827
1.9473178302342038
1.9406399783098474
1.935788445877579
1.9468390148765635
1.9493342477757976
1.9275797515545252
1.9133672911041189
1.900409405242722
1.9087300688590643
1.8961459493862007
1.8799648183696676
1.8763402846624266
1.8765266509550922
1.8615749492397848
1.8671161374955807
1.855821837231798
1.8529140628733725
1.8462327479753855
1.8420991757006016
1.8428965014106822
1.8386732879674659
1.8190265806778423
1.8288776762080643
1.8105726329223164
1.806948552435299
1.8033015632404472
1.7917207307972998
1.786607024804601
1.7891743402436096
1.7804501888886937
1.786567100938761
1.7677931023656197
1.7819539122986343
1.7717655109909345
1.7535670371550434
1.7473314733437773
1.7497419312877476
1.7467500688332431
1.7607741935073205
1.7417146310491383
1.7349183199540623
1.729372578128329
1.72983936009542
1.7118211619134218
1.717458354414634
1.7042764385916152
1.7103665530119303
1.6946870712739117
1.6979593508086115
1.684177909257277
1.6886400158675212
1.684391754696954
1.6769083968873293
1.6840131999749057
1.6677884850299582
1.6752204141526852
1.679146223191945
1.6664682992224424
1.650986228911382
1.6472960069494427
1.6477400235972315
1.6485516859113045
1.6384565045811095
1.6576991114976272
1.6500805009086177
1.6297419894978684
1.6304820553874069
1.6272847236327406
1.6191646999345635
1.6191360092950318
1.6078065805277735
1.6118522202068906
1.603494572189619
1.5957791015224636
1.5972222227532908
1.5976093057191596
1.5973612148806733
1.5834462496469606
1.5805299315812453
1.574721097946167
1.5782517408424954
1.5840053662376583
1.5800977343658231
1.5730637812389519
1.5643236370019193
1.5540037160774447
1.55666931198453
1.5556599691791355
1.5548267732813674
1.5499243083989844
1.5544546218413227
1.539730302567752
1.5408346509596087
1.5382122301830436
1.537686655262731
1.5398014944117024
1.5581186267564882
1.5249601481658108
1.5196111713940244
1.5139035165028751
1.5205291428093641
1.5107135275062524
1.503494806025388
1.5095640423725236
1.4991456706006572
1.4975861611793626
1.5008833717625096
1.5014610560435169
1.4909112802091635
1.4826271410258312
1.4841364675535347
1.4799107602744732
1.474215160282153
1.474447709771822
1.4720011153873407
1.4711886177647788
1.4635501875067658
1.4711486624096923
1.462018441198007
1.4615017172862899
1.4667271125429082
1.454530321483342
1.4546905306150328
1.457887959648978
1.4519515169678994
1.4527465616757016
1.4860637918958124
1.4488255404076487
1.4521185553298805
1.4440035440449446
1.4388099121597577
1.4362548474433288
1.4294097791865188
1.4178761659928087
1.4390077225442202
1.4312494155370965
1.4334176880008769
1.4191275337394678
1.415997252430556
1.4115746035328451
1.410591503078083
1.4005544618615564
1.4036074528154336
1.3953488247012191
1.400048848874164
1.3942363018978317
1.3924313558722443
1.4039381033969376
1.3866540342569351
1.3922173158740097
1.3938337176475886
1.373793360759627
1.3779525253570304
1.385654018453832
1.373023845114798
1.379740425157097
1.3663868129534542
1.3779459376380128
1.361363467742812
1.3713697335630093
1.3617829199669496
1.3552575780535645
1.3517639125293155
1.349346806699375
1.3529465184459146
1.3464640384575106
1.3435747080816414
1.341081291999457
1.3450326537186246
1.3402104786122746
1.338498151246107
1.3366120033106714
1.3345186122745838
1.3369174116062668
1.333040401339531
1.324317143491979
1.3289211398025729
1.3326493175524585
1.3220410903669753
1.3166847588881008
1.313669593126144
1.312352477941873
1.3188339508367035
1.3112300760903448
1.3093234784198258
1.3035489455708917
1.3159392490139548
1.3089772271660138
1.2982556597804122
1.2977265237637285
1.3041546729938038
1.3036393914020286
1.292773908882771
1.2954643067886245
1.2915806596009236
1.2899471853139266
1.287545013540196
1.2921426526780397
1.2802462856162269
1.2764556618793956
1.2773928251468911
1.2756452161186147
1.2698715152043216
1.2665662714895212
1.274369702305434
1.2636934757794973
1.2695098397023272
1.2639528802543316
1.2573414413996462
1.262552206246358
1.266314593407343
1.253147857650271
1.254973294037693
1.2491787832300618
1.2501273267673996
1.246748149957297
1.2514876068200704
1.2484149477391873
1.2471482762188282
1.2460269095762722
1.2390599824347586
1.2454112789259766
1.2293488121819947
1.2309084942318358
1.2371941373314497
1.2200042821888655
1.2237358160738676
1.2186424968377598
1.2209338554233875
1.2150553036129699
1.2116890586209748
1.2249132001175072
1.217955100367654
1.2174128704475906
1.2264223970332235
1.2063405359128736
1.2120534465560373
1.2080460131730673
1.2209366087643605
1.2103390117298882
1.2040710072472411
1.193810649356752
1.1945552592569928
1.1918543768378924
1.1895857712007918
1.1905296977679685
1.186015878927033
1.1867472314328518
1.1872173857014134
1.1896433203287844
1.1883720952384877
1.1869451513267912
1.1810908415969812
1.1912200675820404
1.1794968863140862
1.1794321014071412
1.175837553194109
1.1747125287382107
1.1675160417579256
1.169549934425444
1.1749649500509478
1.1632950570223466
1.1652254279492036
1.1568505609372877
1.1595690624331527
1.1513583831629663
1.1614575953978412
1.1541922283622454
1.1492892274597906
1.1601565400103353
1.1546691602693413
1.1459469154195965
1.1411740448115006
1.1499520281575761
1.1468093060659912
1.1455326883016892
1.1382858157157898
1.1347200735560004
1.1496349855695132
1.1331060247601203
1.132191520254567
1.1286369721001048
1.1322599801252473
1.1225447633637573
1.1274517687424175
1.1298818591068376
1.1275291619998105
1.1186079000527005
1.1209739083951373
1.1186287518379823
1.1214302095039836
1.1155030103224628
1.1175992143041682
1.1096464384276912
1.1283923944212355
1.1118911791522548
1.1061622281119508
1.108140121512818
1.1076465223757725
1.1035363603875321
1.0987413043402277
1.0994424834003989
1.1100537124669776
1.0984352388471927
1.0904389195284754
1.091198335981594
1.0888226504595775
1.1028370065790303
1.086769827413109
1.0897474615079052
1.108404869740864
1.0866374575866844
1.0879494275124568
1.081059141260273
1.0731015707243163
1.077857809246711
1.0823707248804704
1.0705928886836429
1.0783357842350907
1.0711404592642244
1.0702768758220493
1.0673315626270365
1.0729147876208682
1.076330597108265
1.0596438137427815
1.0672058679585188
1.059280462141307
1.0629770370586864
1.0634545076568171
1.0579367038213983
1.0500277476209514
1.056315964544719
1.0588264098426081
1.0457915937844313
1.0655288696289062
1.0505701688663014
1.0561535503223258
1.0408408813319117
1.0491375400210328
1.0379124737854273
1.0436987373626456
1.0434804570000127
1.0406916561835218
1.0316929174762852
1.0336260026637114
1.0334642265202865
1.0302722667748074
1.0339028188642465
1.031322460551307
1.0270613142341938
1.0291608902362157
1.0273471432474424
1.0186695954147376
1.0210189453835756
1.0199659174343325
1.0201155827292856
1.0185893350895845
1.0098977587976545
1.017446237493236
1.004047824105002
1.0071438472225982
1.018782025519407
1.0038463286352608
1.0102894508613731
1.006397523407666
1.000760996397936
1.0098475496161659
0.999411995961981
1.0007995985588938
0.9968681161133748
0.9999545085823761
0.9952718839049339
0.9977316088833899
0.9912197785276287
0.9946162589597252
0.9966212038723927
0.9864942661996158
0.9877451288531411
0.9883995948816245
0.9967476659507122
0.9896389982610378
0.9782856475069838
0.981842189183775
0.9858901136607494
0.9771376962088189
0.9766619760753974
0.9782833563831618
0.9745330847096894
0.9744872228716904
0.9741952424904086
0.9697643404580513
0.9663884766259283
0.9716091181309718
0.9660309546117513
0.9658783667211263
0.9643453757436771
0.9640159647700921
0.9595330891744146
0.9686640915724466
0.955885111723306
0.9560577686665193
0.9538933300184753
0.9599509905531721
0.9468931086220831
0.9544681964336701
0.9548519600955945
0.949863649482997
0.947222815229083
0.9425045587825325
0.9468049297355255
0.9436047482040694
0.9391448205372073
0.956604723660451
0.9432562332389489
0.9397442180593059
0.9413615858779764
0.9434780076427279
0.9292673790511096
0.9354845971431373
0.9317293542454828
0.9356091780201444
0.9284034781860855
0.9300078409460356
0.9330959246968323
0.924357422820802
0.9270594620479727
0.9266478987234943
0.9267748962595778
0.9169055667688262
0.9143481548383551
0.9204667196521219
0.9214671951419903
0.9221166476326169
0.9203982235125776
0.9137155921110567
0.9124874000982294
0.9085336184164263
0.9111582766164024
0.9060482541626355
0.9078828585597704
0.9011565851715376
0.912064458120544
0.9102787535707906
0.9023356441900415
0.909392367978141
0.8990276022902075
0.9009644744812317
0.8935326468550934
0.8929720858357987
0.8936016322025713
0.8938840291691277
0.8966789507078674
