20.662017165489917
6.465084856411196
5.309991842170931
4.85841156739109
4.5509815182325974
4.3413499880511806
4.1737931308881295
4.028298823338635
3.9386616765328175
3.806870513929511
3.7435232344663367
3.6509953636043475
3.5917236433838897
3.5136302782679505
3.454331654422688
3.40219480530271
3.3597194625521607
3.3244822385176174
3.2654424219761253
3.235679471267844
3.20277934085648
3.170119635901361
3.140820918218145
3.1101031421490437
3.0885812105997554
3.0697372938102148
3.043763367072591
3.021035000963031
3.0076991297164053
2.9990196942158467
2.9770170230910464
2.962110010520467
2.9381750501551718
2.9058790698928654
2.8929720304484636
2.885185566150917
2.8677111144335763
2.8851436730825677
2.8335179894600273
2.8355110208943204
2.8214216170445927
2.810590383016838
2.805684012624453
2.7881771348557383
2.770078323922067
2.7768056465769715
2.7473476759667665
2.7379758116209283
2.7283675889923886
2.7181414292668395
2.7131994653422877
2.741351805767923
2.701206051516083
2.6791538140683806
2.6802757365523644
2.673065318813864
2.6524905787324005
2.650295620819308
2.636326052107901
2.6440431790531806
2.6290933613507255
2.6139697280694856
2.6199718275160158
2.603074944806549
2.6095286382819123
2.5947484570854114
2.597061234825062
2.585969576295817
2.5866675050753467
2.5654288811503716
2.570333568555004
2.555171877708075
2.551147179783515
2.5380597862432586
2.540407162792278
2.52194529715574
2.521491381357301
2.5265187311847255
2.523668074382926
2.501251031205339
2.5005091265687405
2.4974919450732895
2.494821587823472
2.4833856517413877
2.4814485020513803
2.4747660272526293
2.472709650138639
2.471656487235483
2.4633789855354236
2.4466405932633384
2.4635539960186437
2.4728522744943513
2.4362783263314447
2.4362193447238996
2.4284163221435726
2.442641184015094
2.4355932479759432
2.416132817290864
2.41113787777019
2.4192040275852635
2.4077314577012694
2.4104966088285984
2.41670234585708
2.4109138902628198
2.392031136548744
2.3861054058344857
2.3965624998200616
2.37206580250893
2.384598470521423
2.3679215205165574
2.372375835225267
2.367869789307972
2.3603600044295474
2.3509387565108963
2.357399747056781
2.348071591471726
2.342770475261616
2.349244589513203
2.3318597629385174
2.359287494196082
2.333028386786299
2.3311869558298364
2.318359151763736
2.3265231679070673
2.3182369813604176
2.307051329117901
2.314842346704231
2.3127993109091274
2.312179977039121
2.2988710853288756
2.3015036234315835
2.305087721010424
2.2912208870896755
2.2870345025692345
2.2986648600056485
2.280608907623111
2.2813079607374265
2.2731079644751997
2.2734313927731424
2.270562507633893
2.259546584115838
2.260713760020598
2.266450926942645
2.2575062462743722
2.263903311963351
2.2521782106948347
2.2442789145235746
2.2497153816358098
2.241131746544028
2.2557576647344626
2.250786707648691
2.2347442757970883
2.25073992137639
2.233768532860954
2.237782491265603
2.229774927193264
2.22131913169375
2.2218843957163252
2.2156753360100514
2.226956642461273
2.2070670251576407
2.2127669346782395
2.2136237238937952
2.1975845835118926
2.199727377801571
2.2000940503939144
2.1957872774241105
2.2029878165362016
2.1894287511987507
2.1884250370961316
2.187155263603858
2.183504300297431
2.1863655189298234
2.1809085197043867
2.174396771305012
2.1715709285916023
2.1677198514061153
2.1747046762479925
2.1813914680256032
2.1693523430599355
2.17280502251859
2.175448140445745
2.1723582997636974
2.159655103143656
2.1601775018674023
2.1464849073650702
2.16902065445792
2.156782124964696
2.1506283092048935
2.1364283325537197
2.1518631802414947
2.1402660838837892
2.137661450314072
2.137931571816498
2.1465313836651028
2.149010278706281
2.1234971178027817
2.159589467745907
2.132542365002182
2.1272398809779367
2.132132308100754
2.1189487480892324
2.1233239989235715
2.1237704568314104
2.1218961272037253
2.111151546239853
2.1100965563278153
2.1328779498361192
2.110614428542695
2.11896631655828
2.1036011267383143
2.1052115531462543
2.097791507559003
2.1059890170142337
2.1008321969014294
2.1134328802801527
2.0806123884219043
2.096362397918161
2.090034950876011
2.0942827277588396
2.094540384580504
2.08638785413976
2.08129860657566
2.080734503719042
2.0746370815443544
2.078073463349972
2.078973932086297
2.083362507370283
2.0734010529967972
2.083947149650106
2.0714483941501043
2.0709134936332703
2.064808336631307
2.0647715957097286
2.062738358974457
2.0824741479360833
2.0545330340007566
2.0689257428331196
2.0623635419134825
2.064015598229642
2.0581318508341626
2.0525579545295463
2.0523437137873666
2.0459002569880127
2.0470246616399512
2.0436318052827187
2.042532020020035
2.0436955409229927
2.0427046887717157
2.0516467094421387
2.045100931851369
2.0384478389092213
2.0520235682433507
2.0360871665882616
2.04793366874164
2.0478467305876173
2.034545562177334
2.0321693853387295
2.025382663000305
2.0354721697996245
2.027846056335377
2.02748341296079
2.015753415114475
2.014981616218135
2.0354530755079017
2.0351055413484573
2.0233687643172606
2.0233662904433483
2.01394522471248
2.006664277247663
2.008177082774774
2.002203456073437
2.005085712333895
2.0078259650266395
2.010075129428
2.0056555974033645
2.0064955005105936
2.0153108877393433
2.001392921467997
2.0012227811341017
1.9919231264096386
2.0019325040421396
2.0013744291269555
2.0097974336372233
2.003874764689859
2.0003252406165286
1.9943830441191512
1.983122300989223
1.9865768579941876
1.9867554416634001
1.9901173997600123
1.9802223595808137
1.9777443046277423
1.9873223096694586
1.9753388537550873
1.9878662152672715
1.9855839177122656
2.000384102171322
1.980791245429021
1.9777800280530498
1.9741490103726118
1.979030286928393
1.9730255446344052
1.9702883441493195
1.9715603112049822
1.969028057917109
1.9737466809884556
1.9661248717105613
1.962589587243098
1.9613081360200666
1.96004482316521
1.9604128472647577
1.97281569917247
1.9667598242467303
1.9524447099780136
1.9627499670352575
1.977904110584619
1.955153205484714
1.9600949433614623
1.9485264411371834
1.95257945555561
1.943969633500531
1.9625482682911854
1.9425685127388757
1.9477622109764028
1.9455829611364401
1.9442022718348593
1.9433295979814709
1.9353367694706287
1.9456861533646315
1.9322565389129351
1.933962661983832
1.9363185352874253
1.9381950913735155
1.9392944709309992
1.937479113632778
1.9428186849603113
1.9297980798302956
1.9346325914814788
1.9295550655081588
1.9305918312297676
1.9264431578933068
1.928292564907164
1.936687653638282
1.924843505306064
1.9189507708234608
1.9147617541394144
1.916028304482406
1.9180800003825493
1.913215789592491
1.9169537964856849
1.9182053017166425
1.918109490624014
1.9079331862476636
1.9120477682576988
1.910070077428278
1.918912870704003
1.9129940007092818
1.916549432390141
1.903455744936781
1.9036622460720674
1.9024963016217609
1.8930484077559326
1.901397148955543
1.9047449591024868
1.8955009793335538
1.89303989877116
1.897479218132091
1.8998242402976413
1.8918097176641788
1.8989335408188261
1.896236519768553
1.894932579319432
1.8908825083723608
1.889733669049335
1.8938720484949507
1.8847271667898826
1.90375021999737
1.8829945443936114
1.915833573296385
1.8860798135118664
1.8874901429099857
1.8803756374795482
1.8887771567646063
1.8775328746381796
1.8833236688712858
1.8854873883274366
1.8755471068170835
1.8774922810635477
1.8739845575589054
1.867893157140264
1.8657668351002459
1.8693825883685418
1.8818208159140821
1.8692268689848341
1.8744276064746785
1.8666525930166245
1.8616735662491817
1.8743766658710983
1.8787249664090715
1.8696889694569245
1.8647445564000111
1.8585505994423381
1.8611092797990114
1.862997534140101
1.8785412137238484
1.8629754180053495
1.8572199978637245
1.8607211402564678
1.8704624496540934
1.8639867536301882
1.8637402937659677
1.852356052623605
1.8569348041179046
1.8574343014438197
1.8601272820301775
1.8779816129859888
1.8477346838082906
1.8555256117064998
1.8448789555509135
1.853576475156928
1.8599204128643252
1.8554286273582927
1.8462484799466043
1.8425266441871535
1.8416969213845595
1.847826288274999
1.8472920521250311
1.8473511411333985
1.8339896824843478
1.8505122135832626
1.8397657421399962
1.8447391548246708
1.8312379861215375
1.8354266696381119
1.8427222500432212
1.8402444309783432
1.833502640420536
1.8370951149823531
1.8309324754858918
1.8315462115800605
1.8342376338704578
1.8272486264413257
1.825391873155
1.8462860435247421
1.8162260719065397
1.8305157496119446
1.8245400724545964
1.829936571559816
1.8223429322242737
1.8300307924455066
1.823787955742962
1.8147065546715035
1.8231971907728124
1.8123863415335708
1.8244445939671319
1.8412146877567723
1.8074620440602303
1.8171843577106044
1.8155294083199411
1.8104720804488883
1.8192788564933922
1.8082422583170656
1.8379216562464553
1.8178212878839024
1.812021847603456
1.8163042970985737
1.80721559867544
1.8059077788636368
1.8160421955135633
1.8053507931389898
1.8000141947336916
1.8092621337130386
1.812634452896298
1.799070323132119
1.8041131988448917
1.809411104557649
1.803024431725718
1.8066873570095818
1.7969711633785717
1.789018948826025
1.7926433994522635
1.7891566927702922
1.794093278500269
1.8070777564678553
1.7864977365957115
1.7942314370060868
1.7993178766853404
1.8055108819367751
1.7894791479942933
1.790247030415625
1.7949096720735982
1.8025574740373864
1.7869130173381769
1.7917279106266093
1.7885735386385109
1.7761852794660713
1.7921157442736175
1.7894267597288456
1.7863074619815034
