8.278315141137723
5.001052011430791
4.450903698406388
4.121722744101971
3.8742939302351624
3.696079834900071
3.5479753080722505
3.4093100280888313
3.291496672988993
3.20943926920933
3.123559967078994
3.070024325256854
3.0200349435342098
2.96285201173968
2.927862649470304
2.884270034005157
2.8428765255793005
2.821844598888296
2.7910326803680015
2.7499331204237136
2.737959826942039
2.702938569330536
2.6746786104894316
2.651462257963366
2.629894273998463
2.6165189822163204
2.5962756909100357
2.576106459693571
2.555322229862213
2.5445799722080737
2.5287792978033554
2.529645858085261
2.4996635876925644
2.4892428016240618
2.458310450072837
2.452011963434979
2.4454228688130337
2.4366813386436057
2.4266274207461196
2.3983700491685784
2.3888802269918727
2.3816232675999665
2.379319813926663
2.3587872633891824
2.3455553656130768
2.3445177041323837
2.3184858681881324
2.308881578983459
2.3028352563887573
2.308247655366374
2.2901252840472535
2.281919506798803
2.2756743974390283
2.2563028372494522
2.2517105726014197
2.2541833678178027
2.240562657339383
2.230041334586861
2.219841842366531
2.214224835412692
2.2216849907309606
2.200833397101512
2.193162739276886
2.1841123412668177
2.176534789589654
2.1730195460593804
2.166262339701695
2.16307127528486
2.1568295296314544
2.1532325164406703
2.145363264115511
2.1326233997809148
2.1471821586642643
2.1303411577127678
2.1129568060942456
2.101023981792737
2.1071802493745246
2.1110838261325804
2.091808615796334
2.0886398553848267
2.0895757166157782
2.087321837918948
2.07587841838862
2.068651339649099
2.061713495876937
2.067013637681978
2.063658789459583
2.053930786331143
2.0449614363961515
2.0426534875831774
2.0332628947443667
2.029300439410505
2.017129453937564
2.0254882866829895
2.015205270157451
2.0231794097782236
2.011206161923113
2.0085087157456223
1.9959702475936012
2.0028515531953457
2.0054584928845935
1.9900113027707664
1.9838079187722333
1.986967970839644
1.9852197613336344
1.9727365179399474
1.9702569359699182
1.966093974039618
1.9654420115778932
1.9551022250567918
1.9640846415958573
1.955022638614199
1.93956772600655
1.9514135705158773
1.944795345838091
1.9341766375356015
1.9353487006330912
1.9334774288983472
1.9218076098281724
1.917880586027044
1.9222107213155357
1.9248436831795008
1.9123378715156454
1.919818110434355
1.9079350465166884
1.9083050993164028
1.8974670902290176
1.8982822747357124
1.8886573828954611
1.8876418291994956
1.8867838915470427
1.8948199342837375
1.8775582727605262
1.87773075620685
1.8746461174656859
1.8791849278243242
1.868744507036378
1.864459398046004
1.8675163754847197
1.8589592721082469
1.8736271338652721
1.8674475144496006
1.8612536584908983
1.8573833337399812
1.8526033226367646
1.8386393397782756
1.8401287300924285
1.842632167898448
1.8319683169896623
1.827591510209362
1.8345334769877712
1.820624198270055
1.824161948092216
1.8193380020361032
1.8197486904342617
1.8147253077642052
1.8261470755117128
1.814219143274611
1.8091432821434157
1.8079356561719844
1.8086498321685116
1.7974102552485678
1.7949231024337027
1.8054647044797913
1.7913341556502655
1.790671516836217
1.7821831228458775
1.792323556094043
1.7886752963593575
1.7845328539873646
1.7719783600980201
1.7841199465030062
1.773082606560361
1.774887874590612
1.7747603897499826
1.7643171242908038
1.7619642678615266
1.7704494395087251
1.7546147258408302
1.76082593097096
1.7542906735850647
1.7604930226781728
1.749096409409447
1.7471096328401987
1.749877069903686
1.7508114433921544
1.750487764324762
1.7395894239961573
1.7378861400405918
1.767880928199903
1.7297901215806473
1.7380540120390664
1.7321908223418008
1.736376983665787
1.7300813279848184
1.7231642171344925
1.7176886179805857
1.723577092179155
1.7261979746080078
1.7113294153086906
1.7028667816018637
1.714431755838141
1.7104519935308304
1.7217118550190884
1.7089762629660885
1.7136569685113114
1.6933604368066366
1.6992934794552559
1.6900400419150834
1.6943587328480407
1.705996411036601
1.6830995040657246
1.6862275341970732
1.6785505308514148
1.6798376636167542
1.677312546071753
1.6854105386058842
1.6861660330168968
1.680154109950614
1.6740924858413966
1.66597978757546
1.6687606130026083
1.6692141800855114
1.6590126531314007
1.6651276458153683
1.6699799201657286
1.6501944297182876
1.6606221040793225
1.6553226305847675
1.6567223831615616
1.6487239786481436
1.6414074188312597
1.6521224258220302
1.6491807783599448
1.6451887912982333
1.6537326845975049
1.638573314500066
1.6302991440865846
1.6409687365578338
1.6364219866495218
1.6350129790010706
1.6290805545528377
1.6233705058034542
1.6313363941369858
1.6222687305602352
1.6201410765668987
1.6211284689143695
1.619966228451349
1.6252007642678454
1.6300236917702497
1.6179357321388954
1.6095589362414537
1.618815969049403
1.6131260645600547
1.6051644593213512
1.6184651801543952
1.6149974750206533
1.5978357198491562
1.5953964108386927
1.5990068482614197
1.5963324387516595
1.6111220226878613
1.601684873346734
1.610883662658455
1.599106636195056
1.5927069743650148
1.5941289874304712
1.5947094754835145
1.5886867705699617
1.58254487720211
1.5808578439518415
1.589474890611868
1.570492925369634
1.5801788244099744
1.584624315257621
1.5810760739630303
1.5751415794402097
1.5725712984536602
1.5709945543677406
1.5757056978424038
1.5611301212184197
1.5758336157397885
1.5714490466413245
1.5655036006881073
1.5652929251700376
1.5576404836852993
1.5637881716268252
1.5553508300696854
1.5562141223818855
1.5619374885495785
1.5556628593301352
1.5488748336787772
1.5447305240462312
1.5463702048348114
1.541511156653936
1.5407677084471272
1.5459592669411044
1.5343944810133066
1.5310221588717097
1.5430452346274284
1.537305756480293
1.5353180676434948
1.5379663326043997
1.5365764052994484
1.53452770135044
1.533315520370956
1.5371005606334822
1.5231924858768429
1.5195998391218946
1.51660039889074
1.5181507816356896
1.5187158872068456
1.5145343278361634
1.516041563675467
1.504870215348438
1.509705366022819
1.521656873743091
1.5225215126982832
1.5110007582512577
1.5175754504393688
1.502901257403129
1.5115999334153876
1.5022697084772902
1.5034933404057427
1.5214874174742572
1.510680442758366
1.4884140066868436
1.493570293209194
1.4983820640935308
1.4981296885330064
1.4912053415205626
1.4920697072438434
1.4893465218818294
1.4875177503687091
1.4893419848079175
1.4824308341583319
1.4968964101466458
1.4877218277053494
1.483767095920259
1.4855432033011344
1.4872682002265896
1.4783498212299515
1.4728211631289625
1.4762869382326582
1.4736603290106343
1.4727557119542518
1.4751134103378363
1.4696393131682304
1.459110215701888
1.4663638506842926
1.4645732414405959
1.4599350023586137
1.4754300167602776
1.4647001178391212
1.460297389104303
1.458342668493237
1.4682236234698676
1.465586994601562
1.4637641555967584
1.45810216058672
1.4425114166420119
1.457415099165081
1.4425568825903192
1.450507138946415
1.4618300397311692
1.4424370126386659
1.4491797783205995
1.4542367313287954
1.4465966105988595
1.4576693169311083
1.4340222762749257
1.4374934002361466
1.4369180869739668
1.4433097008582765
1.4286271286221732
1.4344874586151763
1.4232748778520432
1.4347311197656445
1.4267149090239433
1.431397460203255
1.4269621670246124
1.414859165660048
1.4224553836130462
1.4274926794841227
1.4351022763062367
1.4265008529203127
1.4160187312986998
1.411751443569639
1.42486809892992
1.411162011655031
1.408228854689978
1.4246378691323036
1.4097026048508365
1.403526294020425
1.4022401320723306
1.4135133829791988
1.4098390375090912
1.4084184196143024
1.396651046993458
1.4039980022780663
1.4184132603417456
1.394625022611787
1.4015611792560172
1.3909605794248328
1.400835230814672
1.3926769036107358
1.404780237548119
1.3903718651395984
1.3960936045752161
1.409927252647096
1.3867359148190084
1.3860473759406435
1.3780667046002582
1.3850712072005313
1.3758533586442998
1.3800624754049082
1.3883870565785772
1.3858157608625108
1.3738460424727044
1.3818594979501404
1.3844555839236858
1.3772734986469808
1.3663186699943204
1.3819065465863827
1.3912945685133469
1.3691036271310486
1.3629442730308634
1.3747898213631284
1.3657794563116226
1.355461751465249
1.3728282530750848
1.3636308011755478
1.3630548683942947
1.3606733861750206
1.3759520038039283
1.3629114081901788
1.3582915022837376
1.3484873848151318
1.350695711057798
1.3636440389451727
1.363079568717332
1.3490704116040626
1.3462669896868478
1.3446704352323988
1.3548979943832464
1.3384606759105109
1.3519253063518388
1.352486049706957
1.3504003230976847
1.3574530819876005
1.3392423921454268
1.3430078227435593
1.3490125985272163
1.3388825665533015
1.339922779165538
1.3318140960372655
1.337720164155538
1.328803872640154
1.3211446235665179
1.33652030656823
1.3251418067818195
1.32537993604103
1.3207356957471477
1.3348769047091493
1.3272209916494588
1.3259080912159606
1.3255792347203315
1.3231724025928868
1.3179303428768057
1.3157148268897976
1.3162273355817373
1.3222008959381981
1.3284741202286914
1.3158787243661627
1.3078920305830188
1.3140428899663739
1.3173576221529362
1.3109437609668326
1.3083235138812952
1.3168303341464658
1.3106942501215808
1.309923801801901
1.3106865278914965
1.2995022179278652
1.3016725032202965
1.3030262457585968
1.2930842825269278
1.3113556936778854
1.3140356577603163
1.3031101638236933
1.2981505425630417
1.2967564189328558
1.2929576411183956
1.286369877051463
1.3005102949332348
1.3027380754989861
1.2936874063669053
1.2948770902853097
1.294519751736548
1.2880111101981813
