4.121184136867523
4.3215010905265805
4.343530142307282
4.169774361848831
3.9743865764141084
4.188142842054367
4.126653817296028
3.9884745800495147
4.112701424360275
4.151271317005158
4.163088266849518
4.093750495314598
4.1716802728176114
4.149347492456436
4.055472284555435
4.004759180545807
3.9835535109043123
4.086970578432084
4.048965495824814
3.806791589856148
3.8302868890762327
3.943844894170761
3.806475313901901
4.01300790309906
3.8432883286476134
3.829473219513893
3.8721671640872954
3.956818596124649
3.8670040655136106
3.675738422870636
3.8095183408260347
3.8801997470855714
3.797888263463974
3.691619887948036
3.8191150397062303
3.7707876741886137
3.7506374192237852
3.6910953772068025
3.826050546169281
3.761077960729599
3.859433174133301
3.688559538125992
3.6682279539108276
3.7069244813919067
3.5564101195335387
3.737749635577202
3.716225033402443
3.7768171501159666
3.6421080952882767
3.724993944168091
3.794911571741104
3.67966016292572
3.6119901657104494
3.77849511384964
3.744542897939682
3.741184502840042
3.6423227858543394
3.5220012044906617
3.6572411012649537
3.6230949014425278
3.4910670745372774
3.491056693792343
3.664620621204376
3.6535658478736877
3.6690582966804506
3.6040429735183714
3.3997708094120025
3.543445838689804
3.585319633483887
3.6290270829200746
3.5266039514541627
3.3210631108283994
3.447394037246704
3.4884986984729767
3.5311682760715484
3.344164251089096
3.5418271684646605
3.565071895122528
3.4819030141830445
3.4559885263442993
3.4817107820510866
3.4632642459869385
3.450298136472702
3.488960610628128
3.333418148756027
3.4382558393478395
3.2945528542995453
3.32825389623642
3.2387714433670043
3.4060684704780577
3.366721841096878
3.4074718129634856
3.321657873392105
3.5140851402282713
3.2567742389440535
3.357196967601776
3.268537483215332
3.2558111929893494
3.4257030761241913
3.2864347755908967
3.32321811914444
3.258887028694153
3.4196777760982515
3.424703780412674
3.2260912227630616
3.3352773654460908
3.430716651678085
3.264668344259262
3.281225650310516
3.3344582414627073
3.33566944360733
3.21463721871376
3.3220072531700136
3.2999355137348174
3.1819626021385194
3.321675559282303
3.2295622563362123
3.310255744457245
3.2746542930603026
3.3841113674640657
3.312095468044281
3.3349386429786683
3.161482649743557
3.121842537522316
3.1277075612545016
3.166923765540123
3.1266571754217147
3.325916729569435
3.247800680398941
3.14018683552742
3.1295044833421706
3.1179291367530824
3.213522351980209
2.9899439293146135
3.097065852880478
3.1364483082294465
3.184308377504349
3.1580800783634184
3.1406548631191256
3.091475361585617
3.1863377010822296
3.0343896412849425
2.946352368593216
3.1168217766284942
3.18397879242897
3.198672031760216
3.1283416891098024
3.179481246471405
3.0666121965646744
3.101699800491333
2.972770336270332
3.1834355032444
3.1836024785041808
3.0132153367996217
3.038581628203392
3.1290761744976043
2.9757002353668214
3.086914187073708
2.9998472893238066
2.9225556975603104
3.076354155540466
3.0465918970108032
2.9843633437156676
3.137401328086853
3.013773056268692
2.9825856029987334
3.063130145072937
2.970474595427513
2.9836644756793977
2.956841518878937
2.9323835241794587
2.967716147899628
3.063537580370903
3.0964588463306426
2.9460653215646744
2.979605566859245
2.932744877934456
2.957567685842514
3.0153790855407716
2.7787961143255235
2.844211220741272
2.791151498556137
2.9454653525352477
2.956551429629326
2.9819145715236663
2.9453106033802032
2.87466897547245
2.925854754447937
2.9567751407623293
2.937847291827202
2.7727453935146333
2.8562345707416537
2.847461070418358
2.82629340171814
2.887943508028984
2.9979181015491485
2.6914984154701234
2.8369990468025206
2.7806963753700256
2.8600549268722535
2.8422516071796418
2.8918202781677245
2.7772426640987398
2.7570790541172028
2.8397236585617067
2.749411041140556
2.6998372876644137
2.7230956774950026
2.8120116543769837
2.8093624168634417
2.9493857234716416
2.7585557681322097
2.9015843045711516
2.73862835586071
2.8386553639173506
2.743248181939125
2.85703265786171
2.7731308537721633
2.711213573217392
2.6243562293052674
2.8456132972240447
2.7229862093925474
2.845880731344223
2.780810726881027
2.7911359602212906
2.6870984810590746
2.7879871159791945
2.6704263573884965
2.6913207191228867
2.665622128844261
2.620532059073448
2.7728083407878876
2.807742604613304
2.722571108341217
2.5972715228796006
2.7821326565742495
2.7630304211378096
2.7057739269733427
2.6588491296768186
2.6865675336122514
2.688187518119812
2.729296454191208
2.752837779521942
2.7218888425827026
2.6698600667715073
2.6571745121479036
2.7187183046340944
2.6190283530950547
2.5926242995262148
2.590479704737663
2.617190161347389
2.580819543004036
2.6465235537290575
2.705453773736954
2.635548327565193
2.6381589579582214
2.574500186443329
2.5672584784030916
2.605518425703049
2.471037105321884
2.511804881095886
2.588504753112793
2.498414481282234
2.5384999948740004
2.46598057448864
2.683513036966324
2.6030584251880646
2.4894659262895584
2.6034660464525223
2.496102152466774
2.563764439225197
2.649782634973526
2.614708119034767
2.460960340499878
2.529688295722008
2.540766090154648
2.5605635088682175
2.577588686943054
2.43601023375988
2.465044831633568
2.4318829184770583
2.4379973262548447
2.590991685986519
2.520904569029808
2.489323778748512
2.4521260821819304
2.4832543098926543
2.4290500187873842
2.4593711441755293
2.484811709523201
2.391582179069519
2.515345928668976
2.465672155022621
2.458978327512741
2.5206959694623947
2.5474040043354034
2.5152721929550172
2.4917185992002486
2.430570175051689
2.4784419417381285
2.5416447484493254
2.5064436340332032
2.434437699019909
2.4782126438617706
2.39997117459774
2.3996381378173828
2.5217067009210585
2.325257579088211
2.4144661098718645
2.4295805072784424
2.5156031149625777
2.4253617972135544
2.405659663081169
2.4269427973032
2.427622661590576
2.3477217066287994
2.3329712003469467
2.2376318627595904
2.360471909046173
2.3104988425970077
2.3327077770233156
2.2947471648454667
2.269362165927887
2.3607728159427643
2.4018474185466765
2.3880962419509886
2.3886584383249283
2.334297026991844
2.3247734433412552
2.368193861246109
2.393562908768654
2.381774048805237
2.326272822022438
2.2899819415807725
2.3438298499584196
2.3720462545752525
2.448946869969368
2.2847107800841333
2.3298431450128554
2.309540196657181
2.2042168617248534
2.3487973177433012
2.2718434685468676
2.255895008444786
2.3430174642801287
2.308755334019661
2.266282306313515
2.310859764814377
2.3064121943712235
2.30943352162838
2.2234229815006255
2.1820706421136857
2.2969052785634996
2.2972474509477614
2.2625799334049224
2.261183869242668
2.2913093930482864
2.276676259934902
2.2907811707258223
2.2912229859828948
2.090753671526909
2.155102793574333
2.2310525169968605
2.3537814700603485
2.2597096729278565
2.1383054822683336
2.25306859254837
2.2315786910057067
2.1682848358154296
2.263967269062996
2.120075233578682
2.207823271155357
2.20666073679924
2.1056984412670134
2.1357906031608582
2.1222217231988907
2.074676805138588
2.354868705868721
2.212571603655815
2.229459146261215
2.2243672674894333
2.1775378650426864
2.155372270345688
2.0837563002109527
2.1194140261411665
2.2253155475854873
2.1462505650520325
2.1351163989305495
2.1942442506551743
2.2173689687252045
2.1604720050096513
2.141289035081863
2.0503730368614197
2.0511998406052587
2.1067510056495666
2.04335378408432
2.0952943485975264
2.159828975200653
2.1743578094244005
2.121837616562843
2.1177239310741425
2.0971532171964644
2.1770070719718935
2.0570660561323164
2.11552513897419
2.0730651134252547
2.077772849202156
2.0905768525600434
2.052070387899876
2.0637793534994127
2.159502790272236
2.1595907008647917
2.0597547459602357
2.0707842379808428
2.1720363086462022
2.085564023256302
2.0647696483135225
2.0646102738380434
2.0531943321228026
2.14137275993824
2.0242104345560072
2.04400319814682
2.1261699414253235
2.0215042316913605
1.9094364655017853
2.091136953830719
2.028161859512329
2.019360238909721
2.004080211520195
1.95404953956604
1.9471870005130767
2.0063227516412736
2.084539675116539
1.9698583725094796
2.0121663987636564
2.0466374123096465
1.9766659188270568
2.0794352078437806
2.005745700597763
2.0268780428171156
1.999684008359909
2.058519499897957
1.9909925046563148
2.003034376502037
1.958342075943947
2.071941028237343
2.030326457023621
2.052726610302925
2.0314919847249984
2.017657877802849
2.058458350598812
1.9534479492902757
1.9922006136178971
1.9462913423776627
2.046831794977188
1.9700634968280792
1.8745142251253128
1.9746532070636749
1.9628152084350585
1.9528646731376649
1.8883458143472671
1.9239164808392524
1.909185174703598
2.0435250264406206
1.92469371676445
1.9078221303224563
1.9861540764570236
1.9291822570562362
1.896947619318962
1.9389212763309478
1.9226467487215997
1.8882611882686615
1.8717234128713607
1.8858949893712997
2.069521512389183
1.962020074725151
1.8738141947984694
2.0398779094219206
1.9927218252420424
1.8849627873301507
1.9141889107227326
2.0264782273769377
1.776196645796299
1.8881361269950867
1.8666654175519943
1.9335338592529296
1.8521355676651001
1.9363180780410767
1.8108406531810761
1.8752815026044845
1.8842799615859986
1.8722079515457153
1.9151210355758668
1.9073647785186767
1.937748958468437
1.8571626698970796
1.8596619495749473
1.905024113059044
1.7824430665373803
1.810880984067917
