33.287702568864404
6.912633946511598
5.196272771970361
4.547525528257927
4.144611936754885
3.853507565186087
3.629211587188518
3.450876228577268
3.304175135836137
3.1925422522874003
3.0958735726575934
3.013484576634601
2.9447913317553764
2.8814743298344907
2.8208310630469198
2.7738021306232015
2.7234228976004946
2.673807539243614
2.637659010633958
2.596769324973621
2.555819553084078
2.5225900648969466
2.491595634316976
2.466489760749108
2.4336005707757664
2.4063653798229927
2.378259882462763
2.360326402482733
2.3331274279450946
2.320660556312156
2.2945423970180276
2.279666110477616
2.2504068876789733
2.23827894783653
2.222685663046035
2.2096793482788897
2.1941977248782605
2.1799126641940227
2.1677230981598914
2.144286417328151
2.13171367993397
2.1182123781305497
2.1040407962503687
2.095214616935865
2.0765744661335397
2.075519341810615
2.0580497312862263
2.0499044316532338
2.0354569551691544
2.028051872169022
2.016871861651935
2.004424404254002
1.994677952169317
1.9900725415322633
1.9820513345498953
1.964041412931628
1.9580552068959296
1.9517197379496245
1.936374920923098
1.9403961717554954
1.931701505342416
1.9227186792192206
1.911971421895829
1.9049265587751845
1.8949876287869647
1.9012885114787954
1.8844790105271128
1.8815327906503088
1.8752065324677831
1.8742278516292572
1.8576236066565048
1.8512708932425068
1.8414682223733547
1.8445599379792679
1.8298409296348033
1.829756012268826
1.8147639157497777
1.8115145281880303
1.8077812574606027
1.7967203193533736
1.7923383359360483
1.799723685315225
1.7887670904134227
1.7840292939042623
1.7750364241346848
1.7686767053287642
1.7628903745022495
1.7592792212963104
1.7561153634987046
1.745655860521097
1.74096401602821
1.742875680986759
1.7395608024259583
1.7299421572052271
1.7202807569925764
1.719294895113042
1.7169228921421862
1.7091964749635848
1.6997041820952323
1.6993498794272937
1.6916695023532462
1.6903462597226675
1.6941957658371039
1.6795237966343366
1.6824073190182711
1.6723864062697487
1.6658881420055323
1.6587821696184377
1.6541038110720372
1.6547737736090096
1.6503248512744904
1.656189174251219
1.6404197798893514
1.6342767627365822
1.6317864606338264
1.6237515511765945
1.6261962900119544
1.6193503948439538
1.6170662259106088
1.6154621805237457
1.6093999210712129
1.6007164558478162
1.6058357930288905
1.5977691446257904
1.5985326637736463
1.594383240537306
1.590873397293344
1.5828779962210529
1.587050895775314
1.5793953361236943
1.5733952841400045
1.5676826837316025
1.5644180537325092
1.5662122537604475
1.561124792932409
1.5576729450078137
1.5549398547252722
1.5451892595903007
1.5435728710309593
1.5392262537395005
1.543018333679807
1.535243696079845
1.5288354379940876
1.5275626673107654
1.5272338638263465
1.5269106204530833
1.516969607467145
1.5153181122995056
1.5124564811719203
1.5155182443888842
1.50544311805109
1.5048479155629082
1.4986452122705172
1.4984398573900746
1.4938439689906298
1.4909072204501228
1.489909915533741
1.4807284426900138
1.4805737013837932
1.4812462743932167
1.4697756955845167
1.4699683690493086
1.47387941353089
1.460991740490483
1.4614224507745388
1.4651637409640625
1.4573341386508099
1.4539447814489888
1.4458449670171316
1.4512637708566885
1.4436275832420957
1.4432076537503606
1.4379959159192786
1.4368374487467572
1.4357852091831445
1.425414815940688
1.422960230734496
1.4229456531790505
1.4217857506159133
1.4212432688316412
1.417054709607521
1.4130173958508314
1.405916035439061
1.4067243147740323
1.406364580171298
1.3991631773193325
1.4006106885133591
1.3921362918562594
1.388673746480351
1.3885578307430302
1.3883910664414938
1.3813887433668153
1.3822414946239607
1.3720213921196693
1.3731047859234093
1.381454642367574
1.3715972997973451
1.3679401146627106
1.3601682333819634
1.3575155278750226
1.3555049033819047
1.3575627521603508
1.3518595442307735
1.347911561221148
1.3485229803925067
1.344843122020232
1.3441629016821364
1.3358941349835523
1.3355722408906547
1.3315028094612391
1.3330039793411188
1.329735768052329
1.3247727967996512
1.3228913537696398
1.3199776292374703
1.3155373387632117
1.3152531337949027
1.3196614938499653
1.3107928542700489
1.3095260906008492
1.3090357754082806
1.306259877913821
1.293971571510872
1.2943111304688242
1.3015868099389878
1.294737260953515
1.2880159663943063
1.2865598304609283
1.294596911136028
1.2822460890871235
1.280450608482403
1.2786658054168245
1.2766866602201377
1.2716935898086665
1.2713033955181594
1.2652538951519317
1.2652201758021802
1.264245190187893
1.2611111115037867
1.256444835029872
1.255927690889983
1.2517200191464044
1.2524150600739286
1.24935826316344
1.249475843083542
1.2404707865377442
1.2408795596751492
1.2330481177937669
1.2355349839261147
1.23421772813375
1.238519187258408
1.229822330506502
1.2264055475197007
1.218695476519323
1.226693754175068
1.2217922150033764
1.2193499546399158
1.217618793776605
1.2134609375379781
1.2085013706072243
1.2121154644847971
1.2088635081211023
1.2004283352763252
1.199603523037075
1.196019305855827
1.194225579632067
1.198449792851389
1.1946344056488138
1.1928489092176995
1.1890700219479282
1.1888615525929274
1.1889994226198282
1.1877407534460052
1.1846732336335477
1.177125338168271
1.1744695398132359
1.1763624628033258
1.1741059724472265
1.1679772378596585
1.1680874734853222
1.1683005323979707
1.1646314511256934
1.163759362644854
1.1596234116406567
1.151326051987378
1.1598339397295387
1.1509271691330767
1.1511524157450261
1.148167102078421
1.1442666190915403
1.1443857495236185
1.1447649255263066
1.1410363221590498
1.141859469819913
1.1400904404906045
1.1296474784612656
1.1327239038933694
1.1267102884244076
1.1270980602872056
1.122707598504767
1.1194635439763028
1.1257371012352209
1.1220837013911358
1.1172398953838687
1.1184170259311137
1.1103105334054053
1.113165338878083
1.111383299384497
1.1023237834462023
1.106009136786503
1.1072314972371127
1.1041664089513037
1.101397608761239
1.1024519938283261
1.0967482117425025
1.0962180736581837
1.0889594109184975
1.089713105058248
1.0938134662872923
1.0833961317497016
1.080960032686723
1.0876747810207636
1.0778136564567027
1.0768412773588063
1.0714532299115596
1.0739401367913306
1.0718820199238515
1.0692879035409573
1.0743053339223947
1.067246041730442
1.0665115674512575
1.067401989239507
1.0600317560993464
1.063130759296164
1.0595537856616806
1.0544611492515665
1.048822618295661
1.04935690206764
1.0524487988611237
1.0468273381743811
1.0430739655167656
1.0417388136935446
1.0427167857378985
1.0394754990012245
1.0382658807577285
1.0379122882026486
1.038093743071092
1.0347790598078113
1.0303344263703422
1.033558746750376
1.0304827778476529
1.027013487124865
1.0263126550522526
1.018204672278556
1.0214851800583105
1.027173828102846
1.0171464358547093
1.0094779649403243
1.0203358897593169
1.0160654044784276
1.0097296522781911
1.0063894773479056
1.0056623078025548
1.0004328919195495
1.0040049930061914
1.0004887245925127
1.0017279768939567
0.9952342262310264
0.998447256146279
0.9952610253760245
0.9944113602416705
0.9885970901335235
0.9897726527621261
0.9864597336380883
0.982163795855193
0.9879574134814001
0.9841494090789187
0.9818633945114845
0.9783943615919721
0.9728412398722319
0.9832121270947751
0.9695189293243188
0.9695175704175392
0.9697256104081078
0.9684305470601647
0.9677547528944185
0.9654903661097045
0.9627435555500267
0.957277406105953
0.9622223985142413
0.9591001347366688
0.9583510405721918
0.9542445574714019
0.9507596446613295
0.9537285644132479
0.9544497208785166
0.9440191703296341
0.9488124025870214
0.9455208781018721
0.9424691925534104
0.9380397683223792
0.9436306713429172
0.9474544385365681
0.9395603312064061
0.9301758413821195
0.9346575362492452
0.9340200912108464
0.9363357575066322
0.9317659003808435
0.9253179347884338
0.9254028423961285
0.9192967685186757
0.9169055936874542
0.9233655408684132
0.9191626204853565
0.9240316076088796
0.9106772080459425
0.9148127397077274
0.9145500297303748
0.9091380247763828
0.9097723210543658
0.9109046452604563
0.9018045534602309
0.9061316639448689
0.9065740982779359
0.8995551630459001
0.9015886083377146
0.8988264414061488
0.897670421848255
0.8914527274602282
0.8937080404927246
0.892188060072671
0.8908395350506876
0.8894741291229704
0.886540191495313
0.8883994459050947
0.8899507018844638
0.8893833842161483
0.8806504906542534
0.881538137793541
0.8840626144567422
0.880911188842976
0.8782782231548191
0.8776879199838217
0.8701449996602219
0.8706641770833361
0.8711683090809172
0.8669329880349403
0.8709897504443616
0.8753459543253468
0.8675141445303385
0.8595584045469233
0.8607639079600309
0.8661365507714516
0.8598462311567459
0.8671166050223122
0.8536231050976609
0.8510303908744744
0.8549597871250811
0.85156028394678
0.8500217888998775
0.8457563129146543
0.8466709635953987
0.8458839135359874
0.8457578263715305
0.8456051912719169
0.838166828440354
0.8383415201596455
0.8377417593666937
0.8365529792762436
0.8356525887430242
0.8304739669624683
0.8352252159234697
0.8296305641400076
0.829711449225392
0.8277739237631316
0.8274749368429184
0.825255962731564
0.8295856177543117
0.8311770439675424
0.8252067547456353
0.8247555138263027
0.8206285194749325
0.8196212243189854
0.8147455922006506
0.8181086861718018
0.8118954051648621
0.8163959733416549
0.8107954342808343
0.8101744232452022
0.8081876068516115
0.8019164801962608
0.8073600956560236
0.8056103696601581
0.8010505149058537
0.8025540444439492
0.8054562050156888
0.7975699392567693
0.7955472706693464
0.7938956855672651
