4.898112581968308
4.84452276468277
4.748730888366699
5.033174937963485
4.842938859462738
4.902154452800751
4.755304899215698
4.494422855377198
4.362950255870819
4.90036640048027
4.6695215606689455
4.712096379995346
4.738567851781845
4.7769765174388885
4.951074126958847
4.984281458258629
4.638133198022842
4.696170343160629
4.621427246332169
4.8171346521377565
4.701807256937027
4.743161675930023
4.895937238931656
4.956294220685959
4.618314471244812
4.84088638663292
4.773539338111878
4.699839899539947
4.82926300406456
4.744978278875351
4.814640321731567
4.579313504695892
4.682741191387176
4.862933384180069
4.7058941423892975
4.650382134914398
4.816162576675415
4.757834848165512
4.81376608133316
4.850681482553482
4.782315496206284
4.588398708105087
4.828112157583237
4.49262777209282
4.8015014576911925
4.714104449748993
4.830913690328598
4.804915276765823
4.826278727650642
4.711279617547989
4.729397794008255
4.487397965192795
4.726756471395492
4.58396656036377
4.6508637773990635
4.601681813001632
4.635288147926331
4.598681337833405
4.701733136177063
4.547140846252441
4.776406841278076
4.556734815835953
4.6227612221241
4.5657658505439755
4.640454849004746
4.632512703537941
4.929626226425171
4.642299193143844
4.640578095912933
4.730917819738388
4.621978896856308
4.529341405630111
4.761545770764351
4.585430802106857
4.762702503204346
4.780103344917297
4.630138374567032
4.604649088382721
4.5741573131084445
4.6538617026805875
4.707389299869537
4.855938736200333
4.622802191972733
4.70710973739624
4.657661266326905
4.546380282640457
4.47521950006485
4.4912408459186555
4.514003000259399
4.743381459712982
4.616539170742035
4.753710974454879
4.37185707449913
4.541684415340423
4.783610461950302
4.5356842184066775
4.485501066446305
4.563881464600563
4.605886048078537
4.66538670539856
4.687554783821106
4.727364876270294
4.573431527614593
4.620359621047974
4.553978080749512
4.85597280740738
4.73778660774231
4.764819459915161
4.63310470700264
4.728255455493927
4.506747250556946
4.583659634590149
4.768765668869019
4.452998498678207
4.547383946180344
4.5795914328098295
4.663884180784225
4.766561346054077
4.673390700221062
4.7303292167186735
4.664000842571259
4.702992765903473
4.446876604557037
4.547106821537017
4.64084854722023
4.622506642341614
4.501460431814194
4.562020789384842
4.471518932580948
4.322436790466309
4.509192341566086
4.441995475292206
4.655567827224732
4.707913559675217
4.71925539970398
4.588713257312775
4.4700741505622865
4.443608906269073
4.55962532043457
4.505792520046234
4.383984746932984
4.403708955049515
4.500537668466568
4.464155712127686
4.544329525232315
4.646400852203369
4.463819899559021
4.4787688636779786
4.5076651263237
4.643160951137543
4.334771777391434
4.5856542146205905
4.541298662424087
4.304302167892456
4.601450001001358
4.382514983415604
4.536149644851685
4.683491084575653
4.457147915363311
4.348708876371384
4.307286751270294
4.411529307365417
4.391608655452728
4.502074157595635
4.617113075256348
4.465861492156982
4.559804426431656
4.297327600717544
4.42729331612587
4.476870386600495
4.721811164617538
4.32093991279602
4.550523678064346
4.55821402311325
4.46673889040947
4.442100751399994
4.401290779113769
4.582571750879287
4.269112684726715
4.609118148088455
4.466562153100967
4.364264326095581
4.514327714443207
4.480296651124954
4.369704165458679
4.2613208913803104
4.431605495214463
4.681265798807144
4.448235402107239
4.402675602436066
4.181139892339706
4.560067069530487
4.5443364119529726
4.618678396940231
4.421245963573456
4.350883655548095
4.323523514270782
4.499648826122284
4.4165048193931575
4.3470515179634095
4.483494330644607
4.400168510675431
4.3853929221630095
4.6042502498626705
4.4657262468338015
4.4069554340839385
4.608575237989426
4.588969340920448
4.355790430307389
4.5351661574840545
4.522927083969116
4.5780484735965725
4.611469187736511
4.482022353410721
4.656094599962234
4.400807189941406
4.4932512080669404
4.555169525146485
4.378208519220352
4.7308610248565675
4.427933993339539
4.4522526848316195
4.428799993991852
4.3644321298599245
4.367362289428711
4.42516784787178
4.445412718057632
4.305425264835358
4.5351683866977694
4.32294949054718
4.36607007265091
4.4346407806873325
4.2834170937538145
4.423397731781006
4.492486917972565
4.4314013409614565
4.466584632396698
4.567263296842575
4.423927972316742
4.463215701580047
4.425255328416824
4.6124879586696625
4.507170338630676
4.555228750705719
4.487366595864296
4.414298628568649
4.537213201522827
4.3664529061317445
4.362569169998169
4.590150122642517
4.437093429565429
4.4516151487827305
4.3147305285930635
4.282150238752365
4.399970672130585
4.380453714132309
4.443222059011459
4.491926373243332
4.494266120195388
4.654836189746857
4.535369888544083
4.3992683744430545
4.181445928812027
4.284646540880203
4.434135185480118
4.414067608118057
4.5257586884498595
4.424114363193512
4.348679600954056
4.222575099468231
4.438994147777557
4.478238849639893
4.390683091878891
4.372463022470474
4.165266715288162
4.545149101018906
4.356539365053177
4.617197785377503
4.38977884888649
4.424220813512802
4.360561256408691
4.239919409751892
4.220449842214585
4.2979182326793675
4.56104163646698
4.549176449775696
4.344817776679992
4.358890572786331
4.230664457678795
4.2483689093589785
4.465245767831802
4.6528648912906645
4.506809068918228
4.293315225839615
4.14243657708168
4.207308208942413
4.507329212427139
4.284984194040298
4.403232144713402
4.379098800420761
4.413835289478302
4.485866537094116
4.474179545640945
4.374514648914337
4.359735012054443
4.379770383834839
4.303753263950348
4.417039567232132
4.291631838083267
4.413092377185822
4.212846270799637
4.176818853616714
4.423573620319367
4.523454372882843
4.448534446954727
4.2637224757671355
4.493830481767654
4.217166193127632
4.484334312677383
4.286707787513733
4.232648292779922
4.2993031811714175
4.305875196456909
4.329592089653016
4.138018577098847
4.300537505149841
4.4255976438522335
4.357362771034241
4.361899555921554
4.337576256990433
4.58869393825531
4.42135974407196
4.4388947474956515
4.416351715326309
4.428896859884262
4.183788809776306
4.303182731866837
4.3894981610774995
4.156542875766754
4.287890753746033
4.392125016450882
4.35404112815857
4.239168182015419
4.189185053110123
4.105916285514832
4.415316147208213
4.242272761464119
4.353888967037201
4.257796717882156
4.305019537210464
4.285993001461029
4.206115679740906
4.356043275594711
4.374336575269699
4.302787531614303
4.204408742189408
4.3904274725914005
4.275618512630462
4.273026572465897
4.195072566270828
4.481034806966782
4.255476989746094
4.325138890743256
4.340565118789673
4.319995884895325
4.203652676343918
4.279017391204834
4.096460585594177
4.21112602353096
4.572181223630905
4.260042221546173
4.336239417791367
4.281638553142548
4.307284829616546
4.294313172101974
4.222575299739837
4.181129149198532
4.270620585680008
4.402970823049546
4.238845471143723
4.323755281567574
4.087934374809265
4.259976450204849
4.469315185546875
4.150379720330238
4.180170040130616
4.224135829210281
4.3171544051170345
4.23163046002388
4.189201090335846
4.256598198413849
4.129850609302521
4.204086997509003
4.161756467819214
4.160214038491249
4.357118221521378
4.237895641326904
4.311172153949737
4.295207957029342
4.244338444471359
4.417882897853851
4.283265900611878
4.255628235340119
4.446851004362106
4.367280948162079
4.222364372014999
4.303102968931198
4.350304030776024
4.22749742269516
4.47911684513092
4.309200545549393
4.383099105358124
4.196300106048584
4.226951979398727
4.083083707094192
4.215175104737281
4.405320888757705
4.322652205228805
4.195608053207398
4.403953443765641
4.244641777276993
4.177900608778
4.309941053390503
4.2138142335414885
4.440794054269791
4.301108937263489
4.207570637464523
4.353297415971756
4.217116005420685
4.07903499007225
4.289368796348572
4.1457324993610385
4.141550405025482
4.268354535102844
4.320725487470627
4.293497358560562
4.439742716550827
4.518283648490906
4.175392550826072
4.1614911961555485
4.226132019758224
4.092796229124069
4.043252090215683
4.192144873142243
4.325918669700623
4.214672418832779
4.064501816034317
4.1395381504297255
4.240973674058914
4.290951282978058
4.279978827238083
4.356761022806167
4.014251220822334
4.065531908273697
4.240066833496094
4.229307416677475
4.105178505182266
4.1981430745124815
4.341180349588394
4.200262774229049
4.184708728194237
4.185940794944763
4.151469262838364
4.288253699541092
4.272448179721832
4.171872994303703
4.336710889339447
4.056990373134613
4.137946753501892
4.146655876636505
4.129188438057899
4.140832618474961
4.093580095767975
3.9170299577713013
4.35346261382103
4.202375206947327
4.0832841992378235
4.132160516977311
4.119239510893822
4.147416889667511
4.238411066532135
4.270002191066742
4.293895064592362
4.24065935254097
4.255391763448715
4.133627899885178
4.268136345148086
4.27458698630333
4.302842556238175
4.067789452075958
4.11093735575676
4.2829408514499665
4.059349156618119
4.065004506111145
4.305141763687134
4.250623689889908
4.124220029115677
4.045034554004669
4.123431105613708
4.1928045165538785
