130955431.38709678
128361670.5483871
121122811.48387097
109316299.27419356
96410619.90322581
83285809.11290322
70334276.0483871
58096038.11290322
47202475.90322581
38015799.03225806
31163399.16129032
27254505.802419353
26016611.16532258
25790822.524193548
25653308.697580647
25555532.629032258
25401384.919354837
25245793.46370968
25084604.56048387
24944440.798387095
24788518.89516129
24639673.54032258
24510372.032258064
24389823.93145161
24261035.846774194
24160195.01612903
24047273.241935484
23945254.403225806
23845230.93548387
23753666.379032258
23664511.995967742
23576304.701612905
23496210.782258064
23432710.008064516
23338507.298387095
23270494.076612905
23201806.927419353
23138764.81048387
23074062.25
23033664.826612905
22980843.741935484
22924890.633064516
22912600.70967742
22841690.18145161
22812927.93145161
22770659.572580647
22738128.245967742
22691942.97983871
22669141.870967742
22639437.72983871
22618439.56048387
22595146.29032258
22563682.81854839
22535554.47983871
22498656.754032258
22483482.850806452
22455132.41129032
22438979.125
22414695.471774194
22392578.58870968
22371929.705645163
22356898.330645163
22333644.70967742
22317565.975806452
22279577.44354839
22270987.43951613
22247466.06451613
22219867.008064516
22207238.778225806
22183565.64516129
22174985.375
22178880.794354837
22145330.93145161
22128135.21370968
22100641.60887097
22085387.55645161
22071070.85887097
22038681.16532258
22043535.866935484
22020829.153225806
21990670.008064516
21989378.475806452
21976686.782258064
21974233.31451613
21930276.237903226
21915717.092741936
21914308.625
21878308.56451613
21867036.282258064
21865280.201612905
21830614.66129032
21820775.866935484
21807215.100806452
21808341.802419353
21789793.657258064
21763419.68548387
21745878.701612905
21737076.447580647
21706771.741935484
21698298.850806452
21702530.46370968
21669885.02016129
21659285.951612905
21647748.06451613
21624222.64516129
21622716.30645161
21605131.899193548
21592203.18145161
21559561.278225806
21544736.83870968
21527142.31048387
21498733.451612905
21512222.33467742
21490743.427419353
21480878.842741936
21467501.620967742
21445996.298387095
21426609.379032258
21416305.53629032
21417186.217741936
21390341.366935484
21367401.100806452
21358407.366935484
21333056.375
21334713.70967742
21324775.826612905
21309861.43548387
21288547.330645163
21285815.70967742
21252035.71370968
21250697.51612903
21239317.245967742
21211249.45967742
21214820.758064516
21203264.197580647
21176048.97983871
21168259.774193548
21146716.81048387
21138300.157258064
21144616.012096774
21119575.491935484
21116745.43145161
21097844.85483871
21069330.782258064
21051686.97983871
21049584.75
21039188.467741936
21022641.548387095
21008863.467741936
21000061.33870968
20979844.592741936
20971474.68951613
20957254.370967742
20968031.27016129
20925889.701612905
20921523.294354837
20909800.802419353
20895334.120967742
20872231.282258064
20864336.576612905
20876906.14516129
20858513.383064516
20819624.23387097
20836363.43145161
20802465.60887097
20802372.75
20788361.16532258
20777740.08467742
20749666.20967742
20756978.44354839
20727536.31048387
20728612.60887097
20725119.68145161
20707614.245967742
20690080.423387095
20670395.862903226
20658349.782258064
20667208.197580647
20644108.467741936
20630311.33467742
20609512.05645161
20610174.54032258
20598089.58870968
20582422.08870968
20563676.35483871
20560674.221774194
20546955.89112903
20545338.64112903
20520760.80645161
20501496.048387095
20500526.322580647
20523015.41532258
20482581.64112903
20474440.33870968
20480314.076612905
20447094.89112903
20429923.66532258
20434286.60887097
20430277.379032258
20405579.399193548
