35.605422243607784
8.147698070095704
5.896863112407448
5.33154878574135
4.953548248362752
4.666715367177947
4.4062516198749035
4.182353628420197
4.000599792573304
3.8322989381520096
3.690173442384838
3.563309294460094
3.4632315387768027
3.3463201153594837
3.2537632732264763
3.169928380873351
3.0988981127738953
3.0314602456261626
2.964429447081237
2.9095133880598354
2.8555562786296407
2.80215028165716
2.763578846918798
2.718256090067129
2.6792515605951834
2.6356696607792274
2.6030212292629007
2.5728397015976694
2.5443176999028805
2.5159413904215384
2.4928466176564714
2.4684702448085347
2.447568097473246
2.425980928724846
2.402021253530958
2.3840979313955897
2.366643474165317
2.3441710962658435
2.3392144394131886
2.310711439204427
2.298419420961785
2.2845310716502434
2.267403381588185
2.259600751167905
2.2445484534301587
2.227994012094177
2.214396459338939
2.210781893635218
2.1955534264577174
2.182973351098795
2.1714555547300693
2.1645926503481063
2.1492575989887777
2.138527514660253
2.132871113519753
2.120306023454244
2.112215261280009
2.098151271849607
2.089725028097102
2.0808541500462896
2.0764962128833333
2.0665042584976265
2.054505818713028
2.0440968573093414
2.0336603894170406
2.0320423519716853
2.0218474469353667
2.0097975562104082
2.003168357684549
2.0074301472807354
1.9906562329393573
1.9841566304717444
1.9789549608146195
1.9703544847733152
1.9591053837696009
1.9524759605395055
1.9517816059884772
1.9431501576858283
1.933133798626672
1.9257544265911641
1.923659905659414
1.9183133070447804
1.9104177028731961
1.9066124555811417
1.8933487587270483
1.8915439983912274
1.8829078811459836
1.8826662185972771
1.876493534419389
1.8691989484086502
1.8652241960563491
1.8648695974750857
1.8542961478233337
1.8484659200221036
1.8423886787047428
1.8340686583413488
1.8355836541251798
1.8213574530276577
1.8191023737983365
1.8148673079182616
1.8089037796037386
1.8115808647290794
1.8008968257798559
1.8008260415718618
1.7951097129720501
1.7887486865562676
1.7803221640333664
1.7758508654294816
1.772219293412909
1.7663254131258062
1.7649868106947535
1.7591120669272093
1.754713672188531
1.7460696581190667
1.745086762757428
1.737680586302175
1.7419490099480721
1.7302670613326858
1.7305352410911459
1.7223270965360962
1.7236619509954367
1.718145681957228
1.7130652093781835
1.710538211649498
1.6970593325332202
1.6949240467717162
1.6921671338840925
1.6865705454771498
1.6859012763057135
1.6809813662440376
1.6826894879341125
1.6761923485097632
1.6713630543873372
1.6710004131350897
1.664700982844935
1.6556020677089691
1.655148404889402
1.6487674473133762
1.6422706177804323
1.6396450613979745
1.638529885922913
1.6351176241857817
1.636218775426392
1.627835659062968
1.6193901469222212
1.616600469677849
1.6202525446372749
1.6150687484614616
1.608393961613157
1.6070062349327898
1.6046936680785322
1.601090837368923
1.592234423202751
1.5998953583493698
1.5881451568772307
1.5867227714146133
1.5855622310026558
1.5828536878117418
1.5772261084181018
1.574057547919518
1.569885562742706
1.5703603372109676
1.5693473465147272
1.5631983739084903
1.5532671782822736
1.5529675692056133
1.5527378613442446
1.5490876979532495
1.544213910545923
1.541251635920685
1.5403625899184066
1.5315144394351319
1.5289371287928217
1.5283426455164377
1.5203522029703698
1.5249447200150616
1.5263413103808343
1.5181740118866474
1.5025388608991572
1.5070190548369315
1.5037570624752383
1.501514804837978
1.5034398695008944
1.4945211173158832
1.4943437818932321
1.4876373850666316
1.4893951640192387
1.4794972639168258
1.4827180330732228
1.4754140812211332
1.4793928357879673
1.4708890239749335
1.4664582705075762
1.4637918187453685
1.4593809639985582
1.463370057861362
1.4558318473596488
1.4489629213261392
1.4482175045836287
1.4479159773451038
1.4452253659214593
1.4385620920004043
1.4366927822079278
1.4442142978706192
1.4357936638118947
1.432016273251677
1.4293099000918126
1.4254924644411138
1.4264014102188887
1.422999587997926
1.4152375665386165
1.4119016114061913
1.4123411677052489
1.4088231420094988
1.4105018751811138
1.4069433085686338
1.3989814543618566
1.4002800306915182
1.3942716013541263
1.392786732025906
1.38924397383116
1.3897413424158518
1.3797288456585555
1.3842050615137658
1.3792804511247483
1.3782775404706467
1.3786810586410285
1.373505317004381
1.3669132919965592
1.3637805103728202
1.3648800607276175
1.3615952542925303
1.355953080200516
1.3518593282298703
1.3515544612850763
1.3540916638036744
1.3486863179544433
1.3510197598849778
1.341880570998234
1.3443828029970153
1.3417044440201953
1.3361757508421366
1.3338138099792785
1.3322018184493074
1.3266636578910118
1.329142935244383
1.3289370684497124
1.324258325374232
1.3218997421517837
1.3306100186520973
1.3136673585503502
1.316323421697701
1.3135085583260628
1.3087882990330721
1.310541858979031
1.303461981030692
1.2997492042790473
1.2998060686925872
1.2999164090219852
1.2968829013077559
1.2931034980358276
1.289531241212271
1.287515728083332
1.2883650293919893
1.2860135457157034
1.2788957600044992
1.2829355056834433
1.2904032073189726
1.269572046741975
1.2763165192002743
1.273683338566164
1.2679606462474418
1.2611429485599552
1.2636257861040334
1.2654959475044656
1.2543313181505793
1.257441330008802
1.251449008826661
1.2518675729500508
1.246702669996076
1.2577535043248034
1.247750845630612
1.2432856723270584
1.2400724178394384
1.2419245604392701
1.2371317111285387
1.2394711814359225
1.2472611194954508
1.2345134850624389
1.23100687998586
1.2250439485089968
1.2234088161350352
1.2228140630553255
1.2172899043138048
1.2192859797351128
1.222720771368626
1.2137896088899764
1.2115248235981022
1.2119691427302572
1.2132825740670736
1.207655301663728
1.2049977175429858
1.2001110460378428
1.207839104190337
1.1983828763518714
1.1985533954822911
1.1945181027450393
1.1922012034770662
1.1944499685701016
1.1948199541167874
1.1908719790192832
1.1844758997976252
1.1798696196184748
1.184871149405969
1.182897074296411
1.178834630852252
1.1820195224960293
1.1684069709967724
1.1717459079438606
1.1656261900093703
1.168229459661298
1.1689687417408006
1.1647568843533507
1.1676845798450233
1.1596380102950914
1.1567540654038961
1.1592218327311288
1.1519968538685184
1.1518605437162703
1.1575448085776472
1.1474027016521555
1.1458003217667605
1.147718583060577
1.1422761267265387
1.1432044400578052
1.138412909433905
1.1375030379379745
1.1319083616269374
1.1328069632296014
1.1381269034031218
1.1274590779722264
1.1322632569127378
1.123510100013387
1.1225685060551736
1.1221028754932691
1.1195512851782605
1.120989998753092
1.1139095378133048
1.1136298687320896
1.1143073529268788
1.1116914221670775
1.111412826101337
1.1115102319590813
1.106573500464448
1.1108354637316897
1.1022712308748635
1.0991257787805744
1.0996624430460213
1.0954033748238488
1.0938945481207518
1.0874922580159871
1.0937344653416523
1.091908835863645
1.0865712632647657
1.0839927532767828
1.0886016129392437
1.0866776938195777
1.0806587356909187
1.0764033425170763
1.073900926165876
1.0691057496366247
1.074661799500474
1.0692926127035005
1.06459763026343
1.0674632613637807
1.067265254997574
1.060293367346831
1.0619935891797057
1.0592408206610553
1.050886607671206
1.0550597658199548
1.056865374994489
1.0535926346757771
1.053705361696471
1.0528784242615234
1.0490810654859628
1.0429712685599792
1.0423992294653328
1.051642246346558
1.0415160143006164
1.0372169550541228
1.038865131746351
1.0348579759618877
1.0383085998813664
1.0332764028447918
1.0317857667671895
1.0265599315145375
1.033162052784346
1.0276432315596438
1.0244681808800824
1.0236379154751787
1.0230446544896186
1.0172564368859855
1.015060020495305
1.0141497192393363
1.0133232003555888
1.0128643893826323
1.0121880495442754
1.014085062309704
1.012780825516819
1.005903247579009
1.0098328378084487
1.0010514035161617
1.0124534799725609
1.0002990462611208
1.0010940026392978
0.9999736699119078
0.9980197948428382
0.9981224455137169
0.9925714500446235
0.9876410953239002
0.9885452631036792
0.9833899768052903
0.9839760620245891
0.981337119915844
0.9785501785510409
0.982579486823715
0.9802997581726682
0.9801346928672453
0.9732700662802806
0.9809732798453981
0.9745472267401957
0.9784324439489736
0.9688410732598431
0.9718030221694338
0.9660491344675554
0.9627894388627162
0.96054765146918
0.9660740117583655
0.9648251661420923
0.9571509449619108
0.9596568364485175
0.9552749044599786
0.9504918060471527
0.9556699226387834
0.9548372230698577
0.953456715276811
0.9538732330619761
0.9466921222948395
0.9500278717121192
0.9487220476158952
0.9398900240132239
0.9397580709341353
0.9452458994578471
0.9371600107545346
0.9428188890482472
0.9360553173892265
0.9438044716299108
0.9351122333148939
0.9338403150307394
0.92980519227222
0.9279423129242078
0.923018401043605
0.9239271178973459
0.9260188983341234
0.9229548473273759
0.9200182539963089
0.919814712442128
0.9158932124882673
0.9190031345439168
0.9123317617758185
0.9160746610270137
0.9092338388472532
0.9136932326101623
0.9072060526999752
0.9140703829780089
0.9037160608357033
0.9053062956153819
0.9040239664305628
0.9009482955510637
0.8984932532880159
0.9006231664556318
0.8969226120847517
0.901236536756026
0.8989278413025679
0.8987443734586766
0.895759036187577
0.8933311803678495
0.8908139356469686
0.8861888892355219
0.8871758189876523
0.889643229214491
0.8935287084463424
0.8821155488227321
0.8786339856090799
0.8799268960689022
0.8783432117341894
0.874095877187442
0.8763425980521514
0.8748445745590514
