4.890466071243556
3.137001205727739
3.001213109718179
2.8982126622829796
2.804452674568824
2.758489338856823
2.7111511908049852
2.6406473579271785
2.638899693511567
2.588492512702942
2.5743005017064653
2.558929239241582
2.51169572236403
2.5083664807508574
2.4977748540212525
2.477824380375304
2.4447882242922514
2.444845536407435
2.413034754541685
2.401072826587929
2.3970739200430096
2.3833200166810236
2.378875177142755
2.3775707696968653
2.3570261518910245
2.3415830883215056
2.3291096872878523
2.320031997730147
2.3235188683248915
2.3008072185066513
2.300048779204207
2.3140385089055546
2.2824930638637184
2.279219625693447
2.269599972468502
2.250007932478527
2.2793934238406846
2.2463802110474065
2.2555891058917314
2.2350765819538316
2.2395476350244485
2.2118446278684543
2.215719650938826
2.2282964767150157
2.2087485593444898
2.2095267705197603
2.204038900024486
2.215519810622593
2.20478677131095
2.1802576549772947
2.181310177973981
2.1802024329608343
2.177140755473443
2.1737655648645364
2.1729535156825803
2.179438496535679
2.1663095827372567
2.14950016084707
2.170051247443793
2.133682871764561
2.1623791804853476
2.1314221345028788
2.1299829117532045
2.118552506532309
2.14784200911252
2.118211089440112
2.1211093256496034
2.1137938876197024
2.105322684881822
2.1109336564001047
2.125747893216475
2.104501581979248
2.0887207467600986
2.1060324190360196
2.0950615268270925
2.08972767276584
2.0690837345033324
2.0833022532598027
2.085637058289546
2.0789772221502267
2.0829779120548717
2.0632770837477916
2.0799502966538914
2.0566250861815685
2.0651042911241637
2.0592421152681673
2.0430362124593473
2.0507261308858977
2.046874023271057
2.0388273520852036
2.0609054801599034
2.0319419992419907
2.023358086088918
2.0258306548842846
2.027474840575794
2.0498429832031144
2.0318119213828503
2.01588870107003
2.0184822588596703
2.0004716866983556
2.0205576796576663
2.0073676103690885
2.0046475681493865
2.002351814283515
2.002321666141726
1.9896316362439461
1.9977544650154293
1.9900142336791415
1.9903860041555368
1.9942543512245394
1.9817800440315931
1.9932584953757952
1.9970170818972137
1.9893369005536132
1.9667932385543607
1.9836065631430104
1.9791220853913505
1.9796076090830677
1.9662696527984906
1.9527094833693415
1.9633191570920765
1.9586863655526683
1.9585239814137512
1.9486477155730408
1.9535981785013992
1.9609034078301124
1.9501512486417338
1.9500523299541113
1.941980943927225
1.947921778233546
1.943745695757416
1.9321267565466322
1.9405530079636935
1.979624738670745
1.9524638402574468
1.9307465960956969
1.9309555252767958
1.9425780382358804
1.9292438693766325
1.9265848496612512
1.9503186080815658
1.9235973228823464
1.9272002948904938
1.927447113226045
1.9041513191922657
1.918556347208203
1.9239368613036174
1.9170179265849996
1.9042934717715911
1.9133959080813066
1.906366471130893
1.900294690199618
1.8978256465129133
1.889180748811308
1.9050279706716537
1.896544949344869
1.8929028235516459
1.8828739692580025
1.8969211671149955
1.8818588532366842
1.874773014828844
1.8864213329441142
1.890683335234534
1.8725354609624394
1.8851358412571673
1.8756010689825382
1.8780222495771803
1.8803210812357236
1.8720328734730773
1.8723374231244034
1.8863504627403223
1.8734344651676573
1.8560860783986326
1.8716947520678897
1.8711020853721871
1.85894856672242
1.8606051645188961
1.8665777329566344
1.8534558229851272
1.8730392427939289
1.853532555530656
1.8456255802006092
1.843551812025736
1.8582504661578052
1.8692576480361651
1.8414573832502905
1.863572082429562
1.8491253341143985
1.8380230496514518
1.835862270503674
1.8360738332541484
1.8430168122615453
1.8409641351339951
1.8384833231849491
1.840671548584722
1.8420429673959624
1.829000104148433
1.8293225874878325
1.8355706297564056
1.8162729928515993
1.8681609594034698
1.8366520382323355
1.8250856973090261
1.8141834811781936
1.809031051003708
1.833170988087384
1.824931337304835
1.8193101084457253
1.8157086209306177
1.825448012295759
1.8118236511945724
1.7960915748240813
1.8329495368701108
1.804298128440695
1.812972015648518
1.804132270081988
1.8290235835988566
1.802763729162936
1.7897304569212895
1.7985657726256352
1.8133726018779683
1.805184637600521
1.784322385518056
1.8041640489168886
1.7885844493811984
1.7924491451034006
1.798371304599744
1.7834966815305207
1.7729674186908975
1.802795574631331
1.797367905389588
1.820566030043476
1.7737144223361645
1.7708587491849683
1.7902313254351885
1.7911281512593322
1.76562144958748
1.7710809229679827
1.767984445927278
1.7745851317666612
1.7745979006560344
1.7807070185553353
1.7859391283314183
1.7867806823748462
1.770404431898639
1.7747408612719122
1.7728171241733264
1.7595181796910628
1.7590925768017769
1.7512299542157155
1.7585885783411421
1.767496553794393
1.7592025053388667
1.7485579564323965
1.755040683555153
1.7552873520356305
1.7533038863033619
1.763263708296812
1.7453048097075157
1.7534446674135495
1.7367548473038763
1.7486423366474655
1.7452360866767056
1.747567982606168
1.744352454284452
1.7314282835654493
1.7396501201503682
1.760067694029718
1.74540439669816
1.7421695963954025
1.733096920656708
1.7336956211980783
1.739331358446265
1.7485140407422803
1.7326100541735596
1.7300805567570452
1.7350877059518166
1.731463278801936
1.7333357620914027
1.7300814929998145
1.7474681465130932
1.731597029937888
1.7152892188081201
1.7135237823679763
1.7232359743343209
1.7409450153134904
1.7316181443209917
1.7220044628066837
1.7187929485204085
1.705402283173687
1.7264203980283916
1.7288523220791008
1.7179162358900286
1.7076510047575213
1.7145104815937438
1.7138205825720194
1.7112782310764745
1.7129579315770347
1.7116670872805253
1.7008671721197524
1.7101850641785927
1.6953906433762245
1.7133975796542078
1.7099090052663155
1.6936296798148245
1.7084172668884385
1.6956400871276855
1.6933916010103136
1.6808451315704382
1.6926038133085899
1.6935817014496282
1.6883129474689376
1.7038226667440162
1.690191590279903
1.6884924527609124
1.6844560686709746
1.709605411538538
1.6869102086660996
1.7153079789483323
1.6980754471612427
1.7059638517082862
1.6714455836786415
1.6888064480615113
1.6950628257022713
1.6704457306636955
1.6851837924628887
1.6918068705302365
1.685154598557724
1.6777674173409085
1.6781016141176224
1.6786223953624941
1.658719097949424
1.678287170405658
1.6831806526993804
1.677543486907797
1.6710344545964926
1.669008861172874
1.6646098064364128
1.6617014520573166
1.6747983550688006
1.6712911688494232
1.675228366452568
1.6738633423481348
1.6664327818830058
1.6649626071723003
1.673094538585195
1.6574656550052032
1.6563007602432989
1.6562840840164221
1.6675480443913981
1.65879332906795
1.6481874174666855
1.6773115399311174
1.650694360991694
1.6546631188325163
1.6680023057280846
1.642425129717251
1.6560115412158787
1.6473394680135656
1.6459031906330361
1.6617242179389269
1.6499848346102912
1.6535653148619633
1.6457190204341456
1.637357310304102
1.654898835802978
1.6388932162860654
1.643501784160452
1.639693999909005
1.6432847369391963
1.6532888117263902
1.6651895361126594
1.6436962296940245
1.6341416224274996
1.640034242902162
1.6348642456643987
1.6287619314103756
1.6299861090363197
1.644118752963138
1.6244938744688935
1.6174686497674797
1.6340703039236788
1.630514659971561
1.6302053467282709
1.6339961155405585
1.6226114847187727
1.630640154739596
1.6178837272356141
1.624280866868091
1.6284419320664316
1.625321887292952
1.6144689844464355
1.6250587580901272
1.6158836244974497
1.6066906055751837
1.6121735122968566
1.6185095979357667
1.6100194642566286
1.6146274473307267
1.6180826464913927
1.6107610807103931
1.6130448678192102
1.6192481950768884
1.6067228283522264
1.6003966362408872
1.5955045226047624
1.6057288281197817
1.6134729163264327
1.616120014269397
1.6183942924692947
1.6141255171793811
1.6076517718018226
1.6080087788824766
1.6054810302437477
1.6063289240283787
1.5918168051625199
1.6040134550827854
1.5991475666468997
1.6053361473780758
1.6048165188645416
1.5963796363124307
1.6301460440428752
1.5859187790807687
1.592912935142247
1.6125788224755593
1.5988271860581524
1.5996801099687252
1.6011737655356246
1.5930425460046191
1.6011687913593255
1.5995771839933575
1.5820272427122548
1.5896404489593685
1.582959511370029
1.583428310616961
1.5787956787730164
1.5905601967055842
1.5914356610122717
1.5878670589541488
1.583323154247032
1.5852796663090867
1.560579759332369
1.5794357525290184
1.574050782424099
1.5717814921770457
1.57886917523618
1.5714880228042603
1.5764908706242184
1.5905155342704844
1.576106240726867
1.5661843002967115
1.5815755916091632
1.5759712806287802
1.569165030740342
1.5712135957097106
1.571854776650105
1.5770508540126513
1.5749484522725052
1.5601736667021266
1.5669557963902097
1.566114163623666
1.559919537238355
1.5624742434834533
1.5645298091870434
1.5675737514810741
1.5769923455872625
1.5625596594698024
1.5800656695973199
1.5566581079982362
1.570925793557797
1.5564944721617788
1.560600315343659
1.5600700268767915
1.5613068527770493
1.5476847822373767
1.5672242121314102
1.5735209890693989
1.53697706337245
1.5561318150106467
1.559522904315085
1.5607796915859546
1.5445554404045052
1.5388987997792802
1.5490762428292688
1.542131610917595
1.5514243835548185
1.5463596666758914
1.548164208261472
1.5497897942111176
1.5470794661427445
1.550033007590276
1.5411863506964918
1.5490710341705467
1.5401307991090811
1.542308065407681
1.543486255800949
1.536952647679257
1.5515152713600195
1.551914929500166
1.5397803699070554
