9.396950610971029
4.9793882169554715
4.400068482993978
4.043046304609923
3.7988500120365516
3.6072158138308903
3.446844488118602
3.3396257040774926
3.2255027273059946
3.148570081301495
3.075710117816925
3.0173865192759353
2.956286031587989
2.9129140324297205
2.8676989969954025
2.8311269879341125
2.802260058116069
2.7704732687072418
2.7379797981903615
2.709661906799384
2.6848577598554897
2.651601779777392
2.624918959837044
2.616425430352709
2.591322039080932
2.563900078819916
2.543636198064922
2.5386145816440076
2.509644542647674
2.5003054178921524
2.477485617705151
2.4633086867037073
2.4375414494919565
2.4285458521505374
2.4112138510805314
2.4086787352519754
2.3819306825114563
2.3809284451788506
2.3636456770179546
2.361613769446854
2.343204002464767
2.3269802221154743
2.3209521770477295
2.3153181287039697
2.294452033475437
2.2869678297929004
2.277124326840966
2.2624615773690486
2.2684186702280975
2.2626323779072384
2.243489565047543
2.232753077966977
2.222640210548333
2.2242343336080026
2.216488068610166
2.195218853454674
2.1938860922788095
2.185659921011039
2.192660868695352
2.1675617283424446
2.171843538505841
2.1676061897151238
2.1486507849355716
2.147998472758099
2.1627754911912227
2.131176991800291
2.127249450018976
2.118545747963728
2.121998815409905
2.108065155755102
2.1021099776293326
2.098182470661349
2.0953047262356344
2.094337580478297
2.0751638747422043
2.0771977521676934
2.082947510533628
2.071758950178602
2.06349926079269
2.0634276262954274
2.04366734122808
2.042331821623102
2.043242645738399
2.046807887279882
2.027552431663581
2.0352155819403386
2.027555573566825
2.019182149551611
2.013224334315916
2.0142470432066286
2.0232127116317242
1.999699285863775
2.0020985107506273
1.992651300092714
1.9970100324238296
1.9932092375459924
1.9902857774126845
1.9863205417595078
1.9702987554853997
1.9674827838893485
1.9699463865398306
1.9541653204808194
1.950233491648615
1.953097166213314
1.9541017136215109
1.943997636833022
1.9491269116380574
1.9391855895519257
1.940227504325124
1.9352423113531771
1.9386980449203897
1.9309884755484825
1.9284820635761835
1.9205297110355006
1.9260225818220493
1.9129360188952589
1.9136217342013806
1.9018369765408272
1.900427646341577
1.900369323724139
1.8935177679610464
1.9009695622773297
1.895177198458562
1.8957181512254528
1.9006022776650116
1.8782702246598437
1.8920927659600182
1.8683422450470712
1.8818434832897861
1.8689118006588084
1.8660763172449264
1.8616250028124952
1.8524769122621654
1.8559993349872859
1.8492172289211137
1.8609771654669163
1.840900372087428
1.831908631641253
1.8549592940680748
1.8320469241754143
1.8490086044885417
1.8294038398075947
1.839766800403595
1.8266952285724403
1.8264682121508944
1.8188709885673184
1.8293491359305594
1.8073703314350769
1.8193935208616003
1.8162479152721642
1.8067571555091217
1.797311040416228
1.7987949513228594
1.8165382655848443
1.7958625301850581
1.7968109537542394
1.7844697463828905
1.7930355000812395
1.8000472886899932
1.7892052802891858
1.779211571786256
1.774158603585927
1.785230280287498
1.785156238395556
1.770084442554322
1.7710516742900408
1.7604701091757917
1.7806064159469266
1.7827788108745508
1.7544446049538334
1.7558549539705293
1.7603016983618778
1.7660369704254961
1.750903999647208
1.7589080373270323
1.751108885338876
1.7532938128024076
1.7365699584505199
1.751840152044212
1.7484986072620459
1.7373724571898974
1.7356997480434655
1.7331167984325273
1.7388289146191251
1.7290373877086471
1.722351718001661
1.7287380130945054
1.7327703013356808
1.7255144203658652
1.7175198719564793
1.7113864216129338
1.7149173535604392
1.7153315723469826
1.7112606995928603
1.6983356032751302
1.7154448567766003
1.6967948838672806
1.7098727526917923
1.7060787622380045
1.6940494010933733
1.6996427748055585
1.6880547847368021
1.687751872085892
1.6966202522801086
1.6846049396337661
1.6849330331371948
1.6910594161105368
1.6798297802431394
1.6745637146245063
1.674708871978574
1.6744550168514252
1.6760686137507448
1.6688482545118417
1.663981807442893
1.6573610833260866
1.6574923245780235
1.6574632024343035
1.6564696080389276
1.6597572274967634
1.6448961108659221
1.6538456435752127
1.652545930273765
1.6467563066862325
1.6421969912748422
1.6497114836114697
1.6295866473058684
1.644976142233452
1.6452384599014722
1.6269932837612862
1.6490599360086222
1.6317319583840075
1.6269952401650691
1.6357009173494526
1.6269546902812688
1.6374416496373911
1.6225553115384768
1.6281646081304129
1.6224989313467415
1.6191246512189377
1.6205103355171406
1.6099415094451566
1.6309079116424627
1.6060484966873068
1.6228461990841723
1.6073021115982427
1.6093551102465233
1.6231664994121653
1.603871106046491
1.5986123098208842
1.6151443218762895
1.5976854805397775
1.5920099914073944
1.608779425114657
1.587307281989967
1.588921268956851
1.6013551990015318
1.5893329532273048
1.5916106785293174
1.5773586960492936
1.5933577626679851
1.5805748803953155
1.5802120661313555
1.5797175039759779
1.5745634117485148
1.5754733162116161
1.581142710373465
1.5751673544930145
1.5751551452991182
1.5740224228496045
1.559569399441238
1.5611018839135635
1.5845277177549042
1.5755437348796204
1.5573558841658905
1.5539152408595633
1.5536868168716937
1.5535553190032994
1.5482379271920803
1.5582924221469239
1.5561577683001493
1.549321796778029
1.5428947286795727
1.5498248296501362
1.5397377826471244
1.5504692252230856
1.542036778895201
1.5364676764053582
1.5502831566650255
1.545163124535991
1.5405453459351464
1.5335089767401198
1.5261238001089181
1.5312118158403751
1.5311743440353764
1.5289106400667039
1.5270298178744528
1.536630624690942
1.5378059573405611
1.5271148011747715
1.5168040764015334
1.515092052453387
1.5112611089660004
1.5178186381812644
1.5141037167173572
1.5067179891387974
1.5233491086854345
1.5112416105987752
1.5066117246066575
1.5168257479646565
1.5104766501262126
1.5017454938023491
1.507656462952099
1.4918264546225557
1.5031406726457377
1.492716084011888
1.4974699098188264
1.505609980726664
1.5032229507918906
1.4904462710946007
1.496719828749125
1.497309999392096
1.490493009311963
1.4790257336819066
1.4935772875241473
1.4761955658946417
1.497854801669585
1.4743489541311179
1.487547493877664
1.48712819313581
1.477909346861122
1.48231221880533
1.4751159364143305
1.4807442851298678
1.471317748844096
1.483420769197751
1.4834228590526413
1.4679504152947822
1.4661096376655376
1.4764390827807705
1.4607204776422111
1.463185104648624
1.4674783051013947
1.4569965833056289
1.4600234245304513
1.453677424287374
1.4565505976170565
1.456278670414359
1.4699873953266482
1.4513106203712194
1.4526921384102476
1.453074055171646
1.4526767482799767
1.4415466453121826
1.446192063852749
1.4389389492241682
1.437194166194021
1.4394415013030566
1.4275780655113997
1.4384185226090187
1.4438623894104916
1.4366909376287882
1.4507865950597072
1.437672341819358
1.430487025100573
1.4323948516254932
1.4365668958794755
1.4353146647985002
1.444046279497906
1.4249204766433852
1.425869929579507
1.4244927020199531
1.4198196912761283
1.4261354875248091
1.4186112026197721
1.4281208480881378
1.4198364562692896
1.4129219986168684
1.4124783860371175
1.408030689553877
1.4102297143071099
1.4087005041341867
1.4236450606742792
1.405531775898638
1.4172470733127762
1.4074357658360912
1.4029624013774162
1.4036597593695717
1.4046641340297936
1.4055858206959952
1.3924737377504333
1.395012622913428
1.397310340562753
1.3984368899754718
1.3913058277252501
1.3867265392193753
1.3844699216099967
1.3980388483115003
1.389527098794954
1.3876717670828895
1.3921808049214626
1.4071838254422213
1.383042020871576
1.389621665783688
1.3905604376202136
1.3929560569535315
1.3820448963515526
1.3874089651930648
1.3771299891239774
1.367398751784215
1.3876738242343463
1.377735098378848
1.3778697769198798
1.3649907149044813
1.3769411937852876
1.3806308241544571
1.3756529667736155
1.365740147575868
1.3785089510204518
1.3693832190690842
1.3656414161741206
1.3714655358179482
1.3687383482414008
1.3709020131984644
1.370036767911067
1.3589873427310877
1.3543218967661392
1.3584505609706439
1.3527690327800481
1.3615963242750253
1.362886143732915
1.3514435299202405
1.3559420106157791
1.351004711822071
1.3571435519024335
1.362215214334758
1.3466905811719134
1.3535569320737788
1.3607510109390832
1.3471788125755513
1.3484764270550382
1.3423220153930968
1.342470647223228
1.3479135893614946
1.3504584601758856
1.3271257439545825
1.3291462860276213
1.3376450150941326
1.3312473508109033
1.3338669454101968
1.3354296417890397
1.3246942666252102
1.3247756889436098
1.3283645684740184
1.3291831710169801
1.3343552867923163
1.336553975807882
1.3346901451591897
1.327417437217932
1.314123558787118
1.327521602928111
1.3156825586230354
1.310952302892651
1.310311166586074
1.3204322193576172
1.3219457060362385
1.3136990861555116
1.3220440500077948
1.3216504942526859
1.3114833987392156
1.3154829228873801
1.3137112320524402
1.3200511143798321
1.3108345402025543
1.3038552901913634
1.307116870859028
1.305974629600491
1.3011721227548818
1.2987790888389654
1.3043328452426775
1.297791338863626
1.3037139702159746
1.2937299733140828
1.295239916417451
1.2910483002135185
1.3084151146158707
1.2976620083889074
1.3025426507259892
1.2855148560705438
1.2997369199200015
1.2904102011064513
1.288552391054356
1.2844321049947653
1.295112268323392
1.2802243630970473
1.2910082245295027
1.2871466603426807
1.28399723293507
1.2947191780647345
1.2753143769449893
1.277114896647698
