36.52082053220497
10.281070570900756
6.041665502314298
5.2529837421651155
4.857763558063867
4.658365801820215
4.336557693638891
4.144257948083697
3.978507287659735
3.8411609457348876
3.7480110284292474
3.6098527823979
3.5110029578208923
3.4188049362515502
3.344494749352617
3.2688799899704053
3.1991082272439635
3.1307034160730973
3.064114307176392
3.0268641294173473
2.977554980314003
2.929374545812607
2.8837805868319744
2.8397142943346276
2.8187300540366262
2.7750626282309585
2.755225402004314
2.714083050219518
2.691919462298447
2.670701518935977
2.649484661109043
2.624480660793916
2.6085651027706436
2.587909264946884
2.584198833636518
2.567934861160674
2.540104036061269
2.5486581932823613
2.5019822514282084
2.489936170150649
2.4762169454457625
2.4611741681143924
2.454973611629234
2.4552884995937347
2.4360639250503398
2.4193042471723736
2.4156981487319156
2.4020669558700525
2.38480134223992
2.3759876832647144
2.3759102905696294
2.375333712348398
2.3482803488677404
2.331837627404141
2.3394808341872015
2.3151193429838934
2.355055902364119
2.317427193218807
2.3138556069922895
2.296612167133475
2.2824084702527747
2.272601565381266
2.275794600540737
2.262126663102294
2.275214970111847
2.2535996476434312
2.2403872479807654
2.2370509848279774
2.2283833066247545
2.219553783817111
2.2167833205663934
2.210283724766857
2.2047891864236795
2.2033258805859766
2.209648112081132
2.1828514118239566
2.1854453289283895
2.1869816122190007
2.1603554121728212
2.1727944410072184
2.1568719893693924
2.153303360039333
2.14879451101681
2.150457633272657
2.141459237854436
2.1441327333450317
2.1239309516155496
2.1200986375223914
2.1159225145600877
2.1169791064172423
2.1217495287364385
2.0995124153933435
2.106969651748549
2.0959470342352704
2.0840767295855396
2.0979774611176185
2.0803932958054094
2.0728922025212704
2.0667404599909514
2.0932927581499206
2.0536040877396204
2.0588667336499915
2.057351142730353
2.045183817733009
2.045620983220496
2.0453987824466995
2.039576238618707
2.0305382710582807
2.025712375089807
2.022464360549765
2.0220229783148134
2.013453924993299
2.0055086300620495
2.01217161596946
2.0050966638439105
2.0001439272232777
1.9910231204527729
1.9874020193545323
1.9795608970354188
1.983982818868925
1.9903087891497702
1.9769340804163016
1.9712898382600748
1.9728232678377404
1.9625083061884034
1.9575939026643645
1.9555906869892805
1.952459378062554
1.9508158466163672
1.9387864065620135
1.9464139505377356
1.9419547215385258
1.9281438982711647
1.9288852212001693
1.9294330992226332
1.9220593605401382
1.920214184331444
1.9193454157069045
1.9115519183424283
1.910791110598816
1.9084308962776977
1.9107249331361842
1.9056172792641621
1.904472992105304
1.9018107028502338
1.9021439113706913
1.8857806963178347
1.8916998710834756
1.8841270562612786
1.8911587809616666
1.8851487189531326
1.8796048549548634
1.8925637363825205
1.8735003890293949
1.8774644788706079
1.859960267003977
1.8603218675784345
1.8649071387524874
1.8729692554136492
1.856523999628031
1.8536349006418913
1.8401471089642003
1.8544462404723436
1.8379027298036612
1.847447711060632
1.841602493569536
1.8403943195095602
1.8344631425614626
1.832686702035508
1.8268003463745117
1.8283139110173818
1.81465771007088
1.816233420147086
1.8322650309441224
1.8209347814883825
1.8187204222634155
1.8029544620581393
1.8037106934583411
1.7953105663072388
1.7991198953592553
1.792560360060548
1.798132837943311
1.7888929329390795
1.7905043456351981
1.801859309931971
1.7790589537822976
1.7762877913016193
1.7797365340421785
1.7800157230417684
1.7752455259269138
1.7852302547895684
1.7652486517744244
1.773418997818569
1.7779859624943644
1.7653866899463366
1.7504155922610805
1.7563555260311883
1.7509255653844689
1.748052050763706
1.7540500386143631
1.745422900566515
1.7435103086930401
1.7362838854204934
1.7408780109769892
1.7410243797414708
1.7309173157192626
1.738573541899897
1.7323042269585267
1.7335847886103504
1.7200537523571051
1.7230732989198756
1.7163662066999472
1.7143596362955165
1.7129722962964256
1.7144630956199933
1.7210360369030036
1.7062638508823682
1.7092542701734688
1.7024862583515779
1.69988543976028
1.7001108856133695
1.7071862274183418
1.6894258205901902
1.6995386543138973
1.698330839006406
1.6814050888115506
1.6844513950482853
1.6908503571208917
1.6911965521439067
1.6790816921670482
1.6794343309582405
1.6742436542825878
1.6838034127118453
1.6841825260868613
1.6721639366082426
1.6684128712370712
1.6686011074848894
1.6584922977775898
1.6763881751388874
1.6572084609629973
1.654851863687893
1.6652014570416145
1.6599038948990263
1.651917483727887
1.6568493036166676
1.6499817793099385
1.6486898759063684
1.647175799000938
1.650898113003317
1.636503665795866
1.6336644530858633
1.6312727855061584
1.6304597216394712
1.6375503365723592
1.6237851485328854
1.6357887578460406
1.6288479991116613
1.6326441219392813
1.6258192132666427
1.6184012049211647
1.6237976385175057
1.6139812832171063
1.61439474489329
1.6118976237638942
1.6112661386998195
1.6074147370626342
1.603333406572072
1.6072633477314464
1.6021300349033103
1.5981725974465317
1.6016406009219728
1.59990157749293
1.606735494620395
1.5929631360296934
1.5896715071966063
1.5853496674659118
1.5900061082727504
1.579980417804898
1.5830137695906297
1.6163735007340054
1.5885283983540985
1.5799745399996918
1.5781674680282485
1.5796756249553752
1.5804708959921352
1.5744913675875034
1.5674817460887838
1.5764426662112183
1.5717689389327787
1.5599754466763083
1.5679364732976229
1.5552032477450821
1.5586572851774827
1.553390919599893
1.5636109324558727
1.553976981707339
1.5530753442138996
1.542662557425364
1.5411558803522363
1.5531448744378
1.5456908754301522
1.5435342442876887
1.5383196324110031
1.5414299340742939
1.5353886844976894
1.5366105322005614
1.5494273622643273
1.5296154933155708
1.537217859108493
1.5216673376425258
1.5261585473451975
1.521343250319643
1.5288461233085056
1.5310462569853045
1.5227147183328305
1.5140584940617938
1.5236705592218436
1.5242199506962075
1.515833005168528
1.5133206998964526
1.5110643596019384
1.512089692759064
1.5147281376258381
1.5090580582618713
1.5089033555309728
1.503780314944825
1.5093645189168319
1.4973117860983003
1.50202783829761
1.5007387635842808
1.4968764613259513
1.4987951854489885
1.4865141915825177
1.4926250782215371
1.502077930378464
1.491256538427101
1.4916661817510173
1.495432973470328
1.4937495201263788
1.4805657312555134
1.4773573487434748
1.4786108855931264
1.484207403266205
1.4813236029080625
1.4804659263705306
1.469651517440688
1.4651171989598364
1.471982535326256
1.4673201239333962
1.4675991979410064
1.4649471117640442
1.4578653675205302
1.4700396890347858
1.4666645864270769
1.4608692439659587
1.4595766196835716
1.4612845308938116
1.4534143785823066
1.4517929944789634
1.4469621453504518
1.4461117698898855
1.4554333118897564
1.4450401053676065
1.448315494184224
1.442162960767746
1.4391365506738987
1.4500085033898085
1.444673499689912
1.4359563282638226
1.4315342073732953
1.4393338918123606
1.430679181977263
1.4306059575305794
1.4271393322719719
1.4274886379826743
1.4258538484573364
1.420676671882283
1.4275768669146411
1.4253387051933217
1.4137992229101792
1.4198303477100607
1.4167926609516144
1.4263878416902613
1.4171664428036168
1.4324374367605965
1.4092064072500985
1.4069596517760798
1.4065421178655804
1.4094914166994814
1.418067826696162
1.4071251376057572
1.404883809247107
1.4037368410038498
1.3960658812297966
1.4000615296217631
1.3990450886622914
1.3987929829449024
1.4009301957656752
1.3930953493658103
1.3967043966898378
1.3876442512813605
1.3913127802452951
1.3864169483477216
1.3878621016189736
1.38186784397881
1.3858634947605852
1.3756617030726288
1.3815555013013336
1.3929005768501534
1.3733266305248693
1.3718367202102013
1.3855268404168903
1.3754305055118956
1.3792853358219255
1.3847228997158554
1.3671970873508814
1.37404310169085
1.3726694378650413
1.3638826487761624
1.362074595015004
1.3601492474663932
1.3670060924201641
1.3603159911789984
1.360103724418946
1.362909564432108
1.3504125171534296
1.3508588792580478
1.3547596040199388
1.3585106511161011
1.3528004912835248
1.356847588464899
1.3507350255858224
1.343047651620406
1.3523351842502378
1.3532019564003315
1.3461609316884346
1.351101205034076
1.33810223329742
1.3413756053965047
1.342980295700847
1.3394552241518813
1.3356396136981137
1.3344591841945108
1.3357194917944242
1.3299989053663217
1.3299011478446565
1.3277425484837226
1.3298259338117995
1.3223891826170795
1.3236079061368726
1.3274053231162846
1.3250323460911804
1.3162899708972786
1.3228513238564976
1.3175700332196254
1.3203749057819258
1.3214098836453456
1.3198438548254516
1.3167850001240677
1.3144542001328379
1.3137846203907482
1.3161973725512344
1.3209812691751517
1.3137936041040241
1.312668629131227
1.304755963525682
1.3071735595475953
1.308698316790023
1.3001032876518537
1.302060641207785
1.3064973823866755
1.3016515301083618
1.3003650445420787
1.304130588500005
1.293697619494402
1.2983865631076525
1.2907068302046578
1.291505124209062
1.2924272668249202
1.2893618405708727
1.2903585743229344
1.285395344754435
1.281792809940734
1.2934507564553674
1.2790975572787366
1.2822528374644946
1.2802120478085752
1.2786044834076233
1.2724145542619363
1.2774548488405515
1.2680400548116215
1.2678646093831871
1.2722921104363676
1.2693232359751216
1.2731961447675273
1.268697592166235
1.2729501043850522
1.2676087938389689
1.2697568279954623
1.2604988830269508
