5.457953662872314
5.091109117269516
5.360832633972168
5.0849270761013035
4.992005624771118
5.172735574245453
5.435591260194778
4.893097343444825
5.074461381435395
4.8511009180545805
4.77162082195282
4.813775273561478
4.82298946082592
4.714171355366707
4.741633830070495
4.5220677202939985
4.787201385498047
4.61597881436348
4.74068581700325
4.55526750087738
4.611655087471008
4.63557233452797
4.533521596193314
4.4261016285419466
4.623512754440307
4.5664771056175235
4.369557822942734
4.306061908006668
4.486154365539551
4.429147870540619
4.3949834096431735
4.282520588636398
4.210091375112533
4.392988364696503
4.291257295608521
4.331620029211044
4.138909161090851
4.214573590755463
4.230268177986145
4.292514293789863
4.140319340229034
4.219705299139023
4.379360913038254
4.031940925121307
4.051949656009674
4.064055649042129
4.179467542171478
3.9113635778427125
4.030750815868378
4.345677856206894
4.143149046897888
3.992500972747803
3.9085812401771545
4.1631948328018185
4.013936406970024
3.9016187620162963
4.038531787395478
4.061226233243942
4.060982046127319
4.037295091152191
4.0051690524816514
3.8657315909862517
3.9123761975765228
3.9714558732509615
4.135609191656113
4.018911702036857
3.9983792728185654
3.7175686049461363
3.9443428897857666
3.9284343159198762
3.9479843509197234
3.899752938747406
3.8824608051776885
3.703652194738388
3.9454973459243776
3.9022587442398073
3.80551867723465
3.754866954088211
3.7931528806686403
3.761815845966339
3.6824847257137296
3.8416336238384248
3.8148132729530335
3.80508796274662
3.7861598777770995
3.743299947977066
3.7241096180677413
3.6135003423690795
3.608072885274887
3.7796857810020446
3.5929712092876436
3.69322130382061
3.8531763052940367
3.7103318548202515
3.5969023299217224
3.6601019358634947
3.6907331001758577
3.6902051293849945
3.693496596813202
3.5482303541898728
3.5418580055236815
3.6295100557804107
3.9212901747226714
3.5605557495355606
3.564776129722595
3.6435530078411102
3.6721307051181795
3.545055804848671
3.508792316913605
3.608783539533615
3.7884690117836
3.427208008170128
3.6497744303941726
3.364252852201462
3.4442091381549833
3.5113076734542847
3.628502892255783
3.4409065532684324
3.6260819160938262
3.489570659995079
3.452324230670929
3.532573493719101
3.3760496520996095
3.5465215051174166
3.5461985820531847
3.4527707386016844
3.641885451078415
3.647582343816757
3.5106940627098084
3.430049038529396
3.4241231274604798
3.4280076742172243
3.4579789716005327
3.3309925997257235
3.384861732721329
3.45838210105896
3.4951595425605775
3.3851381826400755
3.2904574775695803
3.4027023792266844
3.2991485238075255
3.3632438439130783
3.329670293331146
3.3774312019348143
3.386073570847511
3.458738692998886
3.500858142375946
3.32763924241066
3.3245751804113386
3.221357904672623
3.275200714468956
3.247199314832687
3.267256153225899
3.3622789078950883
3.2880152279138564
3.3783006864786147
3.3143584716320036
3.0754420080780984
3.372067462205887
3.38237651348114
3.2911854088306427
3.24171418428421
3.27866455078125
3.1513191545009613
3.207652502655983
3.3896044075489042
3.2721619212627413
3.362130798101425
3.3292512774467466
3.3293736720085145
3.1111482685804366
3.1825052845478057
3.2210221433639528
3.2485923886299135
3.1774483263492583
3.2000312185287476
3.1320418775081635
3.103205064535141
3.00901552259922
3.072417922616005
3.138342636823654
3.103801102638245
3.2764753434062004
3.1951805245876312
3.068889297246933
3.0137527853250505
3.2783822321891787
3.0842126029729844
3.16704638004303
3.090265645980835
3.227771342992783
3.0494586408138273
3.0603580248355864
3.0908180731534958
3.1333316081762312
3.16056598007679
3.049846492409706
2.945966672897339
3.1138726687431335
3.1282712107896806
3.0789649838209154
3.1032735717296602
3.033723264336586
2.894686819314957
3.0671069133281708
2.9398103725910185
3.0072107923030855
2.992963966727257
3.0646701204776763
3.0078987503051757
3.0291738510131836
2.9999166345596313
3.0400820565223694
2.970024073123932
2.9953580784797667
2.851933417916298
3.1097632777690887
3.1322674721479418
3.0812635862827302
2.987784050703049
2.9570434045791627
2.893227044939995
3.0451351588964464
2.8383730202913284
2.8792453807592393
2.8939780199527743
3.005529865026474
2.9410088527202607
2.9358522868156434
3.0388365352153777
3.0263969504833224
2.9015948355197905
2.941186796426773
2.9489969205856323
2.871219189167023
2.784385390281677
2.90473980486393
2.8779895281791688
2.856520889401436
2.98389282643795
2.847541655302048
2.8174591797590254
2.8618393248319625
2.8797984647750856
2.729149817228317
2.7083834916353227
2.928768711090088
2.77987539768219
2.812429630756378
2.681220407485962
2.78782898068428
2.7423272949457167
2.7814894592761994
2.9126955997943877
2.773271481394768
2.939996344447136
2.737132078409195
2.7646631622314453
2.847078266739845
2.839193319678307
2.731872093677521
2.703436787724495
2.6917598378658294
2.804914960861206
2.7079434996843337
2.72850491642952
2.712329922914505
2.8313279235363007
2.6758093625307082
2.6792149609327316
2.733359133005142
2.729411915540695
2.793113788366318
2.7207905626296998
2.6312682855129244
2.628781682252884
2.635795583724976
2.5888016700744627
2.7058136081695556
2.711608371734619
2.6952124097943306
2.6686109071969986
2.7128027933835983
2.5628295594453814
2.7320626258850096
2.616382686495781
2.6781571465730667
2.668179957270622
2.662790867090225
2.7310391384363175
2.7034434366226194
2.604954499602318
2.6153836351633073
2.5742258697748186
2.6901436322927474
2.6664608234167098
2.5474848663806915
2.552154313325882
2.655244482755661
2.6258331990242003
2.645290093421936
2.533804275393486
2.5707402056455613
2.627284779548645
2.5555170929431914
2.550226604342461
2.538705424070358
2.5051260316371917
2.5636256927251817
2.4735954916477203
2.5202127367258074
2.429061588048935
2.5130570703744888
2.577680779695511
2.5125489872694016
2.4922263062000276
2.712340456843376
2.501637215614319
2.554273108839989
2.4722358989715576
2.518344319462776
2.4545802015066145
2.6236691951751707
2.4877369201183317
2.3703721135854723
2.516027359962463
2.517233996987343
2.548337768316269
2.4251794221997263
2.4797353774309157
2.518617762327194
2.460960257053375
2.3237248986959456
2.4747030079364776
2.494350645542145
2.455501399040222
2.433531739115715
2.462368884086609
2.558192256689072
2.5927659034729005
2.3913379710912706
2.5516127341985704
2.4291645431518556
2.4397705256938935
2.37528878569603
2.4711018168926238
2.4864819824695585
2.5001503759622574
2.4397025495767592
2.4041640657186507
2.3954301023483278
2.504708080291748
2.3854038280248644
2.4442573350667955
2.4548625272512434
2.421874971985817
2.425963285565376
2.3551198720932005
2.3505776447057722
2.4301724356412886
2.3825736594200135
2.346518124938011
2.5385157150030135
2.290966644883156
2.3895418572425844
2.33664793074131
2.2829504936933516
2.2945949631929397
2.3116109508275984
2.3162941014766694
2.197597196698189
2.285907819867134
2.281155360341072
2.357719194293022
2.301044984459877
2.2809537583589554
2.311314427256584
2.2957558488845824
2.294337589144707
2.3236567121744156
2.2985128104686736
2.28607652425766
2.372384167611599
2.180912024974823
2.3158993983268736
2.3236928313970564
2.28618035197258
2.1981843742728233
2.272877037525177
2.3023656594753263
2.3032740646600725
2.3244855260849
2.21235522210598
2.24699893116951
2.2813317120075225
2.2544030314683914
2.2710073870420455
2.2658731496334075
2.2942701959609986
2.212994165420532
2.3324669963121414
2.288200625181198
2.264353121519089
2.2155207800865173
2.1939027404785154
2.1649331218004226
2.2446675008535384
2.204529021978378
2.1361374473571777
2.1018774074316027
2.238226680755615
2.252329088449478
2.2752775225043296
2.2409440064430237
2.1593721497058866
2.150351277589798
2.158155907392502
2.1462149131298065
2.0739162838459015
2.171906256079674
2.12885420948267
2.010667417049408
2.1504987812042238
2.054293710589409
2.198275114297867
2.12846253991127
2.102468747496605
2.091202298998833
2.146857750415802
2.1261080712080003
2.1290402311086654
2.203346425294876
2.1732902789115904
2.1827268767356873
2.199324072301388
2.150901739001274
2.062462585568428
2.100619766116142
2.1049159663915633
2.059178555011749
2.127111788392067
2.082102915644646
2.1158754241466524
2.1385608595609664
2.0638937437534333
2.1446552205085756
1.9846533465385436
2.0511491852998733
2.0912379014492033
2.0000666427612304
2.1116319978237152
2.0627712738513946
2.0979167926311493
2.104493474364281
2.0543759840726854
2.05390726685524
2.0580654591321945
2.0449569913744927
2.0221881037950515
1.991701489686966
2.0146418887376787
1.9800427967309953
2.0321081122756004
2.0896483409404754
2.08993266582489
2.0481402790546417
2.0224989372491837
2.033519714474678
1.9315173953771592
1.9633510112762451
2.042028080821037
2.0907749938964844
2.025728830099106
2.056422580778599
1.9959497958421708
1.975341945886612
2.061426216065884
2.09848374247551
1.8777823489904404
1.969696506857872
2.0202389162778855
1.9973498332500457
2.0738325047492983
1.9855106791853905
1.8791933047771454
1.972341651916504
2.0051050978899
1.9604573073983191
1.8808697086572648
1.9299843722581864
1.9361792343854904
1.9382113230228424
1.9040552857518196
1.8712186920642853
1.8847949010133744
1.9669590389728546
1.9677705562114716
1.8793243777751922
1.8610931062698364
1.9275949609279632
