9.647005083560943
4.461611510515213
4.2682763040065765
4.27886664390564
4.058008887767792
4.002860598564148
3.982582105398178
3.8263270926475523
3.9362012898921965
3.796105111837387
3.7930545473098753
3.726140639781952
3.728715502023697
3.7717703902721404
3.6230715382099152
3.7123294293880464
3.6420043015480044
3.6611531388759615
3.5901139795780184
3.588148291707039
3.6592605292797087
3.5453967213630677
3.535352655649185
3.5072998148202896
3.5442273938655853
3.50088358104229
3.534093236923218
3.4561517024040223
3.4317090380191804
3.4188396382331847
3.418165887594223
3.4311112713813783
3.3859719109535216
3.4065076273679735
3.4013434994220733
3.380086226463318
3.2732766860723497
3.4075689625740053
3.3354516100883482
3.373173407912254
3.3855007529258727
3.402064511179924
3.2684248885512353
3.324300915002823
3.283492343425751
3.331110496520996
3.233804087638855
3.228614181280136
3.203643095493317
3.1720347023010254
3.2222809755802153
3.183763378858566
3.2194183456897734
3.1804567837715148
3.162304344177246
3.1376444429159163
3.118495189547539
3.0870532244443893
3.216015384197235
3.1566333848237993
3.098691449165344
3.1870241570472717
3.142199676632881
3.0739017552137375
3.1074471569061277
3.1439270794391634
3.106372618675232
3.0578093898296355
3.048413942158222
3.1710764741897584
3.1490146178007126
3.0023163849115373
3.0696522384881972
3.0080082488059996
3.007948945760727
3.00595543384552
2.962101492881775
2.948482540845871
2.9982497018575667
2.973762094974518
2.9965630811452866
2.9495592659711836
2.9954347544908524
2.9892079627513883
3.0360004472732545
2.986013505458832
2.928234502077103
2.9723626559972764
2.9214937901496887
2.997168691158295
2.96735591173172
3.0801102459430694
2.955480716228485
2.9761913788318632
2.912152116894722
2.8738495582342147
2.8962168341875074
2.875438995361328
2.964436436891556
2.9459649044275285
2.807083828449249
3.0397058147192
2.8614115065336225
2.8438754326105116
2.8633358383178713
2.846532940864563
2.8503341370821
2.879240421652794
2.869245753288269
2.8251549339294435
2.7894007074832916
2.892803530097008
2.8153631746768952
2.789905599951744
2.796364018321037
2.8078504753112794
2.8302880728244784
2.8544622087478637
2.8630399036407472
2.7717063295841218
2.814532331228256
2.786797515153885
2.782379842996597
2.7802868700027465
2.8083943849802018
2.7965880107879637
2.8395038664340975
2.794043313860893
2.7112276792526244
2.8219069266319274
2.7516166788339613
2.7417086255550385
2.7370622223615646
2.72420489013195
2.7909704566001894
2.6865681409835815
2.7522815710306165
2.7084863996505737
2.6449037444591523
2.7545866852998735
2.7076948207616804
2.7099862241744996
2.6938817292451858
2.723747720718384
2.6648014855384825
2.6507196003198623
2.676648193001747
2.708334118127823
2.717658438682556
2.6654944688081743
2.657377864718437
2.6084014797210693
2.632305493950844
2.6371326726675033
2.63920973777771
2.6195591115951538
2.6107631874084474
2.6531474709510805
2.6947973942756653
2.6107160007953643
2.6104023599624635
2.6067155146598817
2.765430038571358
2.6297950530052185
2.6398502641916277
2.6284021484851836
2.6126753842830657
2.6001289546489716
2.5891418862342834
2.5900561988353727
2.606526962518692
2.614772527217865
2.550472555756569
2.538067335486412
2.5857997554540635
2.569613466262817
2.7217359429597856
2.5426043581962587
2.5733987385034562
2.5428248763084413
2.4720106434822084
2.5197991025447846
2.5131062549352645
2.547144792675972
2.4964828258752823
2.5079066801071166
2.5078889191150666
2.5202224290370943
2.4723468542099
2.5295337504148483
2.483328316807747
2.545262870192528
2.4585358154773713
2.513740315437317
2.492843350172043
2.5169389313459396
2.459972521662712
2.449530776143074
2.4800427031517027
2.4889109426736833
2.4786352759599684
2.5025237768888475
2.444560513496399
2.438869051337242
2.471958002448082
2.4406077975034712
2.4805642396211622
2.3855811196565626
2.4262628194689753
2.4386933708190917
2.4303503757715226
2.421234957277775
2.5164734959602355
2.443426022529602
2.4807939350605013
2.4158496618270875
2.457501191496849
2.3972682017087936
2.4261540460586546
2.447899405956268
2.4014807283878326
2.4369396832585335
2.362991420030594
2.3851909267902376
2.4045224475860594
2.4883147895336153
2.3718479377031327
2.367038365006447
2.3868198132514955
2.427837160229683
2.4130924952030184
2.4925550055503845
2.3514243578910827
2.413709669113159
2.3903724098205568
2.364984092116356
2.3471443635225295
2.3311061245203017
2.357949383854866
2.3500775134563447
2.337657875418663
2.3530236488580702
2.4029369127750395
2.351097499728203
2.3072523182630538
2.346133403480053
2.343764380812645
2.400775918960571
2.2650344049930573
2.267426676750183
2.3330213236808777
2.2949598786234855
2.2529864072799684
2.3094398880004885
2.34608567237854
2.2919924038648607
2.2598338067531585
2.2677836060523986
2.2851454365253447
2.3132797062397
2.3550116670131684
2.2526481521129607
2.2651002693176268
2.37789409160614
2.272448117136955
2.246965676546097
2.245410934984684
2.277575120925903
2.2350917607545853
2.287689212560654
2.207511219382286
2.2534850144386294
2.282978193163872
2.2661504131555557
2.2222991240024568
2.2290598541498183
2.2407343500852583
2.208132046461105
2.2322066324949263
2.1989786887168883
2.2116273188591005
2.23411661028862
2.23081234395504
2.283459720015526
2.2040506145358085
2.2222878694534303
2.2288508474826814
2.2140284031629562
2.2304367393255236
2.2004142594337464
2.221917968392372
2.230849111676216
2.2848326897621156
2.1638403832912445
2.2015100538730623
2.22189553797245
2.1477174961566927
2.173566539287567
2.199293366074562
2.1496352660655975
2.1742992460727693
2.228670867085457
2.249179856181145
2.1011462938785552
2.2283388075232504
2.137623343169689
2.134253056049347
2.164480401277542
2.1436902403831484
2.175461236834526
2.163501166701317
2.190879963338375
2.145823835134506
2.148303973674774
2.1682188153266906
2.2409140354394914
2.1208262133598326
2.228073581457138
2.146172206401825
2.126585496664047
2.1505950963497162
2.122255610227585
2.1351093924045563
2.1507987421751023
2.0951380291581154
2.143044284582138
2.1512064707279204
2.0929200935363768
2.0981011670827865
2.1011232042312624
2.0809506660699846
2.0899906545877456
2.1063241350650785
2.0897435408830645
2.1309962075948716
2.081694496572018
2.107449461221695
2.069474359154701
2.175880165696144
2.085423330068588
2.0686341267824173
2.0982573863863947
2.1029419285058975
2.0549732998013495
2.11845949113369
2.1318935000896455
2.1696917468309405
2.0370710277557373
2.2083587658405306
2.0417825359106065
2.07869010835886
2.0697441375255585
2.0317142149806022
2.0592357259988785
2.034772942662239
2.037360653281212
2.014091791510582
2.094286149144173
2.0563749045133592
2.056295308470726
2.0679626339673995
2.0249846565723417
2.083603185415268
1.989833927154541
1.989546096622944
2.094495620727539
2.0201383686065673
2.0764641159772874
1.9838526093959807
2.0463010877370835
2.033814019560814
2.0625054061412813
1.9721508979797364
1.9858995270729065
2.0267409861087797
2.027175574302673
2.034816290140152
2.0531696778535844
2.0290466034412384
1.9910833808779715
1.996444407105446
2.0293579649925233
2.0400604033470153
2.00004832059145
1.9984816122055054
1.9831829875707627
1.9741476112604142
2.002596882581711
2.0115304520726203
1.981814108490944
1.9933826535940171
1.9660609471797943
1.9250161573290825
1.9596540981531143
1.9614545154571532
2.022025254368782
1.963497958779335
1.9855257815122604
1.9797296005487441
1.9763059139251709
1.965608594417572
1.9370975255966187
1.9189836007356644
1.9396482294797897
1.9847899550199508
1.9436630696058272
1.9097764375805855
1.9595246797800063
1.91266630589962
1.923067802786827
1.9567225232720376
1.9001703715324403
1.937553763985634
1.953138182759285
1.8901458477973938
1.9301884722709657
1.932470726966858
1.9300186812877655
1.942331812977791
1.9062611746788025
1.9031940692663192
1.8944089609384536
1.9265516483783722
1.9222503745555877
1.9733170408010483
1.9066012173891067
1.8818616193532944
1.8862361380457877
1.8856385031342506
1.9201121336221696
1.8733361944556237
1.9153741335868835
1.878383823633194
1.9170610386133193
1.8760759830474854
1.9409654560685157
1.8928898924589157
1.84990855127573
1.8718727242946624
1.8991103512048721
1.8489326059818267
1.8983344838023186
1.881179223358631
1.9013769656419754
1.9064283668994904
1.875833927989006
1.8429220390319825
1.9359527951478959
1.8894369512796403
1.8621321940422058
1.8802533856034278
1.8430469423532485
1.8654094767570495
1.8599036121368409
1.8880231460928918
1.9052783256769181
1.887713330388069
1.8648157954216003
1.8702695286273956
1.8650152260065078
1.864103647172451
1.8411926674842833
1.826546614766121
1.8297151386737824
1.8346207508444785
1.825058357566595
1.7943528294563293
1.8404206705093384
1.8252386915683747
1.8505016100406646
1.8414536094665528
1.811259120106697
1.8818719908595085
1.83879036962986
1.8446262967586518
1.8366001451015472
1.821448929309845
1.8073968678712844
1.805259996652603
1.8505072322487832
1.8159935212135314
1.8211134093999863
1.8165690273046493
1.8317596143484116
1.8087372359633447
1.8034913092851639
1.8101024487614632
1.7963707143068313
1.7877719080448151
1.8122379338741303
1.832356642484665
1.7668138760328294
1.8180457931756973
1.7981459724903106
1.7689502513408661
1.7914300924539566
1.8023254191875457
1.7747130033373832
1.797192993760109
1.7679729294776916
