4.833312582969666
4.727462671995163
4.689288108348847
4.553651452064514
4.843418796062469
4.672261313199997
4.666987013816834
4.502945654392242
4.696393713951111
4.706895101070404
4.6715956801176075
4.4029024040699
4.619666576385498
4.637484197616577
4.476254887580872
4.549878509044647
4.496477361917496
4.6482931792736055
4.485467820167542
4.6043778729438785
4.312383712530136
4.629433355331421
4.535817583799362
4.487486952543259
4.412188013792038
4.341192551851273
4.426030788421631
4.567263032197952
4.636995953321457
4.486008957624436
4.749270174503327
4.475673606395722
4.652173120975494
4.426658384799957
4.742223377227783
4.525431883335114
4.591205371618271
4.712401856184005
4.690864313840866
4.631704129576683
4.5457491219043735
4.59595031619072
4.322720136642456
4.544024504423142
4.594517705440521
4.688693084716797
4.379086871147155
4.647403849363327
4.4554890954494475
4.562371060848236
4.427246417999267
4.472071746587753
4.385412356853485
4.446556394100189
4.595893179178238
4.338045823574066
4.510905289649964
4.370307627916336
4.697080607414246
4.533917925357819
4.390299603939057
4.526068711280823
4.505919581651687
4.671403253078461
4.706600580215454
4.46089235663414
4.743483015298843
4.522014439702034
4.523253275156021
4.612446409463883
4.380824429988861
4.400076962709427
4.653071500062943
4.4100557076931
4.50731332719326
4.5565382313728335
4.447276816368103
4.289177803993225
4.591830374002456
4.440213397741318
4.632086251974106
4.439227451086044
4.449981316328048
4.694912639856338
4.489286857843399
4.510879633426666
4.650773801803589
4.24875607252121
4.3484671425819394
4.444497785568237
4.4900154578685765
4.268455319404602
4.315924390554428
4.619136697053909
4.569442967176437
4.5547299587726595
4.485914601683617
4.389807447195053
4.6160145175457
4.470170245170594
4.333171343803405
4.440102236270905
4.445838527679443
4.352980774641037
4.583342213630676
4.481514113545418
4.59743441581726
4.361218707561493
4.2924451684951785
4.4759586918354035
4.481768673658371
4.353636004924774
4.53312872171402
4.518540196418762
4.66084566116333
4.405760779380798
4.472106496095657
4.476378890275956
4.364166338443756
4.522500575780868
4.625163446664811
4.419170899391174
4.379666287899017
4.384127041101456
4.536700662374496
4.457951376438141
4.317498916387558
4.303365226984024
4.322689483165741
4.514210072755813
4.527912764549256
4.40439151763916
4.292047461271286
4.496196315288544
4.2922738945484165
4.483457140922546
4.43597435593605
4.288576341867447
4.367912311553955
4.369036602973938
4.398980238437653
4.404331129789353
4.442469856739044
4.451218407154084
4.388390635251999
4.19019562959671
4.339062576293945
4.555343344211578
4.559216607809066
4.331857671141624
4.48252119064331
4.163582533597946
4.341720724105835
4.386538113355637
4.489650665521622
4.42168640255928
4.4972592699527745
4.352843075990677
4.3571343111991885
4.3076946222782135
4.405977177619934
4.400999140739441
4.216616785526275
4.342417414188385
4.4323429399728775
4.281042211055755
4.385612865686417
4.209453713893891
4.345208681821823
4.463858381509781
4.337242116928101
4.0961572253704075
4.320354237556457
4.348293923139572
4.404886438846588
4.3981073021888735
4.416091924905777
4.5548604345321655
4.324729266166687
4.283928359746933
4.433012657165527
4.353587703704834
4.234996620416641
4.535082957744598
4.2317119264602665
4.391092007160187
4.591657829284668
4.393061298131943
4.4066982626914974
4.308839687108994
4.347175047397614
4.3866155290603634
4.3838835978508
4.3174134123325345
4.217597881555557
4.389925322532654
4.196918122768402
4.424981341362
4.198845525979996
4.181127184629441
4.394051274061203
4.574004459381103
4.455354253053665
4.199554926156997
4.197521688938141
4.38645066857338
4.286043398380279
4.342851139307022
4.2613702917099
4.473123953938484
4.569817260503769
4.289623526334762
4.355344957113266
4.229244562387467
4.45824057996273
4.360136233568191
4.358747980594635
4.341334800720215
4.463063948154449
4.323822047710419
4.324073190689087
4.3118140304088595
4.21352503657341
4.280839970111847
4.305497033596039
4.2910867661237715
4.284712781906128
4.275259802341461
4.394664233922958
4.1655964601039885
4.2440240627527235
4.124961670637131
4.47771309375763
4.156169426441193
4.4289920926094055
4.161818783283234
4.471663370132446
4.368377102613449
4.276164486408233
4.162863438129425
4.228111721277237
4.300033596754074
4.4761830270290375
4.258702930212021
4.222705736160278
4.217476681470871
4.211246826648712
4.3992614698410035
4.1986559176445
4.343306537866592
4.2738542652130125
4.266476626396179
4.350480115413665
4.198025941848755
4.189337745308876
4.259196797609329
4.433120996952057
4.31322655916214
4.330722894668579
4.505693902969361
4.189790462255478
4.202454203367234
4.1378486120700835
4.262151601314545
4.2274153876304625
4.245922363996506
4.030901633501053
4.3200722551345825
4.282802618741989
4.2099197280406955
4.3597080039978025
4.166842911243439
4.275057193040848
4.2377771645784374
4.324257591962814
4.208396267294884
4.40263081073761
4.154984852075577
4.256763061881065
4.309764012098312
4.276017146110535
4.231954698562622
4.227097381353378
4.382344512939453
4.13080167889595
4.143116694688797
4.438366595506668
4.433416675329209
4.2038160574436185
4.243087309002877
4.331514211893082
4.366117877960205
4.366435264348984
4.13238842368126
4.347147009372711
4.178956946730613
4.339052449464798
4.1511324334144595
4.176277480125427
4.235125222206116
4.307385252714157
4.141800144910812
4.266340134143829
4.270165461301803
4.093276267051697
4.293604594469071
4.393814274072647
4.276921731233597
4.31559858083725
4.237333897352219
4.227211107015609
4.231872633695603
4.316984077692032
4.364762250185013
4.244622395038605
4.136174273490906
4.248593227863312
4.156474062204361
4.151903895735741
4.21928591966629
4.084515396356583
4.1069128811359406
4.162126349210739
4.136391165256501
4.263949279785156
4.071086859703064
4.199126547574997
4.2276560586690906
4.223724131584167
4.359735025167465
4.4268426513671875
4.3279403460025785
4.1586791145801545
4.279168469905853
4.288081803321838
4.0285616302490235
4.208848830461502
4.273644779324531
4.112890595197678
4.272943170070648
4.247218635082245
4.22505172252655
4.154236804246903
4.102761063575745
4.222877908945083
4.302409071922302
4.107955666780472
4.067339570522308
4.0700611430406575
4.12831311583519
4.249711028933525
4.177305830717087
4.322919505238533
4.054681794643402
4.261265350580215
3.9777943789958954
4.095788114070892
3.994220562577248
3.975747511982918
4.083560802936554
4.22504764020443
4.222483592033386
4.125236902236939
4.037309559583664
4.2147832155227665
4.252372891902923
4.278662331104279
4.262410314083099
4.237678991556168
4.151685755252839
4.157786839008331
4.268657865524292
4.212698440551758
4.109959609508515
4.063149433135987
4.117085806131363
4.117595607042313
4.1479354047775265
4.1537460231781
4.070095443725586
4.040538195371628
4.085795171260834
4.175973701477051
4.126300389766693
4.1968930506706235
4.145566991567612
4.07938126206398
4.131557505130768
4.1277477371692655
4.144083399772644
4.220665059089661
4.087632955908775
4.089557181596756
4.2274217188358305
4.051063305139541
4.059986543655396
4.053679574728012
4.059299032688141
4.196661231517791
4.159111444950104
4.192537008523941
4.17646665096283
4.096428424119949
3.999911904335022
4.203964471817017
4.094561632871628
4.154781551361084
4.203345654010772
4.109580875039101
4.209004383087159
4.173914226293564
4.065572971105576
4.1701230108737946
4.155533502101898
4.109272333383561
3.9713237941265107
4.099562776088715
4.3434416353702545
4.250236698389053
4.1426652240753175
4.130224432945251
4.211195695996285
4.083847243785858
4.197442021369934
4.090849905014038
4.145739743709564
4.195221698284149
4.265517387390137
4.093993247747421
4.039285622239113
4.066469948291779
4.006165885925293
4.060016329288483
4.149191896915436
4.121301565170288
4.202847791910171
4.0728127229213715
4.010097330808639
3.921544210314751
4.066472749710083
4.214945536851883
4.058953504562378
3.927061812877655
4.206786168813705
4.010922325849533
4.083795019388199
4.254327074289322
4.122786062955856
4.102886509895325
4.122718105316162
4.115415242910385
4.055436850786209
4.173343857526779
4.035492327213287
3.988216149806976
4.143653064966202
4.112214813232422
4.036919021606446
4.032986286878586
4.054846246242523
4.133718169927597
3.984658797979355
3.9471594309806823
4.137783677577972
4.122245818376541
4.094888486862183
4.286030558347702
4.17033549785614
4.233013392686844
3.984426155090332
3.9937590157985685
4.083106520175934
4.223438806533814
4.071990159749984
4.081090223789215
4.02850062251091
4.077230361700058
4.242079282999039
3.962813355922699
4.085413720607757
4.080194094181061
4.003635628223419
4.176127870082855
4.164478658437729
3.96058602809906
4.099463988542556
3.9936894285678863
4.07024567246437
4.173010598421097
4.0316614139080045
4.0962841141223905
4.127208868265152
3.970641711950302
4.0580711704492565
4.024938622713089
4.203450958728791
4.082535634636879
4.140382632017135
4.033455601930618
4.085947148799896
