11.579460804462434
5.18635556101799
4.567699680328369
4.310250864028931
4.215125244855881
4.201021647453308
4.080354627966881
3.927306488752365
3.991132477521896
3.978637387752533
3.9151652777194976
3.8487086308002474
3.8696514761447904
3.7909316194057463
3.7798974841833113
3.741379815340042
3.68953400015831
3.6871069931983946
3.601960277557373
3.6046619606018067
3.5910836237668993
3.5608916276693345
3.6515330862998963
3.6550240314006803
3.5479125070571897
3.5928710401058197
3.5593023002147675
3.558373168706894
3.423393740057945
3.4673191440105438
3.414615074396133
3.409074422121048
3.4374862265586854
3.3990108692646026
3.484189233779907
3.4086730897426607
3.412899920940399
3.3328919184207915
3.3092941462993624
3.3985363388061525
3.350879509449005
3.429690343141556
3.360616660118103
3.278981591463089
3.3000210440158844
3.3633366584777833
3.300108172893524
3.2453460824489593
3.2407494622468946
3.2293663668632506
3.292763056755066
3.344321254491806
3.25685427069664
3.2504634046554566
3.23764463275671
3.226267831325531
3.201257000565529
3.259143248796463
3.2330973148345947
3.1924274015426635
3.188500705957413
3.1988956898450853
3.1227890461683274
3.179085758328438
3.0964735144376756
3.1804094552993774
3.0972762405872345
3.130717601776123
3.144528666138649
3.160068681240082
3.021962647438049
3.1172286528348923
3.1703279387950896
3.055380553007126
3.0575360012054444
3.080272963047028
3.0454329562187197
3.0611475586891173
3.0825361317396163
3.040220277905464
3.031654058098793
2.990752068758011
3.0573528850078584
3.097247711122036
2.972895354628563
3.0331209975481035
2.9865711510181425
3.0012137550115585
2.9492469274997712
2.9388595920801164
2.921784541606903
2.9740733510255812
2.9396636158227922
3.0893618983030318
2.9094807332754136
2.9243906408548357
2.949412578344345
2.9587070494890213
2.964209902882576
2.886451852321625
2.885787979364395
2.964218487739563
2.8689310359954834
2.8478669118881226
2.899152603149414
2.9201007544994355
2.866087138056755
2.8797674596309664
2.9371035611629486
2.9208174645900726
2.890411697626114
2.89142076253891
2.8239029347896576
2.901292374134064
2.8929731673002244
2.823084807395935
2.88794773876667
2.8215397226810457
2.8491256791353226
2.899355126619339
2.9008098578453065
2.8160122579336164
2.7857468223571775
2.833938644528389
2.8025356727838515
2.794306666254997
2.877107113599777
2.761861524581909
2.7373534244298936
2.804098358154297
2.777147717475891
2.853717593550682
2.760187004804611
2.7643180334568025
2.7251958763599395
2.795347192287445
2.7384732967615126
2.7341705602407456
2.7617127966880797
2.7214844143390655
2.701015237569809
2.751619493365288
2.7285014033317565
2.71023916721344
2.683274691104889
2.699759948849678
2.6956166470050813
2.8037369203567506
2.676685044765472
2.752629582285881
2.67122521340847
2.7419537711143493
2.6792514336109163
2.7346291399002074
2.6848506438732147
2.6870193552970885
2.6693027329444887
2.693311012983322
2.6386946004629137
2.6462802213430403
2.6698332327604293
2.7311838138103486
2.621965485215187
2.590970818400383
2.630419245362282
2.6509103840589523
2.608299219608307
2.5909973007440565
2.580096626281738
2.758985726237297
2.660263319015503
2.5788397866487505
2.673749892711639
2.5823884338140486
2.5449618697166443
2.7069077104330064
2.6057340580224992
2.5684164440631867
2.6805182445049285
2.653215392827988
2.5878975516557694
2.546007170677185
2.6245006555318833
2.552747541666031
2.635053688883781
2.521574540734291
2.6531483054161074
2.5878754276037217
2.6154186058044435
2.6204534232616425
2.538110883831978
2.548917624950409
2.5204501336812974
2.520060587525368
2.620761729478836
2.565094614624977
2.5082881617546082
2.552252623438835
2.5160065728425978
2.51488613396883
2.556466530561447
2.5251946318149567
2.4567538225650787
2.527820824384689
2.542059645652771
2.490250858068466
2.4778398835659026
2.551420624256134
2.500405184626579
2.4852340257167818
2.477233335375786
2.450084022283554
2.496421022415161
2.482479625940323
2.47544816672802
2.4768930292129516
2.533406367301941
2.436393016576767
2.533990694284439
2.5793544548749923
2.479058639407158
2.615394441485405
2.452251033782959
2.4565094369649887
2.4338219928741456
2.4023536056280137
2.4186579257249834
2.4265109556913376
2.4560559362173082
2.403582575619221
2.3811293548345565
2.398507378697395
2.405145874619484
2.4373047870397566
2.4204232048988343
2.3939896285533906
2.4082748180627824
2.3756000918149947
2.447619706392288
2.373363932967186
2.353942418396473
2.493324247002602
2.3654026812314988
2.4053439509868624
2.366406509876251
2.36559808075428
2.365032930970192
2.3326144260168076
2.3564935904741287
2.3662877070903776
2.4176840060949325
2.339022918343544
2.339883627295494
2.369238057732582
2.414909691810608
2.3599951249361037
2.352596781849861
2.3277972477674482
2.3504293763637545
2.354067286849022
2.335039250254631
2.2988185703754427
2.30649024784565
2.4188524317741393
2.320825227200985
2.3632816815376283
2.3252393382787706
2.2930182325839996
2.28482467263937
2.33441263794899
2.2976734012365343
2.3173546040058137
2.2992771476507188
2.324581788182259
2.4043499213457107
2.29341728836298
2.3225064384937286
2.315280336141586
2.34955128967762
2.24298762768507
2.2828402841091155
2.2693300473690035
2.260009689927101
2.2140335845947265
2.3031785029172895
2.304425414502621
2.27076730966568
2.237687663435936
2.244425863623619
2.240925035774708
2.2483708333969115
2.28272131383419
2.2333161383867264
2.2521949312090874
2.21760741174221
2.3404727965593337
2.2045144915580748
2.24194475710392
2.278406727313995
2.2038375478982926
2.248837043941021
2.2188102293014524
2.2213690215349198
2.2009911060333254
2.195163146853447
2.1825047725439073
2.1980670672655105
2.1823884826898574
2.1650655454397203
2.247385056614876
2.1871957284212113
2.154679070711136
2.230582046508789
2.261370993256569
2.161121656894684
2.2005428886413574
2.145156951546669
2.204341334402561
2.196686282157898
2.155281698703766
2.199194997549057
2.141306030154228
2.205445656776428
2.1362511849403383
2.1597527968883514
2.136127184033394
2.2726854103803635
2.1589104866981508
2.1558792155981066
2.1805178606510163
2.1757529801130295
2.14512000143528
2.1039650511741637
2.1217537742853163
2.179875621795654
2.1657524219155313
2.1890581071376802
2.1396772626042364
2.1461275923252106
2.160031638741493
2.1403582376241683
2.1940059316158296
2.121619320511818
2.104119251668453
2.126295680403709
2.120833231806755
2.175393855571747
2.1674070316553116
2.124931495785713
2.1861511623859404
2.1357622963190077
2.0958737248182295
2.0811220747232437
2.1007305747270584
2.1224042272567747
2.0921207743883135
2.10595648765564
2.1107144767045973
2.102610053420067
2.0877419251203535
2.0636750191450117
2.156320742368698
2.1035777246952057
2.045869718194008
2.085152454674244
2.0797185742855073
2.072824684381485
2.0769347220659258
2.0429032278060912
2.0654384058713915
2.0100571131706237
2.078580248951912
2.0479066598415376
2.036696897149086
2.04876933157444
2.043157380819321
2.0204703497886656
2.039326702952385
2.0113797283172605
2.0269496080279352
2.0252204072475433
2.0046510446071624
2.0239049768447877
2.047366874217987
2.0345655059814454
2.0627508181333543
2.026375403404236
2.043271499276161
2.028504223227501
1.99692675948143
2.090783217549324
2.0491274613142014
1.9693683820962906
2.046519067287445
2.032942423224449
1.972302608191967
2.0016446521878244
1.9977595269680024
1.9886408254504204
1.9926865911483764
2.024394093751907
1.9778373736143111
2.0087027248740195
2.0763620918989183
1.962773905992508
1.9884123918414116
1.9813163137435914
1.9524214625358582
1.9668139058351517
1.938324549794197
1.983683996796608
1.9250351428985595
1.9615994191169739
1.9400465452671052
1.9825150686502457
1.9862919586896897
1.9334545564651489
2.026634823679924
1.9662441363930703
1.9405604028701782
1.9434984707832337
1.9443705013394357
1.925860075354576
1.922404003739357
1.9672545742988587
1.9484874194860458
1.9420600670576096
1.9396304088830947
1.9600431483983993
1.9546609449386596
2.0064679050445555
1.9472030848264694
1.9074416935443879
1.9313615131378175
1.9621419328451157
1.951333258152008
1.9227285540103913
1.880176146030426
1.9294299679994582
1.9016641038656235
1.912498899102211
1.9033626857399941
1.9182103028893471
1.9111492723226546
1.900456854701042
1.8931530040502549
1.893787968158722
1.9731869626045226
1.863220909833908
1.8740629175305366
1.8895134180784225
1.92096882045269
1.8931537014245987
1.9638552534580231
1.8685413259267807
1.9273987635970116
1.901081902384758
1.864427370429039
1.865948382616043
1.880254836678505
1.9344648516178131
1.8599598747491837
1.8412252378463745
1.8823473346233368
1.840321569442749
1.8469638746976853
1.8944797676801681
1.8595489004254342
1.8121536275744439
1.862862993478775
1.8780683761835097
1.8247054839134216
1.8622225293517112
1.8460164648294448
1.9378443616628647
1.8504766315221786
1.837838236093521
1.9032085731625557
1.8458273333311082
1.838215287923813
1.8008835524320603
1.8777894270420075
1.8370975741744042
1.805930368900299
1.8173911690711975
1.8245074409246445
1.8286318802833557
1.8081344771385193
1.8164885613322257
1.8203694432973863
1.861563091278076
1.7834435588121413
1.8094020798802375
1.8729505717754364
1.7820767343044281
1.8279712784290314
1.7859523797035217
1.8144695448875428
1.8099897050857543
1.8049177896976472
