9.142210375587895
5.809663676990653
5.1369255545004355
4.790807794849828
4.543606271158974
4.3602459306986825
4.192121248200254
4.09317180683028
3.9982418721576907
3.863157517505142
3.7774589191067895
3.7028818591585697
3.648292788919413
3.56320499080532
3.4951725174795905
3.454830770222646
3.4274137593665213
3.3593114204001875
3.3171807538788274
3.2641803712215065
3.2384473962603875
3.2034230012938663
3.165779587513996
3.1488903401032933
3.1231896185650014
3.0865219235420227
3.061538775574486
3.0389047838606924
3.037045768971713
3.0100959831813596
2.9763439365153044
2.9695367115848468
2.9586053378177137
2.9513632205297364
2.921702282046372
2.9105784117050892
2.901572784162917
2.885724231881915
2.8636971012039005
2.861861194642085
2.874584989727668
2.8263814244067893
2.8245928608021647
2.8208111833851293
2.816939928059308
2.7990867000705792
2.790210249289027
2.7721373062088803
2.7672576864935317
2.762340835805209
2.7498049432376646
2.7684135330173203
2.7259164087052614
2.7229530305232643
2.7178673974747927
2.706044599132718
2.6995893306327314
2.70538991689682
2.685346925596021
2.66979370364603
2.6697958764040246
2.6708245451720254
2.6600159530369742
2.6491886588200084
2.641998401227987
2.6326994963412016
2.6784317285384773
2.617411010670212
2.6315304502001347
2.6128024773777656
2.608579400575386
2.59987059179342
2.590973195040001
2.586226319367031
2.5847001913583503
2.581840346444328
2.6327634481888897
2.570419481340444
2.5559846848811745
2.5453612523258857
2.5439361024577662
2.5389785502316817
2.5467326815398232
2.5352053743488385
2.523277811846643
2.5241650517256753
2.5185751437016255
2.5071557754615568
2.5191715196618496
2.508630520892593
2.499481235472661
2.499670665781453
2.4885983152209588
2.4804530492368735
2.4851257812302068
2.477269281193895
2.4780370761763373
2.4993902866570457
2.4716232036644556
2.4829167858609615
2.4694761307734363
2.4506362648505085
2.480209188641242
2.436026748058931
2.4426535969635226
2.4334316872200876
2.4270917042246403
2.4313577205505013
2.4083454443036385
2.4188100122055918
2.416024683219082
2.4123389422893524
2.4083977032382533
2.402588905590885
2.4037183450078063
2.397299057470178
2.3964506758833832
2.3924390915429816
2.41197917090272
2.3796398842109823
2.372662898504509
2.376696452217282
2.37021519581102
2.361940120751003
2.3701916522574873
2.3657706115605697
2.3545439901216976
2.345506307089104
2.3408142766862547
2.347256209490434
2.3538428275090344
2.342798783531729
2.3321947163006045
2.3372950469547846
2.3257394073144444
2.3296150534220463
2.321248766386284
2.3279668199566177
2.331177936410004
2.3299910718539976
2.3110046656626575
2.3108171786902085
2.318542371943312
2.301723652290848
2.296407997045877
2.300806594907113
2.295301373274821
2.2982233116086923
2.2961297203909674
2.2821229685027644
2.309123304092659
2.2754500215908267
2.2749598982199184
2.290720389699036
2.2627477494050874
2.262147305146703
2.265684231272284
2.261671078654955
2.2717400569960757
2.2627188917600884
2.2553014007379426
2.279367576230247
2.254603419663771
2.2468954470922364
2.2561275149291418
2.2451705218486064
2.2480411085317717
2.2374806612167717
2.2431669898752897
2.245256739404966
2.2322836664487733
2.2317094341763912
2.224847862742982
2.2247476723958863
2.2139535200483396
2.218055835310018
2.2179470180340535
2.2104614107113965
2.2148887548806533
2.2153964936733246
2.2092788405013533
2.199065216026216
2.2130598330272817
2.198115481520599
2.1915684072476513
2.181226264474527
2.1872331657499635
2.189421715320281
2.1876658111248375
2.1848413753059677
2.198033874327282
2.1810790142923033
2.1866237599894687
2.197405649243661
2.179449385067202
2.1785478783103653
2.160096153616905
2.172005571846692
2.163603227655843
2.168935333220464
2.1722379259343416
2.148685951559049
2.1626769652906455
2.1518747786868295
2.1525130721757995
2.1453161003454677
2.155617780842871
2.154860738313423
2.1426138787899376
2.1384809124019912
2.1475035913710325
2.1338863752360613
2.1353710260031358
2.136676755716216
2.1272337093668163
2.1314974236038498
2.1311567408858605
2.144073447528875
2.1278544057090327
2.1186294339175493
2.1145331875052094
2.133651706969963
2.1236398180700697
2.1189112421476617
2.1234757056776083
2.1216301023960114
2.111367181224643
2.108923230952812
2.1127952354134254
2.109835665180998
2.098179921788989
2.103606348892428
2.098505474486441
2.1034515106453084
2.1007851907667123
2.103330020915787
2.092208299996718
2.1300553145273677
2.0885200227768914
2.082162915816847
2.091580976292772
2.086317959259141
2.093868578942317
2.0841651021871925
2.0886951600605586
2.0834478263585074
2.07843324710738
2.0758219889874727
2.074243773829262
2.065825400346855
2.064583456178881
2.0827197944218256
2.065603453595683
2.0737382218522846
2.0556492878580994
2.0629081655785724
2.070689285138868
2.056739092435477
2.0636517163717523
2.053008388517038
2.0523554013585144
2.0495005216238633
2.0513220356320434
2.0457809753013105
2.0506648616689556
2.059885132987544
2.0451361199594893
2.044202024081968
2.054886786724037
2.0382538224166296
2.0434937912900493
2.03465708570098
2.0389183678154676
2.033312698580184
2.033447207426125
2.034754453964953
2.0382517874240875
2.0322881200403535
2.0304616363543384
2.0314660859557816
2.020865385543625
2.0245552777119404
2.023348793949721
2.01367036014233
2.036447875342279
2.021153332208687
2.0243152357497305
2.016851563498659
2.0200135513858974
2.0099543361168988
2.024970897244957
2.012175446411349
2.0056651906584793
2.007172356798964
2.0073023995138564
2.0095495165518993
2.010020657530371
2.0125473065758652
2.0039335359942236
2.0023078277425945
1.9986206636113941
1.999401441441392
2.00847878264931
1.9954211399802622
1.9950889722918563
1.9891501181530502
1.9869487769198868
1.9930336031149019
1.989049958732893
1.9880544793493342
1.9830975029266105
2.002462851832498
1.9866686367763664
2.0004655991522773
1.979517805688786
1.978741024462682
1.9845452128716234
1.9765613239328816
1.974766027252629
1.9776270372687645
1.9801636442260921
1.975589541612931
1.959782581284361
1.9779665132738509
1.9841656895740978
1.9753702937994364
1.9684992168309554
1.98943429763587
1.9623088847916081
1.96386023624888
1.9548129450600102
1.9630346303840853
1.9640082092779987
1.9588503786977731
1.9552930464159768
1.9572949756710034
1.9577587961025957
1.9557404953916118
1.9556854347575385
1.9475357310389572
1.9481104803535174
1.9460894263015602
1.9569945290403545
1.958710788274711
1.9550080071642715
1.9480298324575964
1.9485701333801702
1.9333571353048649
1.9575848227964256
1.939733180797325
1.9383464233492904
1.9455653372800574
1.9374697908477962
1.9459119377271183
1.928738606707105
1.9281614598519397
1.933900924223774
1.9426518394699637
1.9306937889108118
1.9568886321108296
1.9580290542458587
1.919065994474123
1.9428248877795238
1.9236596668103956
1.9309731862455044
1.9344229793773506
1.9213460031545386
1.91609632575287
1.913888061665139
1.9138146577016362
1.9540921497457433
1.9280628857185256
1.9176323118637193
1.9114128750450206
1.9129980903751445
1.9097732462972965
1.9109808060358155
1.9087258925977744
1.9134295703667514
1.9035206400560882
1.9079099311581198
1.903094786518025
1.910348189045798
1.9022988131586112
1.9083078287120134
1.9047895228525378
1.8951596074368593
1.8936522740800426
1.8927748394462298
1.9005815035329674
1.89081963728059
1.897512546125448
1.9061478325780832
1.8869466874397025
1.9015871567546196
1.8918096158864364
1.895060437467863
1.8942874703767165
1.8915383340615146
1.9109906824129932
1.8920600194976014
1.898136851922521
1.9000340598934102
1.8837484573980547
1.8816210470109616
1.8874654289124146
1.8909083360208656
1.8816366077594038
1.8811239448358428
1.880200966489765
1.8724815569958597
1.8725969335064292
1.8775345067370612
1.8773760728116304
1.8735398442115423
1.8773019687747055
1.8800267734617557
1.8644069947724073
1.8630136209276487
1.869582935605409
1.8701280088357206
1.8650937698922068
1.872745711286113
1.8726675248933289
1.8594012507852518
1.8737411881392856
1.8584172140877202
1.8625161240123354
1.877327466629586
1.86169954937584
1.8621821479414993
1.8623768985271454
1.8540830772440389
1.8586556110179648
1.8501077406811264
1.8570759633802019
1.8613851219415665
1.8550019033674925
1.852326770998397
1.8571470795937304
1.8534565427393284
1.8435150137487448
1.8684123751689803
1.848798318572764
1.848380834988828
1.8427156671038214
1.8434741440808997
1.852547068640871
1.8501485687381816
1.8609955591975518
1.8441640776845645
1.855185185119791
1.8479320032978959
1.842923621805209
1.8339227702257768
1.8554873851672657
1.829563688838257
1.8521582613576133
1.8352522332713288
1.8336818833958428
1.8382601684556816
1.8409124365392722
1.8402064906538658
1.843917063946994
1.834480475142317
1.8352303367178395
1.83560962468948
1.841414621978436
1.8261629258686642
1.825479067721457
1.8332875809579525
1.839843806230797
1.830519271346758
1.8227301265271205
1.8279672287545115
1.8234472589672737
1.8193821226650815
1.820545696143834
1.8159516937327835
1.82619124426032
1.8308604697011552
1.816512666502089
1.8116464988802963
1.8050162097755469
1.8079184718289465
1.8034804173797931
1.8128988692220651
1.8099482697698306
1.813203531616139
1.804636762389597
1.8215582550696607
1.8084812667572274
1.8059867150940985
1.8074308805308252
1.8000873834738191
1.8295013856775355
1.7996453215491097
1.8152052948497377
1.7955778024668962
1.808062901755549
