4.378561540842056
4.219415103197098
4.139635970592499
4.036699311733246
4.286612638235092
4.080329813957214
4.105272912979126
3.9363094782829284
4.0514242446422575
4.022824792861939
3.951114820241928
3.8124635195732117
4.022939230799675
3.971275815963745
3.7976491796970366
3.868927493095398
3.9407112073898314
3.960134768486023
3.784328135251999
3.887916692495346
3.7451776492595674
3.900208052396774
3.8228426909446718
3.8535740542411805
3.735892106294632
3.685621031522751
3.6902403366565704
3.7891941022872926
3.8979669964313506
3.7417878460884095
3.9688234519958496
3.7585552620887754
3.768647743463516
3.6999600911140442
3.883923305273056
3.7184400939941407
3.749554008245468
3.873996992111206
3.7994383251667023
3.783517283797264
3.6843143129348754
3.714798003435135
3.539845869541168
3.709782577753067
3.6704221391677856
3.7515005612373353
3.5002004623413088
3.6602824997901915
3.5191791915893553
3.675822294950485
3.5877325201034544
3.5844784969091417
3.5735681772232057
3.5104460847377776
3.696703832745552
3.4107589054107668
3.5724764847755432
3.426116505265236
3.6815715503692625
3.557236622571945
3.4328623908758162
3.5402469384670257
3.513655104637146
3.7037813115119933
3.6111065459251406
3.4441015350818636
3.616000007390976
3.5263995009660722
3.4524714505672454
3.5023058688640596
3.4239973068237304
3.391884171962738
3.5967630445957184
3.377205547094345
3.4793586692214014
3.464375213384628
3.367803683280945
3.3174654066562654
3.4166068744659426
3.3530440551042555
3.4248148834705354
3.356302765607834
3.4131603693962096
3.4845305252075196
3.2839564192295074
3.320293806195259
3.449907034635544
3.192716590166092
3.284370836019516
3.256582481265068
3.27545863032341
3.2499821019172668
3.2088631892204287
3.4120876824855806
3.403807940483093
3.3061466240882873
3.2865786635875702
3.27867924451828
3.3565581107139586
3.238652354478836
3.168675028085709
3.2131211662292483
3.2942510795593263
3.2112123107910158
3.3077585941553114
3.1957437109947207
3.2330705547332763
3.123209182024002
3.1356069540977476
3.203923634290695
3.2546005874872206
3.1727557623386384
3.24471201300621
3.1573830884695053
3.2584723258018493
3.0936179596185682
3.163380553722382
3.1074235892295836
3.1447774654626848
3.1376036101579667
3.2592500400543214
3.207112867832184
3.06591574549675
3.0797479790449143
3.1567224913835528
3.111306985616684
2.990562959909439
3.0119651126861573
3.0073993229866027
3.0930084812641145
3.12557043671608
3.0669974279403687
2.880495365858078
3.1168288707733156
3.019447814822197
3.0623798143863676
3.168226989507675
2.9654539227485657
2.9629076504707337
3.0356012785434725
3.1133971333503725
3.004776017665863
2.939515886902809
3.000478841662407
2.9434980803728106
2.8761670112609865
2.9050729009509086
3.065694316625595
3.051650462150574
2.9039487129449846
2.9867909955978393
2.7771685194969176
2.9597885578870775
2.8809120762348175
2.9456820130348205
2.913005537986755
3.032812987565994
2.867841045856476
2.904889792203903
2.853080082535744
2.926826668381691
2.8634390115737913
2.898202298283577
2.860921033024788
2.876163423657417
2.776576855778694
2.8762823760509493
2.7542280942201613
2.7915786880254747
2.901631640791893
2.8437218862771987
2.7658005034923554
2.7806240835785867
2.8150219625234603
2.8633505415916445
2.8659357231855394
2.8659654450416565
2.931035997867584
2.7769537454843523
2.7169570404291155
2.815419628620148
2.888238642215729
2.7488822108507156
2.775876713991165
2.6938606238365175
2.8248427081108094
2.8356534761190413
2.8031555652618407
2.782828516960144
2.679796825051308
2.739374178647995
2.774912222623825
2.814700283408165
2.7245770400762557
2.6931392627954485
2.7922746443748476
2.676093198657036
2.7311515378952027
2.6132001274824144
2.6571294003725052
2.726621609926224
2.81790504693985
2.6944819667935374
2.6289855033159255
2.5464935237169266
2.6805284774303435
2.6245605790615083
2.7388037329912187
2.647890723347664
2.717472096681595
2.815592144727707
2.5901075172424317
2.670383020043373
2.5692932176589967
2.649091142416
2.6591805917024613
2.6295935350656507
2.5946503081917762
2.593302892446518
2.5407091027498243
2.5507266438007354
2.6574711537361146
2.5134506613016128
2.5668536907434465
2.5173171764612197
2.5598615366220474
2.5502701669931414
2.562330829501152
2.552536225318909
2.5617382034659384
2.5091791546344755
2.5158893299102782
2.624250534772873
2.494704985618591
2.635146980881691
2.5050026136636734
2.6897257924079896
2.51722889572382
2.522683480978012
2.5076911449432373
2.4992758864164353
2.5100383949279785
2.5567212092876432
2.5320773774385454
2.4418409669399264
2.462276546359062
2.3674228352308275
2.4976451885700226
2.4158510357141494
2.5051389169692992
2.4583508384227755
2.5207970362901686
2.424782238304615
2.3769396990537643
2.436826068162918
2.4695275831222534
2.550099779367447
2.4253607404232027
2.3787395095825197
2.5874771440029143
2.4240745466947557
2.406087350845337
2.404243089556694
2.452887674570084
2.3595760083198547
2.453162161707878
2.3506401735544205
2.4017196798324587
2.3812310296297072
2.412281739115715
2.418165095448494
2.3272388607263563
2.3817710494995117
2.380487563610077
2.403612533211708
2.338763552904129
2.4440108048915863
2.3496297615766526
2.335376232266426
2.3233315473794938
2.340487659275532
2.4049848079681397
2.277569613456726
2.397290737628937
2.2327348685264585
2.298447012901306
2.4237982767820356
2.31896275639534
2.340488218665123
2.30643284201622
2.367587383389473
2.3749599725008013
2.3351293259859087
2.278691561818123
2.3609995150566103
2.256963440775871
2.288147639632225
2.1676610296964647
2.259147363901138
2.2800840777158737
2.3242539918422698
2.1947267177700995
2.225838178992271
2.2101146245002745
2.2194130712747575
2.28602680683136
2.20441044151783
2.252136067152023
2.28072526037693
2.173864650726318
2.2553186997771264
2.213038945198059
2.240696119070053
2.2819486153125763
2.239005290865898
2.1455951243638993
2.180564806461334
2.223285573720932
2.2163189020752907
2.2699954861402514
2.1696161216497423
2.1504497396945954
2.1480861645936966
2.0826106417179107
2.212923239469528
2.286184222698212
2.1838154539465906
2.1299106389284135
2.202956737279892
2.20701554954052
2.22926279604435
2.2018815630674364
2.114940881729126
2.2365185052156447
2.1771967309713363
2.1061912739276885
2.1741619074344634
2.1432256227731705
2.072851445674896
2.1539541590213775
2.1129576793313025
2.122998393177986
2.138908550739288
2.0766571086645125
2.1449858117103577
2.146912932395935
2.1144430953264237
2.1417110162973403
2.059624500274658
2.0528032433986665
2.2021604090929032
2.1560677754879
2.1820097854733467
2.047939348220825
2.1464513635635374
1.952204288840294
2.0726550137996673
2.0912015211582182
1.9688081187009812
2.1173507988452913
2.045057881474495
2.076263434290886
1.9956720799207688
2.0228075966238976
2.054326600432396
2.056875402927399
2.0871976259350777
2.068044751882553
2.0670720121264456
1.9396573740243912
2.04797783523798
2.0852930623292925
2.0435199135541917
1.9828346705436706
1.9585011005401611
2.0039307379722597
2.0078003185987474
2.025998895764351
1.9868229925632477
1.953692547082901
2.029178521037102
1.9851172694563866
1.9945685362815857
1.9433858132362365
1.9873378762602807
1.9854837906360627
1.9392549127340317
1.958507463335991
1.9338823962211609
1.9921472585201263
1.987877941429615
1.9326705491542817
1.9091475492715835
1.9938629084825517
1.9628078842163086
1.9022730210423469
1.897704138159752
1.946742965579033
1.967112919986248
1.94523115336895
1.9234991401433945
1.946889790892601
1.928500823378563
1.8941457504034043
1.963024809360504
1.955727767944336
1.941302742958069
1.9315334475040435
1.9124832716584206
1.9911095535755157
2.0524255669116975
1.889654252231121
1.958504867553711
1.9332914543151856
1.9621938586235046
1.813177409172058
1.9317022359371185
1.9248615685105324
1.9043383246660233
1.862681088745594
1.902321299314499
1.901411353945732
1.9259559160470963
1.908897175192833
1.9128029519319534
1.8655199474096298
1.8312057322263717
1.9309316337108613
1.8368726646900178
1.8601093894243241
1.8254097056388856
1.8045545130968095
1.910537997186184
1.8983321031928062
1.8452455520629882
1.9265875825285912
1.807419413626194
1.877052373290062
1.8347841393947601
1.8054868841171265
1.8527816420793533
1.7796243610978126
1.734757315516472
1.8044554409384728
1.8164414912462234
1.7687312498688699
1.9024307519197463
1.816156000494957
1.776142981648445
1.8045114734768868
1.8337877613306046
1.834571743607521
1.8041058999300004
1.7094420501589775
1.7312816539406777
1.7901224726438523
1.7064289379119872
1.7651579710841179
1.7963741126656532
1.8320410731434822
1.7982654619216918
1.7912617534399033
1.7097150948643685
1.7867073714733124
1.7451641017198563
1.788045698404312
1.8315636342763901
1.7457477509975434
1.8008688193559648
1.7072252613306045
1.789238552749157
1.722139744758606
1.8126095682382584
1.7380662453174591
1.7084792777895927
1.7151767265796662
1.7317151963710784
1.699541190266609
1.7487097144126893
1.719553375840187
1.7451407134532928
1.6813218387961388
1.6759126862883569
1.7084798455238341
1.605945783853531
1.760888203382492
1.6435616880655288
1.7134148567914962
1.6919417771697045
1.7740964078903199
1.7749772214889525
1.7791996398568153
1.605652455985546
1.6805678951740264
1.6241185128688813
1.7608235454559327
1.6934250089526177
1.718762229681015
1.7518902227282525
1.738340453505516
