1.8489670211076736
1.8804048389196395
1.8134907364845276
1.8827869281172753
1.8430340558290481
1.8373110783100128
1.869262667298317
1.8321968883275985
1.8701988881826401
1.8899677485227584
1.8247480636835098
1.8502396482229233
1.8347124135494233
1.885306566655636
1.7972708517313003
1.91691774725914
1.8615637511014937
1.8340095430612564
1.8283994871377944
1.8575113344192504
1.8229734057188034
1.8377595296502114
1.8645982271432877
1.8341113221645355
1.8349484193325043
1.7936911988258362
1.8223510628938675
1.8106542700529098
1.874688241481781
1.7967299580574037
1.810606279373169
1.8337383264303206
1.7793211364746093
1.7811551317572594
1.8029712408781051
1.801189756989479
1.7996117696166039
1.8333713614940643
1.8135048973560333
1.8711784952878951
1.7705579882860183
1.7906215953826905
1.7892573562264442
1.831841756105423
1.8113339799642563
1.7604098156094552
1.842868230342865
1.7887688893079758
1.786608839035034
1.7633159750699996
1.8086903715133666
1.7863863432407379
1.774882073700428
1.7494733369350433
1.7972941893339156
1.7548545870184897
1.7393604028224945
1.7892698255181312
1.7620726716518402
1.751471869945526
1.8474117869138718
1.7672370892763138
1.7623102831840516
1.7617398023605346
1.7771702879667282
1.7685086560249328
1.7254861277341842
1.703827263712883
1.7793036079406739
1.7037143659591676
1.8113354203104972
1.840098580121994
1.742826738357544
1.7583587762713433
1.78760384619236
1.7754653745889664
1.7236110997200011
1.748724294602871
1.7656537052989005
1.729462364912033
1.7078660452365875
1.7776748737692833
1.7486541342735291
1.7633860459923745
1.7356811833381653
1.7411318272352219
1.7529898655414582
1.7363215655088424
1.7582957035303115
1.8449769189953804
1.7240998721122742
1.7308733075857163
1.7325794422626495
1.722492159307003
1.713717400431633
1.727503479719162
1.7314246423542499
1.853448578119278
1.71093175470829
1.677667143046856
1.69737200319767
1.7603966778516769
1.7268140172958375
1.743333761692047
1.7415323132276535
1.6969932478666305
1.7563194370269775
1.7242684572935105
1.687650750875473
1.6713794913887978
1.7351992839574815
1.7535936391353608
1.689530042409897
1.67618501663208
1.6575553476810456
1.6993116080760955
1.6696485394239426
1.7478199863433839
1.663005712032318
1.706192217171192
1.7475638151168824
1.700210026204586
1.7189993676543236
1.6988008412718774
1.722305298447609
1.7190757924318314
1.6386499637365342
1.6615170174837113
1.689983620941639
1.6705988904833793
1.7958400720357894
1.6494335508346558
1.6978424993157386
1.668660183250904
1.7104025122523308
1.6748237991333008
1.6605908569693566
1.6381286573410034
1.6505364280939103
1.6638546466827393
1.6794827607274057
1.6725660970807075
1.6154581579566
1.6995887300372123
1.6531173169612885
1.654336728453636
1.8126405689120293
1.6254577493667604
1.6521691235899925
1.6206317141652107
1.6387163659930228
1.6172019910812379
1.6371924641728401
1.6225822898745537
1.6637593361735343
1.6291771763563156
1.6744144082069397
1.6020914825797081
1.6790285038948058
1.6405880600214005
1.6957884213328362
1.6595224416255951
1.6458458477258682
1.6004386621713638
1.5988264763355255
1.6092371335625648
1.606116060614586
1.607368644475937
1.627843638062477
1.5935066002607345
1.6018836975097657
1.607780928015709
1.5831652241945267
1.641299035549164
1.6596894717216493
1.5915251332521438
1.6337109306454658
1.589928994178772
1.689704318344593
1.6258176308870316
1.597621477842331
1.5899662098288536
1.6035409486293792
1.626082404255867
1.583802689909935
1.6123634278774261
1.5820874738693238
1.632999890744686
1.5878378170728684
1.6116690835356713
1.6766382959485053
1.6101535552740096
1.628311429321766
1.593539000749588
1.626187533736229
1.5821792548894882
1.5791993823647499
1.6264463144540786
1.6316108149290085
1.5693495380878448
1.5957197958230973
1.5781271323561668
1.5794977498054505
1.5733641868829726
1.556577881872654
1.573529228270054
1.5476354086399078
1.5832607075572014
1.576270799189806
1.563265529870987
1.5942692491412163
1.5573168063163758
1.5567953950166702
1.593718668818474
1.566971958875656
1.5525964143872262
1.559095157980919
1.5617075473070146
1.553408289849758
1.548537095785141
1.5670924723148345
1.5401268500089644
1.5391797214746474
1.7042947936058044
1.5401420205831529
1.5535441556572913
1.5296647268533707
1.5563273668289184
1.6228730696439744
1.520461183488369
1.5557196342945099
1.568212887942791
1.5499472570419313
1.5776728081703186
1.4945377257466317
1.593243328332901
1.534808400273323
1.5515520763397217
1.5193905320763588
1.5270805165171624
1.5420076286792754
1.5565186268091202
1.5464567232131958
1.5737468004226685
1.507807179093361
1.516941793859005
1.5382056787610054
1.5094097501039505
1.5051858937740326
1.5662958362698556
1.5479414719343185
1.502718077301979
1.5232530012726784
1.50635633289814
1.5309486505389214
1.5001607912778854
1.5048995998501777
1.5073487612605094
1.5324752527475356
1.4895625203847884
1.5097845381498336
1.4874777054786683
1.5185812878608704
1.4851822471618652
1.5439031738042832
1.4981280115246773
1.503450084924698
1.535331197679043
1.4795735064148903
1.5109123957157136
1.510200522840023
1.4792460617423058
1.5142246539890767
1.5051002183556557
1.510177896618843
1.4785620969533921
1.5264743411540984
1.4429066541790962
1.4861140823364258
1.4902286714315414
1.4773906362056732
1.5371889033913613
1.4557957217097282
1.4485470086336136
1.4974883154034615
1.5175429716706277
1.5102301640808582
1.5139503160119057
1.48188929438591
1.4732376843690873
1.4885428816080093
1.4810082486271858
1.4500120529532432
1.4942980793118477
1.444613956809044
1.4785488215088844
1.495487828850746
1.4781282950937749
1.4880088171362877
1.474824103116989
1.471850796341896
1.4680842161178589
1.609479232430458
1.4857241475582124
1.449639177918434
1.4745776730775833
1.4771067464351655
1.4795455539226532
1.5260600751638413
1.4588796618580817
1.452893258035183
1.4479243966937065
1.4767483299970627
1.4502544903755188
1.4242963016033172
1.4591223159432412
1.456240235567093
1.5528735166788101
1.4754798731207848
1.4795444360375405
1.5014266753196717
1.5365952882170677
1.4777529269456864
1.4735232344269753
1.409731079339981
1.4233248135447503
1.4546632380783557
1.4135619670152664
1.4123438614606858
1.4475212255120278
1.4325466692447661
1.4395463383197784
1.4684545749425888
1.4112266358733176
1.4733264502882957
1.419026234447956
1.4743397706747055
1.4221496757864953
1.4281200295686722
1.42746611982584
1.430150721371174
1.4033627754449844
1.399193521440029
1.366928989291191
1.4214411747455598
1.4482668361067772
1.4894510519504547
1.4484474441409112
1.4148227375745774
1.4384394615888596
1.3937411469221115
1.3874637147784232
1.421531116962433
1.5023039728403091
1.4085282085835933
1.4045723906159402
1.3939282438158989
1.3684675136208535
1.3956109952926636
1.3879901278018951
1.4233567506074905
1.3857816433906556
1.3932785311341285
1.386769227385521
1.37672209918499
1.383594617843628
1.414668942987919
1.383113579750061
1.4069361659884452
1.381189280450344
1.402370915412903
1.3666470196843148
1.3903921234607697
1.4016185143589974
1.3813810989260673
1.3754541325569152
1.3606899186968804
1.4101473343372346
1.4290546596050262
1.3526941853761674
1.3575545445084571
1.4434634211659432
1.4268625271320343
1.3972665962576867
1.4281162172555923
1.3876774960756302
1.352369363307953
1.3562494391202926
1.3639346846938134
1.4033483156561852
1.3880508601665498
1.397507735490799
1.3684236827492713
1.3674035796523094
1.3191791355609894
1.3611517477035522
1.3705027601122857
1.4049183788895607
1.3496633866429328
1.3821167811751365
1.3598697045445443
1.3617117047309875
1.3462173494696617
1.3987719452381133
1.3184890228509902
1.3508670940995215
1.3670934849977494
1.3881532874703408
1.3502477666735648
1.362611122727394
1.405617552101612
1.3920324441790581
1.348815991282463
1.3957520285248757
1.3742969927191735
1.3560110360383988
1.3686161859333514
1.4099776035547256
1.4073319283127785
1.3640130883455277
1.3718612456321717
1.3085907304286957
1.3509789249300956
1.333346728682518
1.316121346950531
1.421525998711586
1.3425785228610039
1.3410259941220284
1.3615680432319641
1.346275418996811
1.3661863616108894
1.4102178502082825
1.3580967447161674
1.348162437081337
1.3122596800327302
1.3214919194579124
1.3196745228767395
1.3271188619732857
1.3482837927341462
1.3825335937738419
1.302638853788376
1.2985617551207542
1.3183731850981713
1.3972384005784988
1.3311631560325623
1.3231945380568504
1.315931307077408
1.30215457290411
1.28474338889122
1.3382010191679001
1.3232188740372657
1.3030326396226883
1.2994966632127762
1.2970089715719224
1.3003375151753425
1.3574783843755722
1.3215272110700607
1.3729388323426246
1.321089941561222
1.3272651186585427
1.308419853746891
1.3470326349139214
1.3155133643746375
1.3615462154150009
1.3310326611995698
1.290990996658802
1.2789829650521278
1.3242558771371842
1.3205549651384354
1.3056900656223298
1.2676809966564178
1.2863979998230934
1.3082517328858376
1.3085897135734559
1.333681370317936
1.2989647585153579
1.3218423080444337
1.265897640287876
1.2607133817672729
1.255794528722763
1.2616382095217704
1.2972968459129333
1.2849745774269103
1.308116966187954
1.254692728817463
1.3066670155525208
1.367671837210655
1.2612301971018314
1.264631093144417
1.3065957078337669
1.2584330040216445
1.3254978415369987
1.2689419284462928
1.2483128112554551
1.3135172832012176
1.259182514846325
1.265619338452816
1.3017616671323777
1.283931106030941
1.2937823289632797
