14.687715575579674
4.391995761183001
3.7060597380322795
3.4421188014168895
3.27668715725022
3.130262616661287
3.008511830722132
2.909545295661496
2.8197850714768133
2.7543965063748823
2.69407255418839
2.6495267734412224
2.5973638070206486
2.550141644573981
2.5171161125744543
2.483985986921095
2.4557900472033407
2.427403027492185
2.3943302725111284
2.3698510998679745
2.3464065778159324
2.329613691856784
2.3079466771694923
2.283395070702799
2.2653786410247125
2.2486279683728374
2.2303297719167126
2.2231201452593647
2.201099800967401
2.187922445997115
2.1789221292541874
2.1724882493576696
2.1581215300867633
2.146606301107714
2.141262295746034
2.1299886059376503
2.1253652760098056
2.1150328276618833
2.1040145860564325
2.094047988134046
2.0913269865897393
2.0789852017356503
2.0677843053014047
2.0606601070011816
2.055759271066035
2.048488994759898
2.0503418272541416
2.032015120310168
2.0243443555889593
2.0309198527566847
2.0199627462894685
2.010469157128565
2.0014747486960505
1.997191769461478
1.9865892354038455
1.986179058590243
1.970772280808418
1.9672998403829913
1.961305501239915
1.9641181905904124
1.9493653175811614
1.9478665823417325
1.9442960088772159
1.9361078806461827
1.9235633529963032
1.9272507707918844
1.9194447811572783
1.9123152568936348
1.9054650722011444
1.8976682196221044
1.9011940823928002
1.8897416817565118
1.8800942496426645
1.883748062675999
1.8848299136565578
1.870571899317926
1.8720374467872805
1.8633115140180434
1.8512848279168528
1.8528234751955155
1.851116567850113
1.8408185258027046
1.8316117940891175
1.8362604644029372
1.8281951513021224
1.8213777582972281
1.8208894772875694
1.8170428857687981
1.80766593376475
1.8045602541777395
1.8044545128941536
1.8022426888346672
1.7963305779041783
1.7972109880178206
1.7828994761070898
1.7811908935827594
1.7735614103655661
1.765124200813232
1.7655526445277276
1.7740594528375133
1.757177457453743
1.7590740693192328
1.7444850785597679
1.7464143431955768
1.7430025351143652
1.7363766102540878
1.7427579010686567
1.7239571314665578
1.726823610884528
1.7265779481780144
1.7185096957029835
1.7244965162488721
1.7157754297218015
1.7100346617160305
1.6985242933996263
1.7032906225612086
1.697350946645583
1.6951365521357906
1.6894876339262532
1.6931767163257445
1.6819471813017322
1.685563151153826
1.6752114757414787
1.6690246760845184
1.6754122328373693
1.6685427259052954
1.66043335367595
1.6627375276819352
1.6568589775312332
1.6580219872055515
1.6504752448489588
1.6448333027862734
1.640483239966054
1.6329050073700566
1.6364286265546275
1.6340865286127213
1.6384244150211733
1.6255088835473983
1.626048079902126
1.6273968373575518
1.616497311620943
1.616368533622834
1.6144770487181601
1.610988024982714
1.6089822133221934
1.6032814965132745
1.6029901047868114
1.5917392959517818
1.6018897254140145
1.594560120615267
1.5897692961077536
1.5796424051926983
1.5801731965714885
1.5746939973004404
1.586323934216653
1.5702307618433429
1.5695262911819643
1.5666507835830412
1.5657610016003731
1.5566595208741003
1.5657628099283865
1.5680327006886083
1.5563478986582449
1.5495039366426007
1.5422667221676918
1.540856153253586
1.5413383978509134
1.5398308800593499
1.539105362228809
1.537919392268504
1.5306396566091045
1.52993538495033
1.5304382241541339
1.5230027297812123
1.5196442068103821
1.5212410606684224
1.515707477206184
1.5139603199016662
1.5049546820021444
1.5163151547312737
1.5028936932644537
1.50338482400102
1.500877739200669
1.4956195224677362
1.4946755723607155
1.4942514377255594
1.4880131809942183
1.4853415582929888
1.4832490836420367
1.4776694539093203
1.4791884792427863
1.4816695307531664
1.472021846280944
1.470487115363921
1.4649326808510288
1.4618860807630323
1.4702880425799278
1.465990160982455
1.4691778644919395
1.465137043787587
