34.158842028311966
8.217729059030425
5.549093732294047
4.95683579287439
4.572904378738043
4.319676083776186
4.116177356468056
3.9416726029144145
3.7904643382666245
3.629727891593609
3.5040043007652715
3.401099018893152
3.2983054951676785
3.213540065963313
3.1353474810438335
3.0588593314278802
2.9861166187614763
2.934415782397648
2.882671595744367
2.843439774693183
2.810901105966208
2.7566150972303354
2.7317478308137857
2.6963036442702673
2.670414680017615
2.629627043346189
2.612875078646642
2.5967610298462636
2.569329950607048
2.5500080827272162
2.5354507458659836
2.516570070442164
2.499892108845261
2.476028656622149
2.4678524861920557
2.4538575590781444
2.4286104485673725
2.422292174595707
2.419412184436366
2.401238695630487
2.38193634264874
2.3822050555697025
2.379431513682851
2.356780080300457
2.3488074619815036
2.341642087922906
2.3225650629907286
2.3107005020357527
2.29807141254533
2.2877381500208154
2.2894976701376573
2.284592282659603
2.268278225412909
2.2653276532326103
2.274397315281742
2.247340335598532
2.2434072505752995
2.233357111238084
2.2255387632352
2.210736053169898
2.2174678259300737
2.2108822802327714
2.2088000824991263
2.19312370610687
2.182489705535601
2.1793880282707936
2.1646862049710074
2.1667565599365055
2.166216715608003
2.170739230119957
2.1481498395496943
2.1535299735249214
2.135678803583361
2.1291879938458496
2.1141472866512694
2.114890177857201
2.1170229118949964
2.114250735573049
2.120435765329397
2.0992820681828372
2.086751696073784
2.0831015540181466
2.086643838095215
2.0787409285329423
2.072015731964471
2.070668686673326
2.0683263945129684
2.0612499309035965
2.060986118215435
2.0495495807449773
2.0469596706471354
2.039962962550937
2.038069206026365
2.0298821279462778
2.0234148997180865
2.0271934119035615
2.015763723063019
2.01568467268404
2.005575367302265
1.9980426337921395
1.9974932648100943
1.9966916784925282
1.9993413293136741
1.9881092506759572
1.9833547526373054
1.9819387234044525
1.970795474524768
1.9771609767427984
1.9648269532986407
1.9667486601843025
1.9532826967396826
1.959272099553414
1.9604624734734588
1.9436539325792834
1.945829966158237
1.942963367363192
1.9319823218404122
1.9439712121801556
1.936267173515176
1.9535710454549429
1.9231015671536607
1.918045942513448
1.9163078904714224
1.9090277800020181
1.9097041302132156
1.9100676654082425
1.903125321527697
1.909136120440825
1.8939046362098657
1.8966698396318364
1.8885968327522278
1.8849957888981081
1.8957462001521632
1.8743755415363132
1.8741437036473796
1.8709573270577304
1.8800004776918664
1.8654693241389293
1.8750215493283182
1.8635725109082348
1.867402452905223
1.8569730843575496
1.8535482621980164
1.8761700821935006
1.8426333980740242
1.8482303245449967
1.8383953264861737
1.8338634607926854
1.8273271506406226
1.8301444261703852
1.828706479578648
1.8325131175652989
1.818553627943093
1.8275698752335783
1.8132593443371214
1.8247689759393908
1.8160072587571054
1.8084908875654329
1.806789350397182
1.8063332581857465
1.7979093312092547
1.7975502888549049
1.7975519802772775
1.7958000414776352
1.79364039566157
1.784999132999834
1.7871595452416618
1.7779117412162277
1.7850925000208728
1.7813720793094274
1.7749253269636407
1.7847754511068452
1.7731893360614777
1.7620102034987144
1.7692655861940023
1.7647960734254908
1.758401333723428
1.753416333206982
1.7600753568815735
1.7541463299179978
1.7496588234350365
1.7510828555754896
1.7524999416661713
1.7454798828880742
1.7397024409388595
1.7379008846462898
1.7423441570322469
1.732656014415453
1.7307661136366286
1.739900954770592
1.7369711997936357
1.7275699793167834
1.7232739829792167
1.7184451821277726
1.7178960403181471
1.7181089936562304
1.716948094795335
1.726682575806132
1.7110468995458674
1.7172937803673294
1.709760939175228
1.7084958497083411
1.7020382300581571
1.7051037032649201
1.7036109940623336
1.6975020344527263
1.6896543514053777
1.6971205515119265
1.6846684031891372
1.688337134865095
1.6873687404506612
1.692940912437889
1.6838433202707543
1.6799884550976303
1.678145413409989
1.6725152278283857
1.6702410921735584
1.6802081223928704
1.6799994260072708
1.664673021660661
1.6652731771739024
1.6633334573147431
1.6685942074037947
1.6618305529063602
1.652164233602443
1.6551987725608754
1.654345967859592
1.6579799382191784
1.6448226630125407
1.6499788800500474
1.650467022128825
1.6428505561824114
1.652832768998056
1.6624807754777513
1.6283778790033088
1.6418604788915165
1.6374913057628668
1.6325101872097771
1.6275254822564575
1.6226367053558242
1.6390603423680898
1.6211004813887038
1.623534232940314
1.6211282267885387
1.6169721675368975
1.6190581830605022
1.611361395075636
1.6073624930291806
1.6091822141183998
1.6073717354041226
1.6040657514108803
1.6059983853461608
1.6072131465628463
1.6032151669826147
1.5933564243451603
1.6120628998526987
1.605860727013282
1.591612015973847
1.58577376379157
1.585653710196603
1.5821578533581968
1.5831203367912545
1.58555058488306
1.583887516608778
1.5744577103628303
1.5833557346519433
1.576399733435433
1.5779755306693743
1.5753423467559635
1.5650291099863232
1.571951929128395
1.581683783598666
1.5692739705994445
1.5655704230632421
1.5549589141078715
1.5617242047809206
1.553784411470845
1.554115354452493
1.5555594248591729
1.562754695707897
1.5513811704685103
1.5579576571032685
1.55382110206586
1.551329622853477
1.5456984819106336
1.5461642559406892
1.5470009224032455
1.5368362164722298
1.5414851392215152
1.5467483122956078
1.5387995642311167
1.535408025080303
1.5383840405716087
1.5300321162871595
1.5229300448916994
1.5238827399487764
1.5327268119128246
1.5253191013943475
1.5269058282082935
1.5169672129570313
1.519839640214758
1.5196544716380678
1.5202246620407645
1.5134875029325485
1.5158878348346025
1.502738023703953
1.5062476143522083
1.5031884821518413
1.5143269272345417
1.5041168497980766
1.5082751464731288
1.498041237581451
1.5026832259488556
1.5005026917974904
1.4937858671512243
1.4956981022402924
1.4900105674311799
1.4883305731247056
1.493829867749844
1.4930903782259743
1.484637905123099
1.4745650060896605
1.47996257976541
1.4816194508435592
1.4737027117385055
1.4792852238664087
1.472114807873402
1.4776358402000282
1.4824035122709454
1.4789890669426828
1.4662602782811758
1.4691874427053164
1.4617642377907376
1.4624220166566237
1.4591942395804063
1.455235409286787
1.4619661474002983
1.4509450602081586
1.465619201367756
1.4502783192778534
1.4624085465692125
1.4487267414916236
1.4569740826791187
1.4437718551676229
1.455263373143268
1.4488984312651292
1.4520101685006663
1.4432881617883466
1.4344704759149056
1.430589773744907
1.4351151608071238
1.4382603491814632
1.4378539455949135
1.431220680475235
1.427134227218493
1.435691643154846
1.4233859187027194
1.428682046397677
1.4262177882329472
1.4270834616332684
1.4216408085710597
1.422163945324016
1.4125258748261433
1.4133482007485516
1.418645075188493
1.4178916103435013
1.412015677060721
1.4162009181279056
1.4109390484836866
1.4065370776180952
1.4079565408657182
1.406358242878374
1.4076381612498805
1.4017257504868057
1.398961194562462
1.4126708229195397
1.3992587704703492
1.392744427160272
1.3927125840816859
1.395210752931406
1.390225643538079
1.3949059115828208
1.3891801696340993
1.386814777300043
1.3890094220075968
1.3825992182740625
1.3801671289048105
1.3832928872895691
1.387431780965823
1.3770581736879528
1.3797728349015397
1.3742069174658578
1.3676957220963712
1.3762378911927062
1.3712569340220038
1.3883036369422697
1.3631588390694473
1.3715860714327615
1.3650443120947424
1.3558238510675025
1.3594675131563871
1.3665044377997237
1.3644115767388973
1.370837890033452
1.354573887474132
1.354969173950969
1.351230891808024
1.3564974297330064
1.3558115363121033
1.3495804535330467
1.3478719015728753
1.3515904185906895
1.3406078686129372
1.3403305296065673
1.3402701529129497
1.3447765176588635
1.3478451177196682
1.3373285250843696
1.3364543636452477
1.3373669324056157
1.3340545119541996
1.3315451794637825
1.3310235235488639
1.3283408088785298
1.3294014410590225
1.3314714794451337
1.3414728166359775
1.3377813944276773
1.3242047178857732
1.3251214252327972
1.331382747809842
1.3174308395048357
1.3225915365905132
1.3145442214214578
1.3182044484705295
1.3195502353164386
1.311363566034245
1.3139439056504447
1.304761435906842
1.310580257256076
1.3030176207704365
1.3187124835995008
1.3111150380013123
1.3038646075523124
1.296578144689776
1.31040491473
1.294269636835692
1.2976071885171927
1.298203635890529
1.2969460588581156
1.2914799991643653
1.2919246022993665
1.290572000280866
1.293662283499286
1.2923195870979778
1.2862444992335338
1.2928590898243886
1.2806750150784008
1.2825960665941238
1.2854348387358323
1.2887810839796967
1.2849065326857116
1.2953419769709964
1.2780821523014105
1.2754226863946554
1.2772097427327678
1.2762819548260491
1.276363803530639
1.2673297465409872
1.2725023516225364
1.268468491873651
1.2671796657004446
1.2642374131477103
1.2622123124464504
1.2892353441917672
1.2791043955762431
1.2673795973917223
1.2589103185905601
1.26545571943499
1.2543500518461443
1.2514230901340269
1.264085757282545
1.2519268877101395
1.2469675678689525
1.2545159324160162
1.2414864400085412
1.2610477301872
1.2554634500224635
1.2480340071444243
1.2491209097909477
1.2413603137686569
1.2518475379021663
1.240117926923734
1.244237923678362
1.2418731287965235
1.2399385127256501
1.2452881232185185
1.235025314508744
1.2418305244085923
1.2275421414172873
