35.12511874144932
7.885210400482394
5.558009808918215
4.888048732055808
4.506332151170047
4.2535383493270515
4.00610992143739
3.804702782405997
3.628674824845116
3.487415592625456
3.3610692434715776
3.254212092116194
3.180556639185492
3.076992580913148
3.0168216279092825
2.961556244008946
2.9176955824753024
2.8621645862201475
2.8278577220889756
2.786931486062284
2.761887108942248
2.7228956498065084
2.6938166969789648
2.6758762271899097
2.634714777036658
2.623549351152384
2.602123316166536
2.575660695726017
2.555841812547648
2.5361148923073173
2.5191509403147787
2.5176514010384397
2.502912147427505
2.470384123190394
2.45500799648042
2.4428098078043954
2.421856201482269
2.4196391448659718
2.4011464748742446
2.3873136993849053
2.3762436315136135
2.3676424448220237
2.3582209972840436
2.353973760357443
2.337242672747036
2.330887998050114
2.3260067841916716
2.3158168129201204
2.3204196438474476
2.2887894966692293
2.2783466583152987
2.2664671163513974
2.262707734164202
2.246247609268944
2.2492015985947735
2.233518321559114
2.2370140918020933
2.2248036046073123
2.2130839745953397
2.212982734138111
2.1995073725592413
2.197001465086667
2.1810211297476068
2.179593614812167
2.171463148211533
2.18226037047944
2.1675199990002616
2.1579154521789192
2.13443942114992
2.1359926344088787
2.135137991241689
2.1348153937537715
2.1153166086043953
2.1118107336872027
2.1102932491954767
2.098799522474127
2.100600517864497
2.1017787563350967
2.0868224642186797
2.0762530812677347
2.097109895269826
2.072465371410802
2.070314886435023
2.064803528335859
2.0605941864679442
2.0559477468706526
2.053160942388031
2.0511795057440705
2.0392142421794386
2.029541296778985
2.037594992597148
2.0231127944195046
2.022847787951523
2.02331806072649
2.0158468392097726
2.0075290009098232
2.0021793690492524
1.9898059927629974
1.9998311990836881
1.9933233173950664
1.9817109971113924
1.9872353993496805
1.9885071993998762
1.9720005499866773
1.9718177504134629
1.9704605217249889
1.9540002531600449
1.9513693148235105
1.9483064730774682
1.9529546094390582
1.937164195022493
1.9387108632978403
1.9368650800776932
1.932702067044546
1.9449788511924024
1.9168274250795256
1.9153049703476563
1.9133802753574443
1.9175553147522908
1.9181606412496206
1.9218451625333641
1.912777713447247
1.9078109700162456
1.8914087495573286
1.8843261984721669
1.8917391662890057
1.8862837988812968
1.8830218773405507
1.8881198375854853
1.8768978979227677
1.8781633779125393
1.8645963601346285
1.8662866747604225
1.8551626182952017
1.8625793347381197
1.870136355172913
1.8519690525981616
1.853382848624913
1.8411489860066828
1.834529605114235
1.8322489464058067
1.842963235558204
1.8264902931339335
1.8283744077637512
1.8186240814766794
1.8284344706895217
1.8191700695820574
1.812217524591482
1.812206708878841
1.8004351477578002
1.8150324607795139
1.800121228931085
1.7953224162448127
1.781599094845214
1.7994311651531256
1.7921508325720734
1.8063240040023372
1.7838223542807237
1.7747836638734025
1.7956119646441262
1.780017224966355
1.7722894779916079
1.7731412559185389
1.7769079874708968
1.7652735268732287
1.7720850143792495
1.7616720812500648
1.7546565577668964
1.7605048274656512
1.7508274004706796
1.7470434133736592
1.748193752090886
1.7418516126443755
1.7483112601176747
1.7391113965016491
1.740780311091891
1.7354306834486295
1.7404340744580862
1.7226469179369368
1.726567877069959
1.7232950346649818
1.7162726704242095
1.722487895556216
1.7128936887349722
1.7072361508068048
1.6996439611012082
1.7045852539111983
1.7059886357131995
1.7036168966090903
1.704333355404296
1.701087307536377
1.7018035568718641
1.6896455720910486
1.6878277527273826
1.6848844500645153
1.689937730161649
1.6823509022031191
1.6812433099971626
1.675767849357623
1.6776677263232898
1.671421984737774
1.6646260217113316
1.6716932480065327
1.6660718307742532
1.6594835165536628
1.661693199625555
1.653326488047276
1.6517275411565349
1.6470664523120195
1.6528549444562983
1.6486501300110008
1.645669678472123
1.6501018677679997
1.6404134150383607
1.6311499529852058
1.6404837490815036
1.641662116601782
1.639264554066478
1.6341270548555087
1.6336398144375603
1.6343246169810026
1.6280915697790541
1.6194585232802157
1.61484380291318
1.6134406435039808
1.6166718531891984
1.6090236795398425
1.616567317607268
1.6033673760885339
1.60260083568546
1.6023951507401917
1.5972493608605187
1.5934739503658042
1.608877345638455
1.595716971552597
1.5971327142895393
1.592925175743283
1.5901714864204515
1.591370383804699
1.593007839794429
1.5893745576997973
1.577269340461155
1.5798417054257303
1.5741014429983102
1.57469690070962
1.5719352775024917
1.5716766009353242
1.5631556713356163
1.5643983325868283
1.5696973699443746
1.5586274890404828
1.5641220287894302
1.553568979198078
1.5513420399489268
1.5617616592713122
1.5477579567792281
1.553988497493402
1.5396728622463514
1.561094879260603
1.5435562429000746
1.5398200216158382
1.5380122515390504
1.551102525501881
1.5355007010248471
1.5376074052644226
1.5442475729955818
1.5342727702743602
1.5318922465139966
1.519762692867585
1.5312623246660773
1.532598928741689
1.523662241070338
1.5163550286922816
1.5189495055742983
1.5149846796719533
1.5200913509107985
1.5073639491818986
1.5204675301628292
1.5142717066238511
1.5032639540029022
1.5005165704016417
1.4999972657774978
1.5024356278327275
1.4909429437709305
1.5080568557077985
1.496446874203547
1.5002888258335725
1.4964681377388396
1.4966396548837986
1.4913937082549311
1.4845982823731765
1.4857388689832867
1.4856460817017645
1.484785816579495
1.4809649153700415
1.473644661172381
1.4722913914131668
1.470455934416573
1.4756551081279539
1.469720016110618
1.4803529466098209
1.465280998709067
1.4595043529879372
1.465134379717539
1.4623157665976938
1.4579220610969472
1.45668326599418
1.466102640302676
1.4653585786527057
1.4651501316506907
1.4526086528346223
1.4502782425228156
1.4536395331598677
1.4451926153785777
1.4399152769232697
1.4483377899763719
1.4419662586922914
1.4350566667205882
1.4415003834468014
1.4410553026311803
1.439980242049919
1.4280122805316493
1.4389210576718707
1.4291022037560086
1.4207293703308645
1.422920193593457
1.424775501185993
1.4267423003911972
1.4245640329032574
1.4240986707637895
1.4188509937727227
1.4185538269438833
1.407590335832452
1.4100797364734254
1.4097913789018146
1.408613918524868
1.4045279984766583
1.4076819760057162
1.410427452820652
1.4140053186214194
1.399432250913584
1.4075816383339324
1.4077979329059709
1.3893363436438002
1.4051603986969534
1.393252064878086
1.3908613636246268
1.3810646500227586
1.3841334016255613
1.38363368303146
1.386656548054713
1.3818668034279122
1.3808200598325369
1.3804542110213693
1.3856178583963863
1.376451569767493
1.373531309220026
1.3749000050549238
1.3793228374056097
1.3762568659939856
1.370806226471685
1.3610956583101794
1.3703621954850431
1.3653093778862144
1.3564121748478908
1.3662196479316027
1.3523751966795832
1.3608972677644693
1.3575468605981682
1.3525294385991007
1.35896221028184
1.3513479418349716
1.3596229570091896
1.3454786395689227
1.35761224675291
1.3423301577568054
1.3475810160052102
1.3428622596668747
1.3427100814176056
1.3457828242823762
1.3326771501100287
1.337119735917955
1.3439948778107482
1.338077741692651
1.3371736935849459
1.3349109227364917
1.3300576333729726
1.3293327348974515
1.32022349859746
1.3278271693666026
1.3216667765716337
1.325660728339879
1.3258427679538727
1.3235728771619077
1.3167282039264463
1.317778985455351
1.3122137028653666
1.316897065290865
1.308041584379268
1.3058140573074233
1.3089385445950166
1.300254633685328
1.3059554167513578
1.313206379987159
1.3096694381169554
1.3000404061573856
1.3034947528591696
1.3012014194479529
1.3000514684420712
1.306725412044885
1.29902594438139
1.2931063402936143
1.2930880388561286
1.2905591242718246
1.2868674217530016
1.2933237175896484
1.3001954358703685
1.2898301389419808
1.2865544904796582
1.2843833515104257
1.2784841681988734
1.283572887474636
1.2724849353983718
1.2745660310083966
1.2758483971064944
1.2747638827224947
1.2732754389070116
1.266989046953759
1.2645613598233123
1.2688481664320208
1.266871545674666
1.269389827015265
1.2587002150292665
1.2638476327905115
1.2614584486439544
1.2604039300162837
1.2534343875804037
1.2572751734054313
1.2506728733204446
1.2563330671697293
1.2565624725143865
1.248958800198897
1.2434115010612417
1.2561221679426589
1.2431790775285576
1.2471792276175517
1.253981183722334
1.2417031085153796
1.246220518114432
1.244266853017627
1.252219760193015
1.242071456785472
1.2352511348589412
1.2330834924612406
1.2341812842718836
1.2449385436638347
1.230439247668914
1.2353613494702105
1.2298794265063304
1.2241503461351935
1.228953575469413
1.2293846129246477
1.223405195294686
1.2297605458857879
1.2249771120413295
1.224607302613978
1.222423623755293
1.233091487355952
1.2114407408912227
1.209760717344734
1.2100067197714213
1.2042613456834037
1.2076032518778208
1.207810826318444
1.2088719007541548
1.2196095611126918
1.2005509275872752
1.2205618742220807
1.2034949921774414
1.1982686332655403
1.2161941131893195
1.2146711113317958
1.2225428783106354
1.1917738706435796
1.1957954301867846
1.2004858081070882
1.1935729925643723
1.1923432881539722
1.2031401617909379
1.1916486104985453
1.1961585749995034
1.1976108894033253
1.184045156499125
1.1878516336656966
1.2017700011437793
1.1890783799144458
1.1792840549968324
1.1755197841041494
1.1713678131126009
1.1730601691974785
