14.692806930311265
3.4687471178270157
3.2129244559234187
3.071989962170201
2.9703830009506595
2.8872117991408994
2.830666426689394
2.7893942358993713
2.744092192380659
2.692180305238693
2.646319952222609
2.6226817177188013
2.5984534068453695
2.572394238364312
2.578470484864327
2.523273150286367
2.5168320825023036
2.4780955401159104
2.472922162663552
2.4743884383670744
2.4422052094051914
2.448241872172202
2.4302197920699276
2.41511975324923
2.4071533499706175
2.3840408707337994
2.3841368868466346
2.3781629632557593
2.3620308680880453
2.346255223116567
2.327777017028101
2.3341633956278525
2.3179419723249253
2.3055072720012357
2.318154080740867
2.2976796816914313
2.3020589048824003
2.2948682404333547
2.2763015579792762
2.2719015825179314
2.2682426172879433
2.279423722096028
2.2491498534237184
2.249065583271365
2.2474442934316974
2.2346468745700774
2.233229324221611
2.2302481286948725
2.2156299083463606
2.2353306943851132
2.216192988138045
2.2121362873623447
2.1983857741278987
2.1968583873202725
2.195265914163282
2.1969913897975797
2.195866483834482
2.196133873876064
2.1789674326296775
2.175142556909592
2.173838161653088
2.1640108593048586
2.1546536318717466
2.1507715979410755
2.15313913408787
2.150214802353613
2.148895812611426
2.1459677666425705
2.133068643750683
2.137723691521152
2.143630743507416
2.124695849034094
2.1377054565856533
2.1163498028632133
2.1296633359405304
2.1130767034426814
2.107500437286592
2.111389013548051
2.1079380663652576
2.102966198036748
2.0972102125806193
2.108510192603834
2.086316071691052
2.0918285402078785
2.07608598494722
2.104935721283959
2.0744651113787005
2.0763779996383573
2.068282469626396
2.0672906319941244
2.0675385976510663
2.069006419470233
2.0510296662968974
2.0630401053255603
2.0652890681259093
2.0662249220955755
2.0501976652491476
2.047930584799859
2.0476098935450278
2.0386032337142574
2.0405760244015725
2.047711320221424
2.047349601022659
2.0304536567099634
2.033020566788412
2.018537917685124
2.030957304902615
2.0182372797881403
2.025667314087191
2.0172275617238014
2.0135099392744804
2.0121592054924657
2.0198711947568
2.006045858465856
2.0122767518604956
1.9881932310038997
2.0124738021723685
2.0033340954011485
2.017064679053522
1.9978048053960646
1.9964691955716378
2.002786222484804
1.9911257610205682
1.9819221066371087
1.9845820415404536
1.9968174830559762
1.9697834065844935
1.9745283213353926
1.9803636052435445
1.964769662868592
1.9678060897896368
1.9542448785035842
1.9601887664006603
1.9700051219232622
1.9622860591738456
1.9573033526539803
1.9702151734982767
1.9622059022226641
1.9497183145534607
1.9389460170941968
1.9393320607562219
1.942057717231012
1.9645171840825388
1.9458615279966784
1.9420114931079648
1.9394836769469324
1.9414064218440363
1.9292899781177122
1.9309280678149192
1.9250103225631099
1.9464512863947498
1.9296017212252463
1.9303072986583556
1.926624377167994
1.9458890074203092
1.9100830062262473
1.9148461638439087
1.9220513470711247
1.9140974509139215
1.9191657787849825
1.9133903977851714
1.9273197244732612
1.9093219923876947
1.907418538485804
1.907866825980525
1.8985984323005523
1.9040427138247797
1.9037067173950133
1.9031957137969233
1.8995411129247757
1.884290856940131
1.892121598124504
1.8902986597630285
1.8922726802768246
1.885692693533436
1.8860017111705196
1.8688249592819521
1.8859795269466215
1.8795060544244704
1.8834787181788875
1.8766479381630499
1.8693554442255729
1.8792772848279244
1.8721489331895305
1.8680718839168549
1.8667638138417275
1.8721306564346436
1.8799632573800702
1.8669593170765908
1.8588963797496212
1.8531015810947264
1.8826175829575909
1.8647984792628596
1.8572682757531442
1.8470916096721925
1.8469066643907177
1.838130343585245
1.8509459625328741
1.859395049993069
1.8695886993119795
