8.577609593461947
5.948365285465572
5.362498198099842
4.4224317790611
4.260527113817895
4.404883947403102
4.424616123989847
4.054461266833486
3.700368638303119
3.7500359634494473
3.672723961892235
3.2465003008244504
3.675473253634965
3.4071992984538677
3.0788126575410173
3.1057092240768998
3.023740854485625
3.0446403298730638
2.936539732279118
2.8543511600356393
2.9578757571637437
2.8046822313135458
2.6958258127092933
2.692859637296468
2.582546882690724
2.638619562245642
2.648888910027562
2.5584116880916707
2.485608927498293
2.435264892229313
2.4399266796863346
2.445630144267987
2.3131170989616123
2.352915260569459
2.3392142585427815
2.2431848923109734
2.2319415419623017
2.198157001346637
2.22517042690918
2.173698127557227
2.2459766398097156
2.080075213380182
2.115351272836759
2.051036628400398
2.0622798201547177
2.062252925235742
2.008142909723846
1.95983131081345
1.9923697506883136
1.9424469267823687
1.9245665044646554
1.8540960052964004
1.9285480206610688
1.8745986386127411
1.8443882957436264
1.7950954616453103
1.8302588961611224
1.792910046516124
1.7952818465194518
1.734835535144116
1.7464119934767388
1.7470220904258287
1.7110247294810808
1.6887150978927061
1.6541690224619923
1.630163818693621
1.602211268960088
1.6202590813878266
1.6358381299918872
1.5943138248667457
1.6077630489202175
1.5721320726480514
1.6254400627693564
1.6073141222598084
1.5157509615758609
1.523050859283021
1.5441725143378187
1.474620125780535
1.4723302180552407
1.479075587639088
1.4967335256541274
1.4453040230600014
1.4698738417920576
1.4176894071305297
1.3895097961858922
1.412044639851886
1.3774013897805353
1.3587989190958705
1.4436962705141478
1.3139842370602863
1.3229219626000457
1.42011946736808
1.3130933859436458
1.2972566630104347
1.2940639832874585
1.313270699268752
1.2852636188077007
1.330305632670976
1.23999980614308
1.260732646061293
1.2281492958114846
1.1993172609058607
1.2033295581578443
1.2335804809615543
1.1905501429291017
1.1815011152979644
1.2183093003617222
1.1663263051552022
1.1475155280238178
1.1583357628231263
1.1309212871207301
1.143106044728273
1.144206176856323
1.0847885653232838
1.120305511585386
1.071696059305185
1.119613882908867
1.0757859581153109
1.0883889570113547
1.0994786928225178
1.0328944505123463
1.0048742205671175
1.0290949536768954
1.0377467279936339
1.0317753241472305
1.016646844254046
1.0090655302598928
0.9983894260558285
0.9871643426142321
1.018188295592449
1.01001055236798
0.9441510720172496
0.9570711332214606
0.9702437703776207
0.950607118930464
0.9455452236523583
0.9636296282531365
0.9275384104999316
0.8839025087295238
0.9127968382509575
0.8981945510127154
0.9018705236423054
0.896400002277549
0.8621134001438258
0.8793856191098498
0.856928830984321
0.8785157937712225
0.8520689936312832
0.8491093802873728
0.8370645476978308
