11.492156318858662
5.304341603169399
4.6091662123139985
4.178041594218364
3.896324606595841
3.677283042300064
3.5042351093967405
3.3784413917929723
3.2742332336121955
3.1767158518850276
3.1006388089298147
3.0388681661766186
2.975284500987129
2.9259629956388897
2.886956850511838
2.8439366400769326
2.799118388015612
2.7715546752499267
2.7380378088064954
2.7118465916245387
2.680979276652885
2.658278593974831
2.6388170924861876
2.6112352324798045
2.589184407111818
2.5742365475249502
2.5628938743498475
2.5404818548565418
2.521989763838
2.513230719397553
2.4914098455842617
2.472431940315044
2.4551378923707303
2.4412628043014393
2.4266290095000143
2.4120668787344366
2.4011497534481827
2.3818112126493878
2.3796123756771594
2.361898013975768
2.3526689821639946
2.3427572862236903
2.3304738882368645
2.3155513400525116
2.31410980963074
2.298010397801357
2.2875628270934114
2.282363721227224
2.2724813563106334
2.268562015178984
2.25302964132444
2.252427883380282
2.2397287342928154
2.2285054072869563
2.2165881142152095
2.2139944842958874
2.212166785138898
2.1996313270214385
2.194471794419584
2.1919798624199047
2.1817492789926782
2.1789415389035653
2.163917022996244
2.1589891166813606
2.1450226546916284
2.146643814259926
2.1381210481698534
2.148604899381114
2.1293389343582425
2.136100915417207
2.1167329238579335
2.1130747887413057
2.105888991756777
2.0997303038571786
2.097203325117584
2.0874644459876337
2.093332695222534
2.082088774811905
2.0717960807074487
2.0666837868964776
2.066855449855855
2.0541693800318557
2.051169507007683
2.0462705413852116
2.0516908210990703
2.0441169142723083
2.039250589050023
2.0273804930986556
2.0227102819269738
2.013546385068809
2.027388414186714
2.0082153693764613
2.016695929839548
1.9999685018463473
2.005775158647942
2.002198343519616
2.014007025324138
2.0014772064390436
1.9817789969718562
1.9783098352166404
1.9753823000772865
1.9839133113886402
1.9723267800512567
1.9743911270546701
1.9642081962222546
1.959379669839302
1.9598403778751339
1.9553013847465008
1.9505590152951469
1.9393572522475657
1.9496608843318128
1.946603334319275
1.9418196514644455
1.9298407519813132
1.9387794216122247
1.9274964852143177
1.9209165480812038
1.9199537624300054
1.9121493757826038
1.9047058082259862
1.9087960714787509
1.906996454021572
1.9075869443142308
1.8965624333482929
1.8987357170708412
1.9053748141875309
1.8955103304006358
1.8890520774685176
1.8897069576567254
1.87582464502976
1.8820651131393635
1.8907471354556296
1.8766326983418085
1.8616911336383988
1.8706466312957022
1.864506889233547
1.8553049596010056
1.8596962350132191
1.85224230732538
1.8459287678773424
1.8426532333931036
1.844911029644772
1.83674485519924
1.8449826520101158
1.832624540128539
1.8292257954589033
1.8258213498423586
1.8278586489964375
1.8313329383335282
1.8278585282047237
1.833150031292333
1.8131806847795975
1.8172390371297313
1.8268528435610036
1.811165729191451
1.825410694675108
1.8180238905206192
1.8102783107124598
1.799827370495923
1.8026522123708135
1.8103325828514267
1.78637329007672
1.7902862735554181
1.7898839216316695
1.793455466496206
1.777096677934174
1.7839117888855722
1.7832209734262618
1.7746015051297381
1.777002226989881
1.7770567879212642
1.772185318765387
1.7725248655914205
1.7596121008417247
1.7628911134943497
1.766617170213598
1.7640309758418429
1.7480323581041488
1.762621948149352
1.7418898344039917
1.7534852652950625
1.7420177976642035
1.7445792025696916
1.7374436079928306
1.7335712827939902
1.741220096043781
1.7323797571975572
1.7262962457880509
1.7332641139494633
1.7331812328996912
1.7281433219930766
1.7241213047398931
1.7212673736884532
1.7210075536132914
1.712626866534748
1.7228418179845388
1.720546076255562
1.7074315853878461
1.7031116359001768
1.7056392531479354
1.7157058048564775
1.7046544269650383
1.6988282633566223
1.7124021179908144
1.695406105666034
1.6904592065684563
1.6996351884002179
1.6927188228716892
1.688210110221289
1.6900401358055857
1.6809885963401963
1.6831807032623123
1.6814607191929776
1.673562234481879
1.6700638527363802
1.6701101539409267
1.6715514607134119
1.681402675609673
1.669411717790418
1.6663909174699698
1.6702257212811866
1.662424421679657
1.6664257606046389
1.6513844433084
1.660274809176943
1.6582259649196558
1.6526886150900242
1.6565175457338317
1.6587583520243654
1.6395298144986143
1.6412582191745793
1.6476379313827616
1.6384308765419817
1.6400145962175015
1.6406010995923945
1.6307716628091524
1.6449206139134094
1.6273471391306513
1.6337865604236064
1.621712239178936
1.6266679861376772
1.6218409029255927
1.6257677700667255
1.629052585468883
1.6183220295779472
1.6230417431983273
1.616834513908994
1.6117290923025756
1.6106866202523222
1.600916709783858
1.605761467091805
1.6096517132446828
1.6141852296031682
1.6057905367517893
1.6090575978819248
1.6056391512398172
1.6016117650850685
1.5982044595005238
1.610433355369399
1.5979014236842637
1.6016803309980747
1.6001731769173546
1.5847062115120676
1.584206857248745
1.5841193771467799
1.5790191598698102
1.5967003827073933
1.5855426097338179
1.5849825631728214
1.5798802631618702
1.570480820879472
1.5666273808584803
1.5730679385957465
1.579516192980572
1.564362902293163
1.5689067294639825
1.5727977958400692
1.5621862851940425
1.561733489015461
1.5615571244100555
1.5614453978770602
1.5661030211279878
1.5669988652246187
1.5533120917007985
1.556238834309367
1.5588553133791527
1.5454821636718987
1.549149026649188
1.542217426859172
1.551921586019803
1.5450122250919849
1.54238437524939
1.5405769039571813
1.5682033730291687
1.5412077655834435
1.566242732041705
1.5364276798425522
1.5275615245367573
1.53247386348986
1.5360383805447975
1.5433459466537542
1.5369161290932545
1.524416240706908
1.5273684698396024
1.5242622808545037
1.5219577368909278
1.517553631447058
1.5224077735854462
1.5151013278328211
1.5167934417197135
1.5161531061197804
1.5075639779061343
1.5029777143381338
1.510953783461478
1.5097791800456764
1.4982192962043053
1.5009260565306233
1.4944332468826158
1.5060237801707952
1.5133825846477948
1.4905156762199063
1.4908814833754986
1.4872963723883164
1.4977153771746474
1.4939568142975326
1.491780751574356
1.4909707239243837
1.4854024213499728
1.4828306040932646
1.4852293853738667
1.4788931086000088
1.4956679399562094
1.487378427676395
1.4758186002748201
1.4812392489572541
1.4748372699307128
1.4760586155199371
1.4854620982587865
1.4725951101400157
1.4662119590603144
1.4807313295592248
1.4701265521281588
1.4804879081460227
1.479557333003103
1.4726401198226793
1.4627637594147067
1.4645749277773157
1.4658487629046482
1.4628898635902237
1.4612662428248244
1.4637054104720597
1.444706401993743
1.4594507884662764
1.4571163262677405
1.457715017605672
1.4528134895109497
1.446047679776639
1.451726448746909
1.454245919938636
1.4403902102360684
1.4463639338459588
1.4369045284997046
1.4390599827850814
1.4445556673855908
1.4410693247233872
1.446322554771879
1.4422114362231397
1.4313783532222815
1.4345429339240083
1.4304300860493584
1.4366610058113538
1.422521466438749
1.427760163767148
1.4259848581478658
1.4163342643100603
1.421264763690729
1.4407519806275326
1.4134004258476527
1.4143447923449288
1.4226870964058733
1.411715356913288
1.4127834154441294
1.419843972784228
1.414382003841147
1.406258836784194
1.4113319832666786
1.4113356460512212
1.4052324957024735
1.4022118913388886
1.413299181028805
1.4089205046143152
1.3994197465677176
1.4010946792838848
1.409673088419754
1.4014582272651976
1.404591166076407
1.4150249929027219
1.3907210700279844
1.398049189189894
1.3883585418220115
1.3856811035523373
1.3940183462294857
1.400061691756797
1.3812716062617514
1.3842948210977875
1.3832934417028342
1.3908096174750708
1.3805864537711692
1.380026777497435
1.3868804642584471
1.3781285449466874
1.385125183162436
1.371585747573228
1.370095204990522
1.3777629026269491
1.372174974300165
1.374466345505377
1.3725234491635212
1.3796812715256108
1.3613996305296907
1.373160945366969
1.375286642429048
1.3578555644613453
1.3634075055607653
1.360112997282923
1.3548688843714451
1.3506784905902052
1.3541447663992907
1.3636774597442256
1.3617902659209429
1.360240343661435
1.35150463523063
1.3537540127218297
1.3538759300666572
1.3501144183420501
1.3531985616525717
1.3520558782383405
1.3442262144742814
1.3488282503279965
1.340238214594073
1.340273821775892
1.342077810152442
1.3371516052073082
1.3412026720764363
1.34080877557265
1.3428556597338313
1.3402275532747792
1.3463302294237425
1.334837830963388
1.3363645469720384
1.3388991047323278
1.3375791677858977
1.324450687497063
1.328503932573099
1.3242568080931638
1.3250921927722155
1.3286520577637495
1.3235605409187554
1.3290066935319815
1.3311133416353074
1.3165539711450054
1.3149141516305705
1.3207254905616288
1.3169954398037058
1.3186805045182726
1.3165560668021177
1.3081666352474584
1.3195982454097377
1.311210677159571
1.325796979982241
1.3176200751182252
1.3086457627009502
1.3089614394491753
1.3221728437769729
1.3113769382502125
1.3027364463932747
1.3038561544587126
1.3108416336827573
1.3070960221564876
1.308154640735778
1.2961969921546699
1.3067010670109134
1.3024049517327705
1.2979044415781984
1.295888105061202
1.2942272854589782
1.296740894692134
1.2904967958420779
1.2951765734273775
1.297669520684048
1.2921508814381286
1.2980557780350204
1.2873189876564837
1.2929082027578775
1.281101086762099
1.2798305676046726
1.2821299172608198
1.2817477006300362
1.2835638391233124
1.2770616346228438
