37.49361137795238
12.516969383290384
6.125358643784987
5.217835548704705
4.794664606583857
4.513926117293603
4.296196351536607
4.094236296890056
3.935554581933317
3.7851979721963933
3.6564357866228154
3.5362438264146316
3.4274106384378618
3.33257094210228
3.234308046577251
3.1436642297601276
3.0671009194534435
2.998137853841866
2.937609400369425
2.877743820701025
2.8196249435433245
2.773459183958779
2.7300364053354853
2.6836805681211757
2.6422501227497
2.6058196515108634
2.5740998830415505
2.547433320927409
2.510684848622938
2.4909685802670705
2.459333555360811
2.4376274589943674
2.4138525228584764
2.402340259699695
2.375202143614271
2.355596502270319
2.3329180473774933
2.3166591846837408
2.2962279235367227
2.2826318870076037
2.2664568429499603
2.2519963212245333
2.236729976877702
2.2226209753909996
2.214467936912469
2.193649242409563
2.1895680828432065
2.172465482644275
2.159048291434229
2.1487804740931082
2.134357139600062
2.1262912681672423
2.1193017527065448
2.1083646722599467
2.093393807390095
2.086442803914568
2.0755920104220906
2.0661607479627153
2.0548532151542935
2.048503210586784
2.041883000757842
2.0339850200488505
2.0265180700648147
2.0177297149084312
2.010962280288207
2.0042328074970075
1.996688992048787
1.9915858528255361
1.9812797547969143
1.9737719798510054
1.968755373912575
1.9543004753315343
1.952240121311846
1.9417119173877007
1.9434773745262517
1.9292256257175344
1.924316864098068
1.916737535886005
1.9123336132121298
1.9049761975761008
1.8967095241609928
1.8921558917623706
1.887865061253573
1.8822068374241347
1.8747206646784218
1.8610303333375307
1.8610092103481293
1.8554984259921892
1.8508617015539017
1.8444387712309847
1.8399969763987887
1.831410475273048
1.825652561356536
1.819557350293725
1.8142698494206488
1.8111584394906475
1.8056587215545958
1.8029015032591018
1.7953509923103637
1.794838619706905
1.7982433638741484
1.7782069460480614
1.7779536102197866
1.7715620422257787
1.7635673957060924
1.768381594029148
1.7709579639202726
1.75360668997849
1.7447664882756968
1.7460545393745457
1.740811244312641
1.7426996893059892
1.7251285720715481
1.7238815843531516
1.7203777218814444
1.7183690279458477
1.7137723356749104
1.7116023033066134
1.7045718737408124
1.704339791188198
1.7043113154647624
1.6931344885214241
1.688415495695266
1.6804900464758408
1.67742888378886
1.6737671386351627
1.6679546930621156
1.668876280826805
1.6651291688986585
1.6593905262714994
1.6549769996014316
1.6548768972928545
1.6576910477823916
1.6536004026379205
1.6399741705540007
1.6374427997960455
1.6362956894182525
1.635617774672213
1.6255490798338326
1.6234233374089266
1.617920887417498
1.6250683591429111
1.6159258753852506
1.6143554227542034
1.6130008789817845
1.602191907642162
1.6033578963406319
1.5977760097094342
1.5983815472737877
1.5895265351354548
1.5828127446955285
1.5868463814258575
1.5817362927230059
1.5773685695850743
1.5763953452089192
1.576292799637381
1.570382984074871
1.5680455747431359
1.5641613716045313
1.5588475608192713
1.5549267601650374
1.5505543092710783
1.5512184851464972
1.5440724552732654
1.5441505028083262
1.5411206061861156
1.5369988661424248
1.5290807124260253
1.5311989130172055
1.5285730306553629
1.5260595966756871
1.5191697043127719
1.5173987311072055
1.5102764571135023
1.5126010849412563
1.5163528779439166
1.506573544403093
1.5049284150642632
1.5021462023785683
1.4913569994732343
1.496257518113187
1.4925730122929126
1.4849044166307535
1.4826937737190617
1.4820232905645285
1.4772401612944308
1.4820760754884872
1.4818830447914326
1.469445797985634
1.4679429238348936
1.4650669817903401
1.466254346666083
1.4582717822188824
1.4544512647970589
1.4575922412682423
1.4516131052401213
1.4543609123314376
1.4501802008763878
1.4444944420746997
1.4481169172620352
1.4373216673863674
1.436414421395918
1.432583181203994
1.4247492253780365
1.4316914986192653
1.4350768704857446
1.4267706681141812
1.4217073247496006
1.4138142648523888
1.4150911387616554
1.4123514624296036
1.407523574422946
1.401089988187351
1.405281555599871
1.3987223165752614
1.4016159348255766
1.4025381742852978
1.3953198086371463
1.3920965012723365
1.3853243025003281
1.3899658161454496
1.3767930240230222
1.377229323429344
1.3746236829103622
1.3744140768473128
1.3726043569303192
1.3740011042198248
1.3635476933116406
1.3651734896465741
1.3728920295175198
1.3624754453127363
1.354225140493528
1.3623116868259633
1.354562286650185
1.3541474308060333
1.3479957002981575
1.3474121584301502
1.3410548296122424
1.3441284014060435
1.3369592262052856
1.3414544800741484
1.3310242442958122
1.331527300640545
1.3386247622228302
1.3232196532519518
1.3219881384773593
1.3222211565064117
1.317619999425601
1.3173500907368365
1.313631385564804
1.3147261245588286
1.3110918880036446
1.3049277491801607
1.3064810702231078
1.3066966755200276
1.3031451868272461
1.3004098178538601
1.2964159226523035
1.2950890061602127
1.2898989733868995
1.2852099941367596
1.2885359908099723
1.287154224725951
1.2817044883175235
1.2848012220543044
1.278577999203606
1.287307167607071
1.2739420941973154
1.2734120844212253
1.2805079783486053
1.271534355604543
1.2724743634462357
1.2618751064338516
1.2611765548982452
1.261151575672943
1.2583769599420835
1.2590256306977399
1.2544519036217074
1.2588742127460717
1.2549192989821982
1.2454935206776172
1.245968100243965
1.244857594766448
1.2541017054984
1.239828504687917
1.2352685096253335
1.2377998027126347
1.234067365922759
1.2286910058650296
1.2280603602396702
1.2299656490836524
1.225667031201641
1.2214487516774541
1.2185260360747312
1.2150559385793398
1.2138656074494387
1.2103198249783136
1.2139463604024026
1.2060915566651167
1.2072527601128131
1.2110712720757038
1.2006443131022748
1.1990491004116768
1.195857723466063
1.2010856641341099
1.1911884509356676
1.1944017323244989
1.192818404298968
1.1883579532129576
1.189113384063265
1.186506711539969
1.184907052105507
1.1759065856448316
1.1881205458029183
1.1770178749498013
1.1753083098251207
1.17188529419688
1.1747121592011072
1.1719238940065941
1.1658834193923833
1.1683006927502895
1.1695100696740952
1.1572633752253203
1.1611093314348069
1.1593911026695134
1.1558345023509675
1.1537527204614826
1.1532563844085795
1.149713511488079
1.1473313940573582
1.148507887546995
1.143186442356194
1.1418916027894062
1.1362214398331347
1.1421507843564043
1.1337427098666673
1.1342367709210488
1.1272331083242872
1.1287063038454646
1.1304430882487677
1.123753993384606
1.1286341102249855
1.1273134079127185
1.1155851815654114
1.120616848226142
1.1170009298134693
1.1211334696385713
1.1165129206085627
1.1130941080308594
1.1086814990349576
1.1121377435933173
1.1072295387234308
1.1085225443924422
1.1054860530173884
1.0992666761168337
1.1012204766800973
1.097211130952413
1.0934463196096167
1.0993508000289445
1.0887726439838916
1.091004904920021
1.0860972603601693
1.0936921440658316
1.0899967841342486
1.0837387239511034
1.0788147758066127
1.0826120455708124
1.079549331580643
1.0747149556347755
1.0765590256294317
1.076318927438913
1.0771130448685282
1.068508578612741
1.0635503616216964
1.0665323118456698
1.066975052377819
1.0624393037462656
1.061588021242513
1.0585515270982169
1.0546335332689032
1.0578528086168577
1.0583955017866287
1.0475289018544476
1.046934399193367
1.053345590961718
1.0437200549429497
1.0425016802232878
1.0432325438060592
1.0404468116770804
1.0395388372440253
1.0389040745465101
1.0374402620096121
1.0326768320746127
1.0322984675918006
1.0294296473792168
1.0276428442613212
1.0278344630403857
1.0279079947323926
1.0250183417733791
1.0189252955987391
1.0245967156591669
1.0191800014107628
1.0167968515801218
1.0149033175105542
1.012961829658103
1.0167404513443465
1.0100645954366279
1.0178376854257245
1.0078404834576413
1.0093848755401849
1.009002839965103
1.0068550638656701
1.0013136969203442
1.000456203533485
1.0006270944017224
0.9981217781263115
0.9983021088142311
0.996429897778857
0.9922004541200874
0.997267644885367
0.9958759655730914
0.9846004093379046
0.9853603047343482
0.9841418622341831
0.9837647418005276
0.9810096765250231
0.9841955901510948
0.9775494007410201
0.9755946139318753
0.9733317769997942
0.9795835823875613
0.974125426823059
0.9699777050883369
0.9661795970349185
0.9694478012027994
0.967189849346085
0.9612573699086113
0.9672920393996534
0.9613948896922896
0.9579790101378365
0.960715774677496
0.9610210957780349
0.959355839981442
0.9572351032917479
0.9528699715053086
0.952013629727659
0.9541304070601421
0.949129941452921
0.944833528283423
0.9490073108303864
0.9421370338022181
0.9397121448959924
0.9445298920690486
0.9422225979840861
0.935651047831088
0.9428257194504274
0.9346404984197786
0.9420522047882587
0.929603230504863
0.9277806627539407
0.9292066012863565
0.9258892471547675
0.9269494867957799
0.9262262249151162
0.9237422502673833
0.9219454956793152
0.916401770921935
0.9163117370510523
0.9182293929357445
0.9148155984889089
0.9154781237640212
0.9085251690275902
0.9106815483717792
0.9080337195006092
0.9102265246674023
0.9086782225465353
0.9107509171013284
0.9046250999765059
0.9035549035905737
0.9047805604285899
0.8971404016545389
0.9000468715629747
0.8957644811773722
0.8982518517074332
0.8957793001843765
0.8891450348681054
0.8897635028161833
0.8898576173634656
0.8880256169137701
0.8915812382392124
0.8849034380596296
0.8861363443125666
0.8806076784313253
0.8804062275232467
0.8829856019104476
0.8812059055914921
0.8750874365852997
0.8739048618394717
0.8785007320410383
0.8726020961736156
