4.160456088781356
4.350219830274582
4.462237536907196
4.345736498832703
4.380575689077378
4.464962431192398
4.3706664955616
4.408065297603607
4.468324756622314
4.216998033523559
4.493304722309112
4.257568647861481
4.362075119018555
4.312029370069504
4.251321835517883
4.1276434814929965
4.377871443033218
4.418214108943939
4.440688914060592
4.109763956069946
4.344558517932892
4.207883106470108
3.9488067018985746
4.099210253953934
4.086755465865135
4.241667860746384
4.09421648144722
4.046360774040222
3.9632165163755415
3.9328371191024782
4.029159368276596
3.998870835900307
4.086440330743789
3.766186534166336
4.1522537273168565
3.9947742903232575
4.02114685177803
4.042326513528824
4.0428678882122036
3.776405212879181
4.011724216938019
4.149364061355591
3.8857594215869904
3.860791562795639
4.054441071152687
3.901829434633255
3.855965420007706
4.001926196813583
3.827269651889801
3.911475681066513
3.8529697638750076
3.8095861876010897
3.957130867242813
3.7174866890907285
3.823542605638504
3.978824329376221
3.8388218688964844
3.7204882168769835
3.841150246858597
3.867379162311554
3.8332345712184908
3.8584207212924957
3.8432620513439177
3.7987287151813507
3.5768056976795197
3.688172637224197
3.951949645280838
3.86617397069931
3.7843777203559874
3.82204132437706
3.710144213438034
3.7148056590557097
3.7268667924404144
3.654747945070267
3.8345874774456026
3.653799294233322
3.6532421839237212
3.761946297287941
3.7537245094776153
3.7726690912246705
3.658970273733139
3.698802800178528
3.565141260623932
3.7628146970272063
3.642943369150162
3.61099734544754
3.5782542884349824
3.6318185997009276
3.5353702783584593
3.551396255493164
3.617786145210266
3.414155423641205
3.598488482236862
3.5322858619689943
3.5477740395069124
3.4802437698841096
3.487147008180618
3.448488363623619
3.6113595032691954
3.6274027174711225
3.6671381044387816
3.5184970808029177
3.3893506157398225
3.3542281222343444
3.474939867258072
3.5485124480724335
3.415589455366135
3.472411880493164
3.346979324221611
3.4640016132593154
3.5094996416568756
3.4192022609710695
3.312324643135071
3.4416675353050232
3.4194857251644133
3.483011163473129
3.3854266846179963
3.2917974960803984
3.439352430105209
3.3444768667221068
3.5458937454223634
3.3454539656639097
3.361159942150116
3.306939650774002
3.330050301551819
3.22993486225605
3.15641115128994
3.4696498239040374
3.4060899412631986
3.265548213720322
3.4027498811483383
3.426678147315979
3.2564019054174422
3.5043410938978194
3.3149611288309098
3.432529826760292
3.2228840553760527
3.210174239873886
3.0950815904140474
3.2358905237913134
3.172754315137863
3.1120525282621383
3.2489893645048142
3.173671497106552
3.4191690289974215
3.3457673317193986
3.251772438287735
3.2064690721035003
3.2307974636554717
3.19650905251503
3.196900178194046
3.2003307843208315
3.054195380806923
3.2009815579652785
3.281921663284302
3.214899118542671
3.216452819108963
3.253219884634018
3.132964732646942
3.1782368528842926
3.11295441031456
3.1943086433410643
3.1879682302474976
3.116285914182663
3.1057998079061506
3.0667411679029466
3.128638710975647
2.98451841711998
3.1546724247932434
3.1158688294887544
3.058717266917229
3.201986469626427
3.2365970927476884
2.842566425204277
3.1125822973251345
2.832033469080925
3.0218005442619322
3.007868062853813
3.042019467353821
3.09823224902153
3.150932981967926
2.984155656695366
3.035132021307945
3.0982025730609895
2.92381136238575
3.0374435889720917
3.036388486623764
3.0096681439876556
3.0006603568792345
2.962336717844009
3.1548128437995913
2.9821835279464723
2.882029975652695
2.897067357301712
2.9535109490156173
2.8588558435440063
3.017759929895401
2.81958757519722
2.9592831987142563
2.9160795080661774
2.897151992917061
2.992977333068848
3.0324646812677383
3.014927022457123
2.9601206958293913
2.8916969907283785
2.924476037621498
2.9356265914440156
2.926914237141609
2.8336478054523466
3.0084857565164564
2.928324806690216
2.9706101578474047
2.8233297646045683
2.9565894061326983
3.0374550247192382
2.875308504700661
2.808483564257622
2.8630557745695113
2.865537792444229
2.912936114668846
2.8788397014141083
2.7669701027870177
2.7675497072935102
2.7924225133657457
2.875547536611557
2.75964170396328
2.74822811126709
2.7474943202733995
2.769004226922989
2.847914060354233
2.7858992820978163
2.7770646542310713
2.8368942564725876
2.7943932038545607
2.6869130140542983
2.7990141838788984
2.8175020265579223
2.7385424786806105
2.7849294924736023
2.803990124464035
2.755260859131813
2.8736516386270523
2.8546690279245377
2.822379001379013
2.7252883410453794
2.793206835389137
2.745142350196838
2.7151059287786485
2.7296318781375883
2.721602360010147
2.647761664390564
2.7592428237199784
2.5868575555086135
2.6240540194511413
2.6762607145309447
2.6701649236679077
2.765821077823639
2.595544784665108
2.8292521476745605
2.705487513542175
2.7241819566488266
2.633293176293373
2.698455740213394
2.703390644788742
2.660528988838196
2.55453874707222
2.7386850619316103
2.602800794839859
2.592393226623535
2.6017062735557555
2.6284617668390275
2.741279861330986
2.565309149026871
2.602953228354454
2.6016384959220886
2.6408900308609007
2.7044829696416857
2.6255996966362
2.5451869601011277
2.48883002281189
2.499099863767624
2.5814645040035247
2.614963897168636
2.657265370488167
2.6507784366607665
2.525349138379097
2.504862014055252
2.469024689793587
2.5512362259626387
2.6226603692770003
2.571769138276577
2.5251662826538084
2.5297737491130827
2.5815988647937775
2.5262522238492964
2.4457507169246675
2.58494348526001
2.5172367238998414
2.51063970208168
2.548517262339592
2.593664338588715
2.3790489435195923
2.5174243399500846
2.5865933865308763
2.435423724651337
2.511252354979515
2.4726583588123323
2.425033012628555
2.5183599531650542
2.6249329298734665
2.4838870733976366
2.4126478964090348
2.4421020060777665
2.4889002960920332
2.410039349198341
2.389854347109795
2.5242864298820495
2.4088363856077195
2.5139344984292986
2.387232503890991
2.3808417183160784
2.45702761054039
2.4586950933933256
2.3774062699079512
2.500605796575546
2.3794974371790887
2.4920208090543747
2.4281735640764235
2.392503558397293
2.403609798550606
2.342602593898773
2.3620892971754075
2.3522245049476624
2.408868666291237
2.3451687878370286
2.431631813049316
2.350003509521484
2.325236049294472
2.368350880742073
2.390976405143738
2.3976452320814134
2.4462270158529282
2.3367359125614167
2.3111319279670717
2.2393488770723344
2.256348156929016
2.3823852336406706
2.3878383266925813
2.3664305812120436
2.377768057882786
2.330768919289112
2.308503792881966
2.280821278691292
2.413184213042259
2.2519078606367113
2.250822942852974
2.3920614540576937
2.291144517660141
2.2648649874329565
2.312980694770813
2.3280854457616806
2.35443313062191
2.2911200761795043
2.3003957134485247
2.311154252290726
2.3612089401483534
2.285868311524391
2.294952812194824
2.2946070218086243
2.2698728370666506
2.283364940881729
2.2484202855825424
2.3159258198738097
2.221238321065903
2.2075463074445723
2.2489666545391085
2.237318991422653
2.199590262770653
2.3512501829862593
2.2585245728492738
2.2153153771162035
2.151389476060867
2.2453633838891984
2.190342794060707
2.154842749238014
2.172434788942337
2.166566522717476
2.265302191376686
2.1934366434812547
2.1381815522909164
2.216272028684616
2.2224303030967714
2.1425042176246643
2.1206507015228273
2.2205284571647645
2.148791533112526
2.1965707248449324
2.112114554643631
2.1964804059267045
2.066866548061371
2.095592350959778
2.196865838766098
2.199286112785339
2.1471881288290025
2.2035184079408645
2.15856420814991
2.1160498920083044
2.189328319430351
2.190810498595238
2.1994605708122252
2.211334394812584
2.0676960521936416
2.029386030435562
2.0968567699193956
2.087369242310524
2.1406550145149232
2.0598726838827135
2.165860528349876
2.181129973530769
2.1454680442810057
2.1180538612604143
2.0661252883076666
2.154364075958729
2.1620143872499464
2.125965960621834
2.094682653546333
2.13061187684536
2.0944333130121233
2.1067769855260847
2.0667167633771895
2.0954925274848937
2.0934118366241456
2.149207058548927
2.037252779006958
2.1004891937971113
2.069176439642906
2.0435400295257566
2.0062888896465303
2.0820559209585188
2.1139767396450044
2.0640820920467378
1.9983698737621307
2.0290426510572432
2.052410371303558
1.9522012716531754
2.0360483103990554
2.10942754983902
2.0596107745170595
2.052517322897911
2.069593552649021
1.9440315222740174
2.0184448820352556
2.112883678674698
2.0418998593091966
1.97130606174469
1.9446348935365676
2.04822334587574
1.9728949320316316
1.8950510546565056
2.034697462916374
1.8973798483610154
1.9509346121549607
2.0141363620758055
2.0953614008426666
1.9318992668390274
2.0053949683904646
1.9875408846139908
1.9606420636177062
1.9084042972326278
1.9825422388315201
1.988637610077858
1.9777073734998702
2.0260757929086686
1.9496533554792403
2.0481799179315567
1.9934895133972168
1.9518760895729066
1.9906130781769753
1.9045977759361268
1.9155781060457229
1.9654818603396416
1.8884653848409654
2.010057337284088
2.0402468985319135
1.9554340606927871
1.9882539770007133
1.8875580129027367
1.9072378543019295
1.9251971232891083
1.9839362543821335
1.8850338709354402
1.9052885350584985
1.8341661176085473
1.867747282087803
2.053564532995224
2.0214564818143845
1.832089639902115
1.9045834839344025
1.9718425041437149
