51.15558007263368
5.048853729040392
3.5785908078955067
3.2372216563070975
3.045904526306737
2.919422383269956
2.8229856447827433
2.7408738924611
2.670283642988051
2.620782640672499
2.5664197586236464
2.5326876010625594
2.497693054618374
2.4715238790358267
2.4342635826718424
2.405856796810704
2.3851585931354955
2.365961878530441
2.3390241568126986
2.319349494191908
2.300937586734372
2.281808868531258
2.257708361071925
2.247071432971185
2.2369610902763184
2.2195467996981835
2.2008449531370595
2.197355662863101
2.1763938398611162
2.1653681130659197
2.148793133997148
2.1421575305923337
2.1270546139247957
2.1201653490143437
2.109543441043746
2.100637467157456
2.0884643898856257
2.072149973482855
2.0669360081515005
2.051893589958068
2.0429543357702995
2.0358568843333953
2.031045794967682
2.0129083784357196
2.0087960787838504
1.9965938976214779
1.9857143341533599
1.9792968044357915
1.9694806815635773
1.9606591078542894
1.9548131886028475
1.9376660258539262
1.938858715036223
1.933471832544573
1.9253820779342805
1.9168295701665263
1.9082702028174554
1.8972545972754877
1.8948000621411107
1.8849369929202142
1.8765643279879325
1.8721611317126983
1.8728637156947967
1.86273322927375
1.8545762615338448
1.8460619540945176
1.8382450801230246
1.837562145485032
1.8322111534014824
1.8201421388695318
1.8176157719665957
1.8077351825852548
1.8014962802971564
1.7967949060182418
1.7988974115540903
1.7921101032726225
1.782486573342354
1.7790931148394462
1.776395624443408
1.76804584769472
1.7644131536925993
1.7578423354894883
1.7605382756840797
1.7497868775840728
1.7422463293037107
1.73829290390976
1.731476675598852
1.723591232732419
1.7225909843560188
1.7204503837612368
1.715593718232647
1.7158373911534586
1.705422085619742
1.6996106500587156
1.69195732642566
1.6949292921250867
1.6916294549742052
1.6853056864873055
1.6727007281395696
1.6745122993184673
1.665196948955136
1.6628220249568262
1.6577615081783263
1.6490093837341955
1.6498559331220966
1.6502618433967713
1.6442993538033577
1.6362810336774396
1.6358179666342274
1.6376026525132117
1.6267873108867676
1.6147109712323835
1.6159147894190204
1.6138704923852798
1.6196784391518562
1.610891466419543
1.6021761238094299
1.5958680142798731
1.5894640371684106
1.5976290347114686
1.5868657988405996
1.5813971096950192
1.58348359383883
1.573344705325942
1.5768671218425996
1.5791471415469724
1.5691462808078336
1.5639584040449512
1.5577274135524226
1.5535048150247144
1.5510402646276258
1.5487324254166694
1.5477673017209577
1.5428481688422542
1.5396664596853717
1.5346683441631255
1.524570706150224
1.5241232584080389
1.5237529001409007
1.5265084247915977
1.5214687931922175
1.5224497094750404
1.5138526974666504
1.5145219743492142
1.4984404891729355
1.5121445732731973
1.5025103178716475
1.4974881989821311
1.491566601780153
1.4934784832500643
1.4888593972690645
1.4785369771622843
1.4843436900165774
1.4806979464427117
1.473318624881006
1.4624910989115316
1.466383205065804
1.4710513262018081
1.4659501657851282
1.4578952818147597
1.455247607682982
1.453757515597728
1.4471004886492607
1.443442841931697
1.4468213036175697
1.4380411551364007
1.4338162387571027
1.4391167990622982
1.4399098448695675
1.4296695622465303
1.4463141829736772
1.4227612660296503
1.4268611566193643
1.427450551140693
1.4208384507125424
1.4082525604434553
1.411068018405668
1.4104110759592825
1.4035647491053227
1.400573930673061
1.398526671673021
1.4039562048931276
1.3976944158634832
1.406836565704115
1.3981304536423376
1.3881453869323577
1.3835397831374598
1.3818670701115363
1.3805359183780608
1.3821638474060642
1.3674784684854169
1.3791269667206272
1.3804397342666503
1.3626301399161738
1.3630038766611008
1.3720212482636975
1.3595991009666073
1.3587644845247269
1.3520171764877535
1.3536798189724646
