20.63397068122648
6.255105492079033
5.101366255643232
4.752984772875624
4.517871105446006
4.364702557617763
4.203811141679871
4.092112709891121
3.9961837752247757
3.9188029327482545
3.8374194036114893
3.7528077424416004
3.6952323474974
3.635895997848151
3.58665857000171
3.5453272889245233
3.4699224818427608
3.4345258007634363
3.385342154300438
3.352052443994666
3.3195514887009026
3.293037342575361
3.251715177634977
3.23448032646809
3.1968238634883233
3.204853839469406
3.172130540856775
3.13741190984564
3.114450662203555
3.1129006074284606
3.0619741076568388
3.0426560477265774
3.035849446395658
3.0196538820581615
2.9932719654632063
2.993383327745042
2.974020244940272
2.9711952372541965
2.9320225355760106
2.9287916303805583
2.9215668962811523
2.905390687708585
2.889775533158824
2.867547996623336
2.8587364425074377
2.861352209212645
2.8522154317711883
2.832684131725779
2.8333437144756317
2.817182718582873
2.803285818617299
2.8065310980913774
2.7807584241876064
2.788716304414677
2.7768331051997417
2.764246718501145
2.754532610470394
2.7341985831845483
2.742477634605372
2.71264263481464
2.7204208070377134
2.7103606732386463
2.692788198309125
2.693978895556252
2.692682872403343
2.6864907488508045
2.661074600692065
2.6746996360005073
2.655557591960115
2.646748535475641
2.6549077562566072
2.641306254661308
2.641756295595529
2.632158727016089
2.6203237412110814
2.6065455422086536
2.6067024778644994
2.6001947224140167
2.5862278617777914
2.5887567519016987
2.5746260560908407
2.5718882550608435
2.5764061167555035
2.5669138240364364
2.5514914640840494
2.5560391938911295
2.56107918721325
2.541240103402228
2.53672364241672
2.5269271433353424
2.5234169515798675
2.5257619681223384
2.522296812736763
2.50702576704745
2.510355402838509
2.5029009563742943
2.5005186447557413
2.484412745203612
2.484687274357058
2.4859065644021303
2.4754859495837733
2.479911485932908
2.462906168316895
2.4574405764633753
2.450206734661786
2.45274329691563
2.4487961193300642
2.441653269641804
2.449698231130276
2.4462199267351403
2.4310927570990795
2.4244731301968954
2.424213213740655
2.422353633732166
2.4169031342245497
2.4200651409491054
2.41071851073571
2.4149329358676694
2.40191095441861
2.3972324076688514
2.398211079948353
2.3983775585327507
2.3900343848849244
2.3898746191330678
2.3815380497923435
2.395630990840354
2.3650362935830964
2.3710251107530773
2.369473823961222
2.3626834575860007
2.3627792214447596
2.3559907950320333
2.360216217220954
2.3591482037643217
2.3374641430827805
2.3422078628022716
2.3388206773209124
2.319288231854169
2.3410140579601504
2.3320090298382743
2.3473656891651875
2.3245729747808204
2.3184278106914378
2.3153783296639063
2.317597226714188
2.337640211267291
2.3085217402791076
2.329094349775674
2.304141403369184
2.306638281300383
2.3027832643041073
2.3043346826760276
2.2875874273057253
2.2983621063659774
2.292413648007051
2.2916279842831053
2.291135347676727
2.2791667968597054
2.262482317832281
2.2741015530982107
2.2731163217773975
2.2674796468806715
2.2614214960134253
2.2668716654462635
2.2637696533270604
2.2570931512229846
2.246747654001668
2.2559560008768766
2.251094158527986
2.244863413977173
2.234705629213801
2.2364070589812295
2.257463240398551
2.256335382753948
2.23548871222532
2.2281037703999935
2.224659320880782
2.2186394218566283
2.21704296795827
2.216485513831085
2.2140879175573027
2.2042808993807377
2.232031912736173
2.2097166222783753
2.226769356232769
2.2032596699471743
2.2019831251423314
2.2101924509372353
2.1896320047243587
2.2155824843442664
2.204286498281191
2.200227251030364
2.197398878774553
2.1857994153814495
2.188473774577087
2.1878745741439314
2.1832120806541084
2.1816022081195183
2.1754184331534043
2.1620951840337717
2.1783786224869064
2.166750152718346
2.1643333817428014
2.164286918235275
2.1605889367045097
2.1650446855796956
2.1525507319086
2.1611143193154967
2.1483315015738866
2.1521691331323587
2.1502322532096
2.1544446835540376
2.164449581560099
2.1520036065353536
2.1419511710135444
2.1372589497071393
2.134808949563863
2.140004756315699
2.1384902545865976
2.1257034273080104
2.1294931890267246
2.1253563309053205
2.128425559907589
2.119716422737769
2.124219041950298
2.114024154701323
2.1188616477093607
2.1121124782652223
2.1244178965406597
2.1138003707494377
2.1123470641532034
2.1109887847922884
2.1005667076920562
2.106997028836664
2.102842406281885
2.107113431647139
2.1091737364822962
2.0999505294943757
2.0953104344179048
2.1012328849086224
2.100446196097248
2.0973396132577142
2.1050534667271488
2.0820659798271253
2.083838404630715
2.0863539241957216
2.078252503332102
2.09617199819043
2.0891937247987062
2.092481239786688
2.0786541441701494
2.082627918922676
2.068012019373336
2.0837820149817556
2.0719808806788245
2.0790351367783995
2.08480792169301
2.0678572463539413
2.0760820912864975
2.060720688329553
2.0646385862579884
2.072515701910235
2.0620203583307988
2.060233270784594
2.0883608932765023
2.0526168115858763
2.0498018675255327
2.059051107966675
2.049612564579496
2.058122638261543
2.0438943201640867
2.051044964565421
2.052368809029741
2.054736071600104
2.044540286626456
2.043828545313961
2.044836738761866
2.0457701491859726
2.0433655386825778
2.0310562584760055
2.0283799877144255
2.0287770747013814
2.0417342686428213
2.0279933866464868
2.0328994207787066
2.0419190138016106
2.0355400701738753
2.024691016044257
2.025800069548049
2.0239349420902863
2.012881280116315
2.0285283563272007
2.0146703368650294
2.0180231225940415
2.008279785232724
2.026899314713928
2.0200689246632018
2.008026528330344
2.0167148017658376
2.01492555776857
2.002686714226345
1.9973516545768053
2.0016404693981387
1.995981293185702
1.9983411020827744
1.9952279576715433
1.9950827767826476
2.0104234578474514
2.010212960670579
1.9976037600130405
1.9884907721348528
1.9971593967023886
1.9881269765912362
1.9837692304039902
1.9867689499877534
1.9819101083953425
1.9924842540947896
2.022138926218141
1.9923618548321274
1.9748477772721704
1.9943743904806532
1.9793959962871839
1.9723384425325214
1.9776729182252344
1.9777217552347004
1.9794844127488587
1.9780924123413157
1.97322508524049
1.97673565908423
1.9751156124303926
1.9752817960842601
1.9724985004033682
1.9631448292507316
1.956201026743313
1.9651757338136997
1.979040413813771
1.9670861804822706
1.9687043926063574
1.9571239520918648
1.9512002763320815
1.957780713742634
1.954638217980007
1.9505232530382444
1.9511756298114669
1.9538821662372012
1.9488795011673334
1.9495882301960352
1.9494966018312383
1.9520774157542102
1.9450351584632442
1.941470112440721
1.931669460996142
1.9378964276808612
1.9365290856024004
1.9426076094496925
1.9405691370649159
1.938181537502217
1.9339086500541218
1.9389763907441553
1.9383061719390582
1.9331644953421827
1.9257401464120396
1.9395577938489195
1.9282889818807818
1.9230877852664803
1.9261064355103474
1.929647037443125
1.9276232449513562
1.9239735499305546
1.9232878001793376
1.9197964724504724
1.9195964856530137
1.924530103240373
1.918315700764926
1.9324276908388678
1.925223689877762
1.9109824159235325
1.9205373874250449
1.9138237727138232
1.9180297429831523
1.9073061034926828
1.91395824810244
1.9165569931831
1.8979541954566848
1.915741095846554
1.908982146461055
1.8989382740461602
1.8954364140078706
1.9026747717047638
1.9104905347779113
1.9202472145827312
1.9347437833839993
1.903104989033825
1.9024570331258595
1.8876651522685897
1.9014690462148414
1.894710807305462
1.8905360285403594
1.8920094280872706
1.8944010211611695
1.8957541196976069
1.8960417076101843
1.8900837380931061
1.8802453712472376
1.8894418160308082
1.8807443433775093
1.889258790690944
1.88618673693459
1.882206402016136
1.8926521972665247
1.8766267766367715
1.8764632805338446
1.8794222476909745
1.874144141404134
1.8818268205197353
1.8797444982348748
1.8770446648012917
1.8725294313340817
1.8702495969691366
1.8677270240941137
1.8766615140550542
1.8692849711427149
1.8652360276231226
1.8827516290376771
1.867869902894182
1.859938845038414
1.870926670589537
1.86033969414684
1.8580531185528018
1.8622760823312796
1.8562533197537907
1.8676232959864274
1.8600304346039611
1.8554916165347368
1.8799332714868042
1.8652447883812886
1.870794654454825
1.8558857710856311
1.859096831308221
1.8476235298615582
1.8444121492640027
1.8524300962124232
1.8462342035095647
1.8542504378084868
1.8483738128869038
1.838753492202399
1.845936785329063
1.8716632082777203
1.8403973160487301
1.8416156139013902
1.8371092317239293
1.852777530562203
1.8515662362553038
1.8426237927292877
1.850878509429266
1.8465755789909724
1.8402166819235064
1.83021295126879
1.8273351035028134
1.8322679138970825
1.8223196197793168
1.8378379030047722
1.8331104272379066
1.8328754879393667
1.8301161443287473
1.835859700193945
1.84099435918736
1.8282810705450345
1.821968140467158
1.8293950214700878
1.8260665350365188
1.8319221048984888
1.8181133164830927
1.8258259349836494
1.8143124065871508
1.8153440044173654
1.8138835452637583
1.8178941211048163
1.8210793531165932
1.8091327742023289
1.81946543674424
1.8087252066382822
1.8149656687142715
1.815271794233682
1.8064654722528637
1.8153679528326359
1.8137148537163466
1.8204449755403231
1.811574080923818
1.8182788494060624
1.8025024867845032
1.8052622577491797
1.8021652760370723
1.802441341697045
1.8053003465229611
1.7999222646906692
1.8254967868890402
1.800164651758266
1.7938478788677252
1.8013921084831346
