13.886251409098787
5.869177486536638
5.093688187734136
4.738201810503906
4.511882515448444
4.332871159292617
4.159560678140172
4.04560345861147
3.9355674807755454
3.8451317790544257
3.758512204548098
3.678796993673972
3.6202988039772466
3.53821141427418
3.479979201307837
3.4487210360338105
3.378416712553996
3.3693457358288317
3.3095986151470327
3.2568954516131923
3.259728564406341
3.21021583451415
3.168170267680906
3.138088394448442
3.117887949606158
3.0978687883548015
3.0731062855360642
3.049846060433478
3.031763585389785
3.02801664876488
2.993320478583282
2.9841664619040937
2.9707043721990765
2.94601582637373
2.9234570186093167
2.915642847430031
2.8969399124946236
2.886621523578212
2.877893472055219
2.8695139232671485
2.9020390313751294
2.8559151134401
2.821570193992471
2.812713490342194
2.8109787342683323
2.787773461836689
2.771768753258687
2.7802506814587793
2.7515550548175596
2.746182194295919
2.743348520319417
2.7301587434309833
2.7167659480616733
2.732935166583871
2.704019524859932
2.68356805814887
2.6817450006053134
2.6823475827585974
2.6757564156685234
2.660595562660469
2.655337102570624
2.6515213144275376
2.6367572202997387
2.628121164609801
2.619514801592197
2.6110853299779713
2.6034772448101133
2.6079302402037494
2.5965532137537903
2.585619902835702
2.574975369392701
2.5745678515929096
2.5681432519318923
2.5570721373243153
2.5524133533801674
2.5563070858424566
2.5499068408642174
2.5401747294192045
2.540683493861612
2.5394464854924186
2.5344092036193273
2.5124390243359334
2.5072453336895637
2.5094611228636974
2.5011691816572874
2.5002089266507133
2.4841605295550147
2.4977027858203313
2.4758001700887142
2.476065051443172
2.4675633046986922
2.4821471954291723
2.460446353790895
2.4605996023933843
2.4598389363513804
2.4499552902185693
2.458127587471368
2.4425806211975387
2.443880597937782
2.4325015066929585
2.4388578792787947
2.428713511745885
2.417640896900645
2.4267988199332975
2.419187587949465
2.4116074881463683
2.4084840810523844
2.4101302488794865
2.3975117178458087
2.3945068390864246
2.3893240676173626
2.4071234037291327
2.3952853049872056
2.37742399494603
2.3689161274793014
2.360142525636925
2.369838626879566
2.3852726704669447
2.3673645381657584
2.3446499896499344
2.366901343723513
2.3434877226937494
2.3401266544494987
2.3309642402630932
2.3376364185000367
2.3266667487486354
2.332370787858963
2.336073270665025
2.324986655194804
2.337515207956422
2.3241352877526915
2.314203882554792
2.3070003058550492
2.319258118013166
2.294750556630908
2.3041908740997314
2.2994229787925504
2.2955975391954744
2.2877291963910156
2.2813004114717805
2.279231555057022
2.275565541015481
2.270564817032724
2.2927581875954033
2.269335911802526
2.2662689635213815
2.2573321208638966
2.259386082865157
2.2590331378972754
2.250182620196972
2.246871876829075
2.261747658815024
2.2507124380120693
2.2419549399670564
2.2353997621333823
2.2370654645393477
2.2413175645864234
2.2371651642727404
2.223734198876147
2.2422726559189132
2.225255498346293
2.2220773668784015
2.234814217630422
2.2230135742223487
2.2109659221374764
2.215487653073275
2.213345808240603
2.2092859334540815
2.207170799655734
2.202068272626625
2.200329067572108
2.2024912716082805
2.202868530210459
2.190796678920962
2.1839843257418217
2.1892309141046598
2.184766043469591
2.1763244091339833
2.1854095959438467
2.1957163521141374
2.191919443742284
2.179963715796201
2.176519162250015
2.173540826394873
2.1675388003295324
2.1714248921511308
2.177409919365397
2.1671195884920516
2.1667455805922455
2.1560307150741793
2.1638398417886697
2.1520289722478614
2.1726668035646655
2.1509801582345425
2.148516997976123
2.154416518953611
2.1376209804471933
2.1344783036214
2.1425293200420885
2.141128126180397
2.132944658679782
2.1275286084076144
2.127445143911074
2.1340010576653032
2.1367910093856306
2.1227635923983916
2.1228555187864124
2.1141529133156785
2.132322811293152
2.1251445766889825
2.116306091254612
2.129064381122589
2.1157737011617086
2.1108588702836126
2.1197194659485006
2.1172600990196444
2.1163746242253287
2.1048794624940403
2.0950243518037617
2.0986154686729863
2.094427960098914
2.095642199493804
2.095880485368225
2.09214844118874
2.1007590901176885
2.087483192389866
2.0954313075767375
2.0885055779286152
2.0858374701918296
2.085737796324604
2.085084894918046
2.089296868949566
2.079993519580589
2.0738333396191866
2.080677611647912
2.074895187931241
2.0732317415048493
2.0626593078925923
2.067452624721347
2.0598208392566106
2.0651777721238584
2.0620808635117873
2.070444836931409
2.0670828279459252
2.071775441462139
2.0686401238418974
2.055736484392634
2.0528533846702217
2.0571791751767106
2.0503954370066806
2.0547428091741957
2.0384538932791294
2.0414800680470915
2.0521456222489194
2.0458698424528228
2.036267010670788
2.0409619549535356
2.041018845337742
2.0391461163196922
2.0472643985500873
2.048013941296991
2.0415419401987545
2.0304717477762475
2.0279717411635056
2.0329267376998685
2.028791643819719
2.0300347402972996
2.020094780989413
2.0375268127558366
2.0292920335283817
2.023019643887034
2.0248151966985666
2.0203014179220737
2.0142494816825076
2.0204088384250425
2.0165453072426454
2.015660031786505
2.011889402034148
2.005430632604743
2.004292723986338
2.0098764494342625
2.0107040945089087
2.005763111811764
2.0102893085974567
2.004748301685981
2.0005516865343416
2.00590244497893
1.9977896539670117
1.996743361623782
2.012339785695076
1.9962206302948717
2.0130725488910137
1.9917066592090535
1.9906197761027318
1.9959967940483454
1.9967669990827452
2.007708927370467
1.9905631896459832
2.004688029019338
1.9965398452191983
1.9841914446848743
1.976156308403555
1.991545983080594
1.9847645304113064
1.9774628543066528
1.981573982058831
1.9780394642982844
1.9705553809708019
1.9751822537970993
1.9899621397819158
1.981533720808209
1.9734704311726228
1.9751699600579604
1.9684114090676577
1.9640037206546315
1.9635299818133407
1.970176638578469
1.9619150665008798
1.9655254179576658
1.972501259929729
1.9697651801244267
1.960829275396635
1.9534214102434662
1.9557904291827723
1.958471140490388
1.9510437922095352
1.9665376361248628
1.9477130607613977
1.9440996621577245
1.9610559996568933
1.9475613613173646
1.942247599363327
1.9536378588878884
1.9483836034558855
1.9376802011480871
1.9417172538222007
1.9459478073524978
1.9458404897518877
1.9365653018906432
1.9443048528342877
1.9329456799435165
1.9411028089388362
1.9342048862632715
1.9380923990371093
1.936109594297859
1.9374507466014825
1.9406133974498172
1.9265662639770869
1.9389533358362485
1.924791377108052
1.9382860747710713
1.9370606682210598
1.9418512821759817
1.9227365395932827
1.9218454299108036
1.9254607462658073
1.9190193108230267
1.9206265928048007
1.9300490302859612
1.9272614672498882
1.9109826416901823
1.9191431512810149
1.917596181608596
1.913148729025193
1.922923205033788
1.9115539288745735
1.9032109655299276
1.9088089780987434
1.8970588574994285
1.9025206428091481
1.9113573029918491
1.9161566113525967
1.8977549017037985
1.909887452170534
1.9130110664750046
1.8999207618663896
1.8954634649573632
1.9015685058427307
1.8945057082850978
1.9016413429998003
1.902662898571986
1.9038889377184633
1.895893855477279
1.8856633575457447
1.8916765738208339
1.9026657306360748
1.8830925698550243
1.8881783974620532
1.9133379484684963
1.8912977137655582
1.8925359372822743
1.9057357747037456
1.8920731243659865
1.8793901400464885
1.883813332274275
1.880608765865272
1.8796801912897039
1.8796138330450598
1.8962013384081282
1.891622949321315
1.8778734313991834
1.8745558824179307
1.8817705298369785
1.8754032659080793
1.8822585192491423
1.876549503713284
1.878853201303842
1.8655049415691844
1.8834004393726025
1.8693372511638786
1.8864387897950299
1.877964641969159
1.8650895257322293
1.8754913638222892
1.8680569248379402
1.8588858353641797
1.8718335594771043
1.862466276254294
1.8484441129104145
1.8647783471728272
1.8581813472621846
1.8713895026242957
1.8581362518499482
1.8500479229216307
1.8596144580053833
1.8566537485370096
1.8674545453966789
1.8650038464451737
1.8561763322015978
1.849120461715842
1.8448715732907348
1.8628817186603006
1.852662037003715
1.8428027792921606
1.8407273225064547
1.8557245053772657
1.8399402994029928
1.8530885658736498
1.8403560724460855
1.8432105419770726
1.8384479005944054
1.8326735833905778
1.83934330406054
1.8441070135471955
1.8435609543098594
1.8340550295586855
1.8456444355114452
1.8300996675806225
1.8338072193118762
1.8448472554391284
1.831080194351808
1.8525675355263476
1.827118531712946
1.833386242389679
1.8258769877676695
1.8393083737706237
1.84420996257719
1.8320958962980307
1.822553719833212
1.8206915951000069
1.836703231874502
1.847186933429736
1.831812785481507
1.832112193388759
1.822897583246231
1.820467789499265
1.8175604020087224
1.8184655685469788
1.8312664684259667
1.8176659266903716
1.8094457947420624
1.8295965998802546
1.81960129737854
1.8166600468586076
1.812971074907285
1.8192405796275948
1.8151054143343333
1.7990815900969055
1.8186248046047282
1.812020278764221
1.8104811909626115
1.806583657298448
1.8043898928840205
1.8031175783220328
1.8058632648778412
1.8054429281432673
1.8069736465530575
1.8014396330657996
1.8084056990326576
1.8126745032814313
1.7992445469464895
1.7922060964804776
1.792269768017643
1.7997593497330289
1.7997981138386816
1.8000062794055578
1.7980437475555349
1.7915744522832475
1.7868846556488074
1.7932966115339748
