1.8723163938522338
1.8748077940940857
1.9216289412975311
1.889167976975441
1.8451781007647514
1.8614579612016677
1.875726531147957
1.8546793818473817
1.8272822326421738
1.8375262558460235
1.8721230113506317
1.8390176552534103
1.8462553626298905
1.8613094013929368
1.8384299635887147
1.8356393641233444
1.869263545870781
1.823948982656002
1.8593903917074204
1.9213643023371696
1.8323374259471894
1.8076551103591918
1.8619458776712419
1.824927988052368
1.849617765545845
1.8219241791963576
1.8031854864954948
1.9269924676418304
1.8461992651224137
1.85813950330019
1.8081632113456727
1.8298990643024444
1.829701746404171
1.8259124022722244
1.8320303684473038
1.8625069427490235
1.793444237112999
1.9037041813135147
1.8963083872199058
1.816121410727501
1.8206246012449265
1.848636890053749
1.8025886872410775
1.8370293596386909
1.7625342705845832
1.8417199021577835
1.866890335381031
1.79757303327322
1.7758262306451797
1.791836143732071
1.8265505149960517
1.7364687520265578
1.811430686712265
1.759540246427059
1.8165783962607385
1.7998596918582916
1.8054843020439149
1.7623060965538024
1.7752743858098983
1.761102832555771
1.7519733464717866
1.7695695906877518
1.80741690158844
1.784527014195919
1.7568626779317855
1.766613436639309
1.7395070508122443
1.7671389004588127
1.778977376818657
1.7665392705798149
1.765443987250328
1.7580878001451492
1.7782027262449265
1.8192722457647323
1.756732502579689
1.7553105336427688
1.7665474283695222
1.7430450576543808
1.7431697863340379
1.7301464560627937
1.8179042267799377
1.7730327957868577
1.7626752150058747
1.767140302658081
1.7210056746006013
1.7038000777363778
1.7396758961677552
1.722443943321705
1.7842482766509056
1.7391022688150406
1.743137059211731
1.781326829791069
1.7390297949314117
1.7286270952224732
1.7149350801110268
1.718340191245079
1.7128096505999566
1.7032901191711425
1.721167628467083
1.6828870457410812
1.7411514335870744
1.76244504570961
1.6897616797685624
1.6921747183799745
1.7689778098464013
1.7213130033016204
1.7825131440162658
1.7932832950353623
1.7223810070753098
1.676717704832554
1.7238743272423744
1.772461667060852
1.6835102617740632
1.6876901787519456
1.756885070502758
1.695335763990879
1.760586902499199
1.671830366253853
1.6993377327919006
1.7108199587464332
1.7209191790223122
1.6959654366970063
1.6356903207302094
1.6608950972557068
1.6734214854240417
1.6645861953496932
1.6833585804700852
1.6854202455282212
1.6800540578365326
1.7167303514480592
1.6928421247005463
1.6317612254619598
1.641589014530182
1.7437606874108313
1.6709374994039536
1.728487486243248
1.6469984900951387
1.6655379188060762
1.624505978822708
1.7330496853590012
1.6212879934906959
1.6850254791975021
1.638053669333458
1.638872130215168
1.632215373814106
1.6954265850782395
1.6614892429113388
1.6192395129799844
1.6288804745674133
1.7171026542782784
1.7075598415732385
1.6570236033201218
1.6095702654123307
1.6175727242231368
1.6169208404421807
1.6658584302663804
1.6492417135834694
1.6000448375940324
1.6086470609903336
1.6387430232763291
1.6613647109270095
1.6817208033800126
1.6168579396605491
1.6604435187578201
1.6414969837665558
1.650168213248253
1.6368169555068015
1.6027436104416848
1.616365552842617
1.5992092835903167
1.6589619752764702
1.7464146822690965
1.6000972616672515
1.588333339393139
1.5896382972598075
1.6305647853016854
1.6389696621894836
1.6040135076642037
1.631674199104309
1.5835960578918458
1.6123385134339332
1.6100417566299439
1.631357519030571
1.5997498887777328
1.6735983100533485
1.5827739357948303
1.6237873914837837
1.5644100323319434
1.6024283540248871
1.5704955610632896
1.5705024954676627
1.5761444878578186
1.6877408838272094
1.5864433184266091
1.6149924832582474
1.5708283063769342
1.6066021025180817
1.7110864633321763
1.5723185193538667
1.603992251753807
1.6407791948318482
1.6064201879501343
1.5616394525766373
1.5698951977491378
1.582441354393959
1.5417723035812378
1.5591095316410064
1.5754136124253273
1.6248148486018181
1.5628779566287994
1.5783554339408874
1.567053056359291
1.5641019916534424
1.5330825233459473
1.5866102850437165
1.6033244505524635
1.5576795327663422
1.5353678566217424
1.5457051956653596
1.5553425151109694
1.5506258669495583
1.5481451159715653
1.526333424448967
1.5344214034080506
1.5623150631785392
1.5207328543066978
1.5307627135515214
1.5600213155150413
1.569914830327034
1.5644105225801468
1.5792657047510148
1.5797226700186728
1.5576642274856567
1.536732389330864
1.5312644870579242
1.5744231483340263
1.5238328486680985
1.5360773515701294
1.5502550882101058
1.560490409731865
1.5157433384656906
1.5625221970677377
1.511995334327221
1.5184462535381318
1.5229877817630768
1.529640282392502
1.5705746856331826
1.522684055864811
1.5597839108109475
1.5294544804096222
1.5601524645090104
1.5444676285982133
1.551943986415863
1.5493647640943526
1.5216293939948082
1.504764151275158
1.53184316188097
1.5239883488416672
1.5309569250047206
1.4813454517722129
1.529761472940445
1.4943918550014497
1.5542969471216201
1.5407863122224807
1.4862513223290443
1.4811473694443702
1.5149383163452148
1.5374682730436324
1.5274045699834824
1.4752710312604904
1.5219348061084748
1.5035695549845696
1.4823852202296257
1.4990324145555496
1.4951950027048588
1.4787883111834526
1.4877342575788497
1.474180563390255
1.497181118130684
1.4860199439525603
1.4841630971431732
1.4703844013810157
1.4652063557505608
1.4510525983572007
1.4863544541597367
1.4567306849360466
1.515840184688568
1.523479268550873
1.4996355935931205
1.4849194741249085
1.4596979349851609
1.5489742627739906
1.4545307837426662
1.4475455781817437
1.477436330318451
1.4700861591100693
1.4784063079953194
1.45911364197731
1.5041629326343537
1.4406339919567108
1.4862041673064232
1.5019827625155449
1.530310048609972
1.5296379654109478
1.4552383768558501
1.5022486212849617
1.4635655698180199
1.4533976447582244
1.4109857991337775
1.472593148946762
1.4842300447821617
1.4296149146556854
1.442154715359211
1.4949592754244805
1.4749055472016335
1.5090677830576897
1.5230241388082504
1.4499225053191185
1.421547967195511
1.438396047949791
1.464079712331295
1.4121344417333603
1.4717884188890458
1.4257354617118836
1.4523905536532402
1.4197318148612976
1.4721418932080268
1.4177702587842942
1.4650613236427308
1.4539055374264718
1.4507074478268622
1.4489856132864951
1.4987952691316604
1.4435265001654625
1.4409047693014145
1.4116192358732222
1.4410132104158402
1.4559535580873488
1.4248474863171579
1.405775499343872
1.4925656673312186
1.4645430666208268
1.3888691253960133
1.4495324668288232
1.4229542329907416
1.44456405878067
1.412707309126854
1.4256162142753601
1.397816134095192
1.4386122661828995
1.3920844793319702
1.4024804696440696
1.4919217270612717
1.482392303943634
1.394911653995514
1.445412813127041
1.3937455075979233
1.4216149565577507
1.3986443738639354
1.4068063056468965
1.4079619577527047
1.3905066606402396
1.425456902384758
1.4122720921039582
1.403259181380272
1.3714617651700973
1.435703998208046
1.3724176996946336
1.4354545909166336
1.3464901626110077
1.408963756263256
1.4156541335582733
1.3897158852219582
1.4044232386350632
1.3886858588457107
1.40780871540308
1.4292760384082794
1.4091762185096741
1.3705178028345109
1.4231149655580522
1.3638852152228356
1.3447291386127471
1.377334664463997
1.416718358695507
1.3653314244747161
1.3448732587695122
1.4199449342489243
1.3922976106405258
1.3947197413444519
1.3706525206565856
1.4128517344594003
1.396510751247406
1.3929669618606568
1.3676421809196473
1.408988214433193
1.4022589442133904
1.3626469194889068
1.386637394428253
1.3952741861343383
1.3612333306670188
1.3561775436997414
1.3343882316350937
1.3501776772737504
1.3550543704628943
1.4674966862797738
1.3438780665397645
1.3799125888943673
1.366305486857891
1.3322546589374542
1.348411438167095
1.3742964538931846
1.3391090220212936
1.354629264175892
1.3687113276124
1.3432724997401237
1.3956905058026314
1.3305621820688247
1.3675961047410965
1.343409961462021
1.3996831864118575
1.3585933709144593
1.379207088947296
1.4038950580358505
1.345111815482378
1.389536003023386
1.340695618391037
1.3601136562228202
1.3197913387417792
1.3182104980945588
1.3661053583025933
1.3257972356677055
1.365935845375061
1.4012082093954086
1.3506800650060178
1.3427314826846122
1.3242399671673775
1.2945505681633949
1.3195499670505524
1.3244567999243737
1.3370526686310769
1.3593722209334373
1.3455021739006043
1.305990935266018
1.3420646134018899
1.3484540823101998
1.3062190636992455
1.3569661891460418
1.3133611965179444
1.3343333713710308
1.3213170674443244
1.303298020362854
1.3448227798938752
1.3257811242341995
1.313301492333412
1.3166371446847915
1.3672684141993523
1.3025099849700927
1.3328263351321221
1.3834518778324127
1.3048409563302994
1.337108174711466
1.3188038682937622
1.3237441286444664
1.329583597779274
1.3358537593483926
1.312462781071663
1.2931244057416915
1.330708877146244
1.318192012757063
1.2913651177287102
1.3395490920543671
1.3559421783685683
1.2929961189627648
1.358658889234066
1.3267411524057389
1.3115843734145165
1.2849159118533136
1.295924771130085
1.301935241818428
1.3149501371383667
1.2933121141791344
1.3073908969759942
1.2656148037314414
1.2900971008837223
1.2800108289718628
1.3250433686375618
1.2691016548871994
1.261295401751995
1.2967852699756621
1.2555614107847213
1.4210369846224784
1.2959375855326654
1.3324365937709808
1.2941063910722732
1.2940917637944223
1.3022121211886406
1.30479505777359
1.288202447295189
1.279233563542366
1.251012935936451
