38.677676497765304
13.51865213772036
6.505662122987351
5.495966876452824
5.044450975813955
4.758911511808072
4.546437657666656
4.324551044770007
4.16953751332355
4.00603737921085
3.8653535522379965
3.7468276951672896
3.6414933429574066
3.522547233779475
3.4432809729621097
3.3435452113736353
3.2774754745780297
3.2054210743814147
3.1429036034727997
3.0925161085038817
3.034155642086605
2.990352556390582
2.947850473646848
2.90685417292253
2.864647814406539
2.834255036880385
2.801686737053799
2.7861368926066272
2.751587786202161
2.722580803452798
2.712925860904298
2.688036690905409
2.6595123337124877
2.6518308149193817
2.625897804521165
2.6025826919753596
2.6082047162190922
2.57838759051179
2.5509658214056268
2.5399633915919178
2.5236516386832832
2.5082414380784304
2.505284107518646
2.481207405058843
2.4735814501654425
2.4600569892604396
2.4460062620774754
2.431507721824466
2.4304685305874303
2.421326759288896
2.42070975168696
2.397867681282871
2.3924606841690137
2.3697276902648636
2.3754433927670964
2.3531985246347933
2.3594602287377953
2.330802897237382
2.3257976151862234
2.3161126853160137
2.307996000321406
2.297340341334073
2.290114125553167
2.276578519141899
2.3106442380626246
2.265605257929496
2.255550928835599
2.2455741082722285
2.252459759419819
2.251941160211023
2.230494515513474
2.221566142900935
2.2204406773144343
2.207324061753615
2.2013195561912826
2.1952835875299743
2.1930022115977303
2.2088584331971295
2.186245359339804
2.173912434645419
2.1618009631363853
2.165073221022228
2.1592862510456228
2.1425882094311266
2.13982973739786
2.136515496193238
2.136800749121972
2.1275134834478484
2.1179359178498105
2.1168415034716985
2.123577693160975
2.1058109576972024
2.10473765742104
2.1036596275725454
2.096190833258179
2.0981297082496138
2.0816553114157803
2.0798292435565084
2.0685937300605595
2.0694191399610267
2.101605735297473
2.0602967576035915
2.046532221841362
2.044556388315165
2.047520489625211
2.035842111088195
2.035076544532236
2.032131744443246
2.032634545328482
2.023335675585945
2.0215838517782823
2.0143962091994734
2.0124364706142894
2.0038096567369856
2.005769779097359
2.002913570628976
2.002247156961909
1.9885057441468508
1.996425155761107
1.9782424943064743
1.9805420535915303
1.9837462255414926
1.9759135797338665
1.9676720932969507
1.9692483299745704
1.9569959584272132
1.9540722139601439
1.955572708035415
1.9670749222332577
1.957538755997172
1.9420446247424719
1.9341762867176309
1.931619422053391
1.9306417956667126
1.9351662793811761
1.9313066967253416
1.9211920550409354
1.920328604444018
1.925417809553866
1.9257489175729032
1.902598520213703
1.90616105328191
1.9072428202291705
1.8978269848058809
1.8948825372839875
1.891651547461186
1.884772295097135
1.889045792649377
1.8826267803614993
1.8925738773255978
1.8719711480837948
1.8817897065068192
1.8841542688743123
1.8636693378102105
1.8656830950728003
1.867939754195933
1.861240898944297
1.8574139124379967
1.8517021455292433
1.8533497927886136
1.846443867064872
1.8388632184491966
1.847851890719162
1.842957264691029
1.831811601260923
1.84156120048379
1.8324997031463768
1.8269908349469024
1.8311471612948291
1.835920417083884
1.8149368172546603
1.8140227280135424
1.812331126827114
1.8230140501598142
1.8067586149247188
1.799801119093625
1.802895316818975
1.8039504857558124
1.8084012781674008
1.7970852342978962
1.7965137005414602
1.7866009133604337
1.8015285187734749
1.774925893629497
1.7804411739673254
1.7790487647618887
1.7950030894212003
1.76624444773737
1.7725631889869582
1.76705017601544
1.764174464176286
1.7628695197262854
1.7554482650363221
1.7607102478450198
1.7571220147722173
1.762320212879271
1.7459062059532922
1.7606531024541494
1.7513113823139443
1.7434662583301652
1.738308868880542
1.7377097599630087
1.7409665261237126
1.7345602849744401
1.7279510703289285
1.730224832048956
1.7228273816828459
1.725678303612853
1.7189743774679471
1.7197199924936835
1.7209447006571967
1.7122641694995593
1.7187005891552511
1.7063361462557092
1.7070998217699662
1.7024561175197925
1.6997695154738877
1.6940940813917034
1.7133262216482523
1.6950847739880939
1.6900982311311759
1.6852946689106383
1.6906564286294974
1.6879156813868936
1.6846226330073375
1.68736384162363
1.6778280481977284
1.681638001271014
1.6745580547260788
1.6815452685333647
1.6773341472418803
1.6705563161170707
1.6693371635562968
1.6706196617967677
1.662552367684976
1.6586942599629455
1.6623594468494631
1.658956232217123
1.6496124070770335
1.6525330220190984
1.6495213938771554
1.6512898240449294
1.6531274141568058
1.6440829006287287
1.6427067717853583
1.6399466128281828
1.636432652484696
1.631327232381083
1.6388242649582196
1.6334014568688735
1.6321844703183983
1.6248709905260015
1.6264631098733757
1.6224990245306268
1.6311329153348815
1.6149922311306
1.618699165166549
1.6142047952930882
1.6180532538103607
1.6143922814220752
1.6157725408392132
1.6062497794628143
1.6054226165672518
1.595110685476717
1.6012933108041871
1.5966797445742589
1.5996674029332287
1.5877222736489098
1.6001555562581655
1.5970645068951372
1.5913195278284684
1.5892066165523708
1.5922906190719244
1.5817342344320044
1.5850267862936236
1.583978200015032
1.5715847827915876
1.5759906990910477
1.5781056939993265
1.5711492595245253
1.5744932757795982
1.5761585227161083
1.561747005244471
1.5696427150155015
1.5654028898702477
1.5558090252134036
1.560074878751107
1.5628461719683882
1.5609635072496701
1.5585010647773743
1.5520018350403264
1.5524821795944899
1.552105483581435
1.5550037532482508
1.5478075399713696
1.5403239395258561
1.5447065256676584
1.5380109012970384
1.5439213761743509
1.5304978444891155
1.53617684065171
1.5343395190418891
1.5279581771706634
1.5275942275546632
1.537242760635772
1.519952023647866
1.525801827041608
1.5187069318204556
1.5178061380701244
1.510303942381211
1.5201701260400269
1.5146591508725904
1.5151085012926246
1.5113669810992367
1.5088208528622142
1.50596917125414
1.502782034986424
1.51157394557629
1.496382807223302
1.5028112002138823
1.502131222553973
1.4981353361651581
1.4935016291883756
1.497440313393215
1.4921059228901594
1.5028817608671368
1.4955084163625285
1.498438004615172
1.4836138096058145
1.4849551182310536
1.4901788760468644
1.4810077345596169
1.4725770238997802
1.4841993307729937
1.4737619459629059
1.4756804926777787
1.4734646377136122
1.4829164212042432
1.4769482584494464
1.4590152454263758
1.4661826128667255
1.4566391161027945
1.4749770743666955
1.4569410409005183
1.4564147954279523
1.452680934150264
1.461339015724524
1.4502288749757803
1.4492984492823762
1.4477386124572664
1.4493490761181094
1.4481200471801579
1.4417443610024903
1.4502859005950532
1.4389347057297546
1.4422927063028768
1.4324483930502299
1.4397820304587203
1.4361265338254425
1.434635415673256
1.4280560282322596
1.4360341893614463
1.4237638388602238
1.4266344733395666
1.422572708073652
1.4374062269926071
1.432976266404368
1.4284684157596443
1.4274697452783585
1.4137981157257873
1.4232358204306297
1.4167331690495868
1.4190008052677479
1.4111043380678825
1.4100177532659386
1.407182218050057
1.415796179816408
1.4123985730814483
1.4065269726627279
1.3991689313695115
1.395811549897464
1.3957682842353605
1.3956879619157538
1.3990904708515923
1.3987646206932247
1.404258370118321
1.3861993126711756
1.3903121203184128
1.3980426673056945
1.3919912348940688
1.3815284818410873
1.3835737651811455
1.3839222111229628
1.3802706576743216
1.3833483201715182
1.377389521812493
1.3830015454089866
1.368181658240984
1.3758539099175975
1.3741777176564594
1.3723430079671572
1.3693336417090218
1.3742583453092936
1.3655155227994018
1.3635265720340441
1.3602136637804643
1.3631904080228985
1.3597751361019206
1.3571421692393861
1.3636153613059026
1.3553025151761073
1.3498235943744767
1.3553375213775996
1.3499590577381961
1.347969115623888
1.3434067600459423
1.3487664677624434
1.3451925783224825
1.338218627954429
1.3416003396488585
1.355514056277725
1.3413186180141736
1.3409952757493504
1.3429057425204314
1.3404547445616632
1.3358001827069048
1.3404202837989014
1.331791177392006
1.3263816490488232
1.329457183772663
1.3287276999568038
1.3273588531422165
1.3347509812633946
1.32456880414261
1.3207117650868758
1.3239560217227575
1.3153718114953559
1.3162294541889767
1.3254628299542193
1.3128696640707411
1.3267649355924354
1.316739317662311
1.3082914346793912
1.309614267551674
1.3072949448284112
1.3130005429375846
1.300231491338532
1.3055200827009272
1.3008393767588544
1.2962471896185066
1.2951312229599592
1.3190288521208853
1.3049501166591104
1.30086043870674
1.2900047240392216
1.2975548685721632
1.292373112912448
1.2954631459038213
1.286359577527586
1.2868697737466614
1.2866159798401706
1.2878749769813609
1.2811548712680925
1.2940370080605992
1.2794610866398182
1.2802759529847019
1.2770728288956408
1.2731327344224137
1.272414987941958
1.2707815026899554
1.2771582510673776
1.2708003318534706
1.2703828991584059
1.2747512849153213
1.2612677272760644
1.2660135598677509
1.267132336519799
1.257247083732542
1.266013483675021
1.2642089319678973
1.2607728105108693
1.2646433573286489
1.2545502680652547
1.2504344063828576
1.2519931202789523
1.2555506603335433
1.2498326217228513
1.2506629490065124
1.2534100849111125
1.2447860862286586
1.2488077348976765
1.246533196068035
1.2415960807845277
1.2411308319501158
1.2446802604310918
1.2415536209097449
1.2364073616434943
1.2332449608816292
1.2354623284542336
1.2416063802984525
