17650
3636
8023
13649
12231
7278
16467
7910
9596
14198
11803
8970
14187
16057
3019
10636
17549
11111
9013
15920
6360
14388
6492
19017
15108
7499
5048
17725
5046
11202
12583
3442
12390
2119
9068
2915
5236
1306
5833
2355
9254
8470
16538
8772
16781
9164
17886
14459
14823
15699
19177
12087
13788
12057
1464
9069
11472
101
17440
4255
6774
10108
18758
4023
9271
18266
19199
6529
18669
13837
12803
7385
4696
1425
16907
15511
212
8685
14169
10909
1432
7312
386
8829
9674
4392
15910
13860
15629
18225
10128
333
15718
578
5725
16310
17260
3326
11277
17366
15887
12709
13255
1788
9514
12126
5911
7130
16937
1790
495
7171
16363
12762
5711
17014
14549
4403
8913
11508
8136
7006
19238
6241
4343
5816
12094
961
16423
1750
9626
13179
16448
10291
2204
14571
18314
11824
4091
8729
12145
15416
13771
16287
7526
12342
15286
14012
11946
17035
16924
10623
7708
5662
7037
12208
6654
8791
18432
4283
8293
18413
3564
8010
19171
12211
11909
4039
8228
17911
9817
6112
13843
4059
12001
17463
7300
4217
17106
9640
12514
18902
2184
100
15386
17794
5785
12316
11383
272
5892
7919
18961
450
6036
7188
10612
19204
7155
16209
10164
18970
11235
13312
15052
4184
918
13806
5693
17521
3269
14208
16838
13779
7162
15242
5555
16290
1728
3069
4515
14137
10265
366
10059
5763
18719
9675
18736
17861
1924
12597
14132
19240
4522
19230
4026
8815
8031
3613
11811
2115
10739
8404
5538
14436
2120
6527
15664
15885
12977
2938
15618
17464
1221
13683
9433
2628
13595
10764
14980
12415
11497
8874
10773
11382
17553
19435
1217
6994
2751
18272
17115
305
1844
5651
16920
4601
16570
2364
18229
16425
8757
6342
11809
9191
11480
14041
16475
3944
14597
18231
197
8424
9581
9052
15475
10825
9372
18462
11572
2962
1447
3635
5132
9497
7861
3838
4010
4977
17961
14043
12301
10029
11512
271
16783
11776
2224
10432
9720
6290
4100
12473
14482
9747
12156
13745
13173
15842
16494
17734
13803
11166
5412
2861
17664
18835
18637
15572
10008
16546
1086
9704
1454
2546
17442
19155
15864
10292
13229
13196
15280
172
7691
12924
19207
17343
13972
8421
16442
17866
17923
8884
11153
3161
18875
1298
149
18050
34
18892
17877
6058
1120
18103
527
14293
3929
7763
1080
186
10683
14872
12621
12936
9958
14637
5336
15094
5708
11398
6064
7747
13597
113
9561
112
12596
13764
3078
1934
10893
6031
10873
17690
4213
14218
14167
4331
19060
3259
18914
8523
17489
12496
16628
1449
15348
5860
1815
9041
15563
17190
7980
17917
15077
3103
851
18
2550
2595
6829
11867
15431
156
16227
4488
18332
14368
4951
4641
8300
1594
3284
15285
17767
16724
3762
11626
11719
10536
16242
12923
6471
16745
9814
8808
16974
13776
18394
1970
16403
4911
10934
11044
6727
13726
3795
9008
3882
6133
8348
13175
3991
8688
16497
9018
9206
7221
11421
14091
18524
1362
16211
3358
17556
14833
18877
4021
8744
11736
13366
8650
17853
16103
6715
14280
12658
17898
7123
14840
13050
18271
17603
15014
8734
9710
14808
15102
13040
1020
18533
7324
17751
9387
758
14297
17965
15134
7711
5301
11828
18126
10570
243
14221
4384
13240
18889
16818
13976
6687
16561
18904
1063
24
17781
5581
13122
87
16958
6010
10519
11581
2995
2048
14245
14015
4183
3868
1355
3390
8355
552
8393
6600
12653
4513
11486
1564
811
3404
9375
7776
18041
3240
11636
8951
14809
9474
3239
13484
9873
5887
16789
6267
10521
5897
16149
7965
7271
18113
19175
4303
17870
2498
15458
8180
19092
960
13462
19256
17129
4252
17715
14704
3300
12789
221
1978
4507
5319
19275
17345
7153
14118
17238
11949
17146
5025
16991
2646
13089
12064
7891
19331
4563
3601
16238
7683
11923
18741
9062
8923
3297
18491
2350
8155
1374
4984
4421
16190
5002
10841
798
10561
8769
3739
1556
17437
12964
8844
15912
4638
13648
9917
16139
12114
6220
10393
9174
15179
6639
18691
16880
6759
19099
1401
1203
16164
15313
5143
15205
18471
8761
19038
6507
12507
17627
6128
10886
9577
6455
10210
3318
12426
8619
18516
9430
9012
6824
16138
8289
3481
15681
16066
3190
14113
8863
18195
181
18942
18227
12446
11288
13279
5591
13859
15897
15961
13034
15489
7298
11370
3121
15837
2968
14460
16676
10963
1993
10950
12957
18230
8365
7200
13514
10716
19077
3315
17278
17259
17452
1269
3654
7115
8153
8552
783
12723
15953
11929
14373
8246
11740
16797
5273
15042
15889
13147
5876
19398
3760
5291
9058
14231
15115
921
13653
11228
12776
14337
19404
1178
1648
9328
15968
15230
2579
15221
11563
6420
7190
18129
3052
3668
8832
7493
7753
14708
17698
4489
6139
10325
3776
8606
2374
1167
7986
9333
19044
2465
11181
16747
9079
15610
19393
18143
15798
1552
3090
19143
14300
13944
11151
2834
12052
2911
12959
8714
5332
1935
13502
11388
15540
5415
8854
4789
16336
15392
7793
6413
8419
15421
4810
10829
194
1593
16712
14098
1089
10426
16950
12686
7819
171
7816
11416
17513
7473
19432
504
14431
6387
12771
7998
4381
9987
19114
12668
5481
12830
327
9927
508
15157
12738
9048
3706
4534
5529
15690
15034
17286
4499
17103
10896
6101
3793
3135
13233
15969
4105
4279
10300
12683
13282
7406
12572
8407
10887
19251
6618
2325
16795
5721
6137
2673
6437
945
10070
13395
6580
8783
9319
5620
14682
1859
11286
9304
14862
12865
13187
1722
19149
9800
16827
1139
2878
15016
26
4136
13838
1124
13047
18319
16881
12085
5307
8751
17524
13793
18453
10483
13305
6076
14974
5770
9268
13560
17576
7638
4352
1489
6080
6763
16115
15139
17044
2527
9863
5641
11801
2568
16717
8402
19202
6754
16167
10709
12307
15409
9841
6879
13301
14768
18304
2887
15443
13448
8879
7641
11877
15716
18878
3
6556
13393
14695
17934
8450
10191
18508
8467
4627
9234
8327
17724
595
3716
16843
677
6964
7143
195
10933
2802
5232
14951
16357
18387
8895
7859
16275
4621
955
14499
11651
2098
10679
10187
9176
12347
14103
10220
17117
8691
16024
14120
19317
11401
6274
3768
2512
8897
14019
12235
5837
6415
5263
15527
18951
4889
3138
1294
13965
5774
15806
5518
11514
6417
2670
15631
6959
4017
18002
19159
11588
15253
17243
8964
12845
16952
19226
9327
7573
1393
11138
8983
13669
7899
15189
15670
3648
9096
7818
15027
4092
6782
18954
543
8491
11595
4078
7746
6836
16279
11172
1687
7892
14730
13309
13168
14647
19096
9184
18989
5991
17706
18935
5271
16499
3043
17937
17390
16784
5583
12580
4248
15171
14483
17341
2272
10170
10157
12345
11381
2462
768
11065
16445
1465
8778
15244
10994
7422
7332
9279
16888
6111
4188
7254
7070
6659
8027
11353
16302
11478
5575
11067
3804
15982
90
1953
11944
7988
16672
9230
7701
15342
9217
14136
13383
12954
12766
4310
1940
10680
4613
8149
12129
1507
10442
14494
4993
6714
19351
8782
11455
13150
11768
14938
1103
15597
14950
18757
7148
37
9343
13870
13397
7478
68
15349
11102
13114
10380
589
17643
17294
7724
6332
4380
6357
14214
2691
9641
959
1096
14652
16365
14229
6266
6150
8866
16043
17152
11898
13559
9866
8814
14456
4998
16417
11344
12376
3592
15858
1006
6597
14031
8243
10137
2946
3955
4419
10398
5977
10973
14101
7119
1734
8554
5243
6312
10446
2821
5779
15344
2723
3367
15193
11922
8743
3865
17874
14629
17076
13940
11794
15685
13795
16897
15760
8203
19268
15832
14276
6045
15804
16739
15565
16929
8485
15656
1446
13272
7287
17791
16193
18709
887
11045
17355
13070
7066
13820
6322
2651
6963
17318
14292
6873
17269
3538
17762
1376
11782
10438
10500
1240
14092
10182
3126
10801
12502
13598
16840
4742
3748
16263
4967
17261
371
1487
10322
17444
11253
8064
14230
10585
11248
16554
8577
10357
10546
1493
13444
3680
17537
1785
15322
13181
19227
17960
3961
4529
15508
2788
8938
8834
771
16361
4723
15160
3192
1490
11456
880
14810
4430
17789
4545
5775
13220
18208
2817
15201
17504
15324
14075
3520
1522
11539
11950
2838
1005
9722
4950
6980
12354
2225
3229
4788
5682
19187
6169
730
11096
13189
19178
5475
15797
19200
11108
1849
6738
19006
18065
14268
15680
18792
18966
4416
8711
12244
4630
1345
16101
7731
12130
19146
9373
13224
5694
841
17626
8195
9053
5129
15216
3544
7296
230
15823
11372
8247
2208
18210
12958
8519
5068
12165
410
5251
7452
18004
503
15941
6761
2400
13807
11800
14511
8823
9725
11380
5719
17637
11352
14427
1529
510
2088
9586
16276
886
1894
12377
10344
7959
6508
7567
807
12069
3260
4189
4985
628
18377
10440
12456
6675
9850
6903
18481
174
5987
5796
7121
17896
19258
2892
10445
6685
17678
16052
4955
17654
3643
4454
3434
14088
14585
13472
4849
2189
15397
14711
18179
18224
12919
8029
6501
15890
13874
11121
7330
3562
10534
17964
12250
2931
11412
6486
13816
13160
18773
4657
17279
863
6834
12352
13008
8080
18952
5313
15150
16862
12285
3695
13368
9862
9637
9502
13067
10736
8177
1255
7730
5444
11498
12679
2484
3084
16397
14121
13468
11619
830
12950
12872
58
11878
14364
10959
5466
8339
12636
14074
4298
5941
5541
5144
3277
8528
250
11237
7800
15341
17975
9211
6876
2786
14013
11267
9879
11408
8294
18011
17500
4451
8042
16044
1851
14546
11530
18282
1866
17628
18876
1698
448
2592
2182
6776
17307
19433
7779
17858
6678
3496
5672
8705
13295
10363
5820
4276
12888
17558
4022
12721
8174
13662
280
2647
3770
1786
19334
9857
396
16332
17958
2534
13952
1375
18199
13509
17272
15083
15457
199
2732
380
15950
7061
6406
15061
6242
14396
16871
3872
14726
6487
2719
11545
10493
8569
1508
6827
8055
7741
12498
19007
7085
16875
7360
12035
4263
3182
11534
11120
10486
13014
9417
6338
11411
16916
482
15963
3034
14591
18074
8295
12226
19260
6668
14341
12099
19378
14457
12513
7404
8255
46
4726
10979
18913
533
2083
14819
17962
11580
17371
12042
9838
9694
4425
14804
17914
9972
3472
16632
19217
14598
6805
12774
17701
4496
3094
6255
13825
5931
13354
10770
14086
5595
4195
16577
13981
5281
19303
7491
7187
16329
15705
15741
15098
742
4854
118
16758
6773
13518
12827
17586
18485
10516
6285
11458
2687
13035
18001
18973
7335
1154
10163
4138
18114
1106
712
922
14489
10675
4423
15020
18098
13298
2470
15715
566
12857
10781
3947
16600
988
7504
6602
15246
10542
14392
14636
12045
11689
1852
3812
8016
10525
6337
8309
4485
6551
4244
6791
8715
13879
16681
4015
10025
18960
16136
13818
10626
19340
12248
10302
1497
11149
6643
9914
2247
8457
5169
14772
16206
6788
2737
15334
14083
15086
13734
11316
2198
10690
12009
16401
16782
8475
7856
14381
13124
10236
6739
13406
10850
10954
13310
2883
16382
12609
18793
3873
16001
6498
14356
10162
19371
407
15855
12024
2378
5347
12356
14617
1580
4330
6787
12537
8683
6393
16472
10009
11107
3667
4739
2992
16331
2997
14586
8125
17421
12755
18117
3247
4146
2965
1197
18980
13721
3632
2187
10855
11006
6996
13906
14623
1739
16246
17362
14725
1327
17754
16166
3108
11620
3196
10293
10796
6480
4319
18622
16823
1693
5207
13524
14929
13717
13932
14738
4584
19034
16226
19294
15688
9027
3818
9347
2990
12638
2570
15402
11707
1547
14154
1499
13866
3008
11612
4099
10607
8542
7359
8144
17750
723
8979
16870
3881
10211
8212
1806
4523
1097
3563
4093
7399
6990
10688
3456
10107
16418
4853
17629
11407
14622
16909
5163
14558
9002
18463
3391
3045
3879
2906
14184
5493
15173
6349
10702
17398
18983
3487
6878
11587
10282
15028
1543
7007
15430
12980
17079
9252
8386
18262
13756
8768
7566
5158
18347
1022
10847
16500
5505
992
3173
10253
15587
949
12935
6952
13435
12567
6938
7978
18408
19377
10669
8211
18385
16977
6383
17639
5845
4265
10065
3555
13318
6862
15675
10653
9201
15358
764
1069
4829
17257
14925
897
18710
19083
5474
1353
14462
5658
14796
7196
5823
18144
13673
5445
9491
9281
14391
11600
3836
13210
10767
18196
12056
15893
2456
4512
7647
13731
15838
2230
5870
206
2343
9190
17645
2540
14865
14756
644
10401
2959
14164
10771
17902
11258
7290
864
4964
14661
14660
5961
12922
14290
5655
13111
17580
6502
1966
14415
5335
16733
17573
2245
17058
17317
18055
5499
18032
16714
15880
4728
1152
10208
17399
18373
10412
7203
15276
17331
14626
8002
3855
8103
6419
11060
9769
6798
1141
13903
9836
7634
12344
11783
4126
3233
12243
18283
13246
3741
17191
8867
15831
17329
8824
11709
16185
279
16428
15445
5717
16586
4560
4471
10458
7407
2399
9670
11052
2027
12157
1944
9522
8301
9655
15774
1712
4179
8501
76
2463
6841
9275
5736
1364
4834
11983
12763
2421
9757
13968
9004
15287
4991
17901
2365
4266
9737
8462
3594
5979
7341
8755
11655
18665
18869
9608
9550
6192
9696
3535
11854
16971
6912
12107
14233
5611
8939
2928
11005
18403
6749
1836
19311
18096
13747
2068
12960
7186
16202
17511
14630
6800
9197
16769
2480
13041
10930
4089
10407
5881
5287
8954
6245
10394
7064
6547
17811
7563
214
14739
3501
5131
6735
4831
9740
15256
13749
4779
903
13322
9991
10384
18279
3503
15064
11749
6003
18532
957
17478
18251
14486
17358
7026
2404
17536
19323
7117
19109
18267
4938
19082
13011
15674
3963
1676
14936
8663
831
1230
15379
6711
8759
16452
12449
2947
19196
4656
19190
970
5934
18222
17852
14631
6611
2642
10926
16223
2885
6892
18427
1483
11326
5192
5069
109
18434
8449
2056
7957
6889
5104
8708
12048
15054
5878
14681
10661
12866
15257
9292
17948
13541
12664
3283
4106
17315
10804
7069
16918
14021
11524
12202
9246
4604
6016
18102
5649
5174
12018
6464
1842
6084
13792
6458
7732
16346
1429
3448
1582
18141
18583
16631
14686
2842
2998
3251
4925
9479
16012
11157
6279
10190
19043
9043
13691
7498
15472
10975
14723
8845
10250
5716
953
1114
12937
13582
3092
8669
19169
12004
12388
738
15449
13867
4678
2321
17973
7423
6650
14448
19307
11246
16730
4987
15724
15398
10203
13547
2744
17361
16849
10691
4535
6271
393
8140
5974
16726
8095
4864
19381
9673
7326
2787
5998
8873
9562
10943
11423
5283
8503
7887
7358
15756
2790
8187
13971
14945
5557
18238
3134
7213
14572
17030
18514
4012
10061
9172
16645
5781
6605
12805
14162
11368
10047
13881
13392
5490
1279
4004
8364
5855
14131
1994
8329
9363
240
12911
9428
6379
10751
18633
10244
12779
16978
14317
6946
6913
19262
2361
18149
972
10985
17325
9564
1848
8841
17340
426
13209
5805
9732
12180
9160
12313
15634
1775
2271
14964
14909
7034
5691
15980
14332
17862
12314
13123
13437
15165
5071
1738
9588
7674
14542
8721
11249
16735
5191
2434
6304
8965
862
11467
10866
10476
1878
13191
14352
12360
3533
13391
948
11556
5049
15336
6298
15581
18720
18751
13642
623
7646
8017
6344
13991
3149
5534
13367
1650
16351
5854
10133
5146
11031
11356
8880
5111
5472
12894
7195
9979
17404
14781
4173
6426
15235
11605
8840
19192
18849
10533
8514
2077
10538
1131
11753
1616
8435
765
1219
15194
4378
7851
8936
16940
4081
17482
12615
8184
4371
665
7256
7500
284
16710
11379
8044
10642
19032
18660
3965
11960
13169
6212
1789
7946
9538
14215
3159
10081
10215
4943
11175
15038
547
8232
5873
14117
8723
10474
3413
1220
13742
9560
15412
11128
1740
8839
18214
7466
12097
16957
17953
15975
4920
19397
3165
14472
11350
5326
12851
9859
5270
12868
12062
8942
17144
18745
4913
2035
13489
8929
3058
10098
13561
17086
16470
1346
10512
5900
13099
9938
11092
16975
17735
18458
15659
12698
3910
13712
936
5607
14648
8056
4540
14668
8169
13974
13554
8563
14159
497
5861
1773
83
16537
14731
9039
9228
17208
11618
5786
11218
9663
16946
13700
5396
4654
18932
1111
6070
18240
14312
11265
19111
4573
14200
4121
3110
16065
16496
11087
14264
6162
12369
17142
18860
12120
15997
7244
12499
8405
11505
1210
15225
2324
7539
7580
6181
11075
14004
8592
10925
5660
9648
14463
16198
4152
18226
18038
1841
17932
18699
10645
7912
9307
910
12409
15046
2724
16046
7841
4828
14425
452
17189
10063
15022
10485
3457
9267
12871
15853
19363
14335
13736
11084
5862
8202
334
18049
4102
12973
7060
797
8353
4299
13078
9692
11700
8556
13201
4264
17703
7409
11958
16671
5668
18653
7592
389
11723
2542
4005
3849
12320
2341
8303
15226
19242
1133
4320
7378
16669
4476
15039
12897
2099
9061
11051
15214
6562
3925
12858
1326
1456
15296
3517
13384
17697
9383
17369
1280
9642
18535
12853
18564
2563
2645
4506
4883
10843
11695
11222
17223
2507
3048
6473
6857
9445
1748
10701
15464
17107
9243
9870
3107
18381
551
10457
16375
18059
10356
162
18596
16990
12769
5115
6716
14087
9157
10306
57
12270
15444
11201
15591
17889
1563
14188
1257
10106
7669
7738
1227
12396
15323
14770
12849
18431
752
5703
17053
17498
17842
19243
13270
12940
17788
8319
10799
11056
14447
16891
11135
18052
16861
13983
12843
16147
11968
16657
1320
731
11694
5050
9142
173
11730
688
4667
11570
630
2395
10922
15403
4301
17414
14778
10544
17999
16688
17171
13218
7538
8575
18886
12218
10537
6828
6648
18657
1467
16376
13236
2046
13215
7771
12484
372
8819
3022
6536
16615
16072
5406
13737
17816
14826
15711
4020
2953
17419
17222
1957
19080
16214
3731
2105
9460
11987
17564
13497
15277
2385
7368
14554
1867
6284
16421
18737
6306
17153
8762
2197
1039
7864
15851
5631
5289
9194
5804
16634
15900
14994
8644
15830
14029
10627
10520
9724
277
14186
14891
7787
10916
4501
7440
17475
3755
2846
10071
5846
4880
1751
15314
11183
15168
17976
6276
4038
11324
1955
772
7689
16104
9869
13676
5119
8132
16568
6516
13340
6191
17722
2112
6364
7027
50
6916
16689
13369
11295
2631
8249
2022
7630
17240
3214
238
16573
10371
14470
10625
401
16846
10904
16580
5739
469
8848
15816
8922
7086
3591
6575
18674
18198
12160
9219
11590
6842
17202
10582
7548
10225
12133
12809
12893
501
7979
5293
19125
754
2239
16700
18628
890
4497
8945
12551
10750
143
3909
5014
92
11984
1997
15190
16959
1797
17893
9498
16498
15676
12829
14265
11705
9071
6544
7677
5679
6680
16269
3567
13154
8257
15025
9095
18838
4999
5543
6755
15854
5793
3599
11323
10944
9615
15429
9486
581
14618
9386
4464
4791
16362
4710
6753
2859
18707
10662
6674
2141
17828
6803
9261
9436
17838
3785
16069
13125
17290
17380
12584
2458
3408
3185
12672
14805
18850
2446
7489
11927
13247
6852
14007
15704
12490
1180
16053
16833
7321
17651
10271
15878
8037
8471
8335
4225
9829
14924
17119
6525
11394
18854
3595
9482
4768
1207
11513
17145
911
7241
18216
15182
13929
8906
5738
17837
12055
12695
8915
7076
8451
398
11101
3061
5082
8006
1455
17647
14453
5386
16414
11284
10272
13853
4124
3053
4888
13528
11931
8464
18727
9557
5062
13186
11727
15057
1168
9537
15583
11843
9045
17659
14189
11224
14649
9570
5690
4108
12838
15532
11895
498
10577
13400
17802
11901
10410
3335
8677
2150
14380
13935
13222
14785
12330
17739
1516
7676
3891
8442
16768
2351
7178
12408
9139
18599
2711
1409
14052
10834
18940
19130
1749
15954
737
4234
3850
7228
9951
15813
10276
3740
1099
10473
9298
4154
10550
2735
15903
14161
12266
12914
10729
2727
19139
17588
11276
19418
6604
9223
13331
5824
12419
12339
12386
9117
19062
17927
11251
15114
10837
2941
18728
7031
17206
8191
5565
111
13487
19182
12253
13228
9035
15123
18922
10741
11975
15775
17055
5245
4992
12081
9426
7994
486
13520
6693
9913
8697
5036
12230
7572
3153
5806
7391
7822
6440
16099
12707
14467
11255
119
6049
1162
16174
11756
15946
19349
9875
18828
13941
583
4200
19386
9627
15408
10228
8636
16344
14384
13953
16654
12020
6812
8631
10982
17300
19127
3433
3935
12080
16702
17161
13880
4851
1216
13137
17786
4322
352
10510
7288
11913
8345
10351
15983
7048
18836
1969
12413
12254
10818
15206
6282
11004
13357
7025
2879
7781
505
11511
17409
13118
9379
8492
2709
19306
14507
14893
5875
2382
13924
16077
309
12788
10416
14539
1305
4479
1288
5010
5958
16213
7172
10152
16360
14536
18926
11050
3912
5572
16683
11613
15282
13698
15582
10721
9639
7583
5926
14492
13549
15084
15321
6695
6728
6144
10491
12030
7756
10370
16610
16315
14046
18176
15883
7100
2437
10508
5126
8154
8046
16427
13483
11404
4109
6630
7551
18239
7289
2459
10329
2179
18322
8933
7346
8627
5360
17550
5903
2467
1515
13358
7969
12525
1177
10838
2411
17708
1974
11117
16237
1098
7432
11308
7017
9130
17671
4543
17168
4444
15233
2982
642
16864
1407
159
4064
9149
7518
14651
5674
16562
8925
18051
8171
12434
11880
14836
9985
18358
7129
1360
1070
77
4582
13329
2195
9458
9947
4245
12424
6642
6531
1683
8091
6221
13469
13227
3819
1923
9533
5282
19410
18160
14278
3794
6939
18217
12115
15279
16962
3791
18882
2282
5839
14042
19313
10766
5838
7421
534
4467
5142
14371
991
11972
18901
13824
9475
16934
19098
18368
12624
15249
2074
5165
14845
15030
8820
1627
19216
1612
6999
11606
13000
7218
13855
5164
12526
5230
15361
9822
2435
13664
343
3639
10600
19115
6488
16514
5427
18423
3715
16042
3372
1420
835
11182
19284
13863
15988
934
13294
6119
15957
17575
16178
6294
16510
14984
10085
3917
8704
15219
12305
13573
15750
11490
11099
17368
8378
5327
5827
12826
11393
213
17758
12435
12172
9365
3975
17408
9361
11007
13982
17908
15372
10865
17712
13377
17718
12383
14920
15375
9888
8805
2585
2185
1546
17275
14269
13417
2650
15521
17496
4132
17749
4532
18341
10800
15144
13641
9773
16877
834
4176
19219
14588
9302
16759
11415
15543
15745
14645
3693
10005
14182
5202
11250
10144
13326
3172
1613
2279
18378
6091
6439
12403
1669
4211
5001
16618
3499
4433
3787
14813
17568
2390
15746
983
2425
16055
5246
17008
18607
16760
1626
597
17241
15531
12913
15754
3081
179
12123
9122
3566
4930
12433
668
13203
4397
6178
2253
824
556
17386
15299
1027
8907
13579
14066
9355
13585
4019
10214
4909
18809
15596
13454
13308
12032
16163
14727
18478
7264
7879
19332
14114
8928
10256
13584
16960
14847
1448
9133
3510
8452
14020
8515
3542
16243
18938
16349
16203
7140
2346
8312
11376
7926
12334
15944
13265
6340
18581
13529
15104
9858
9619
13185
1577
2833
2367
18366
17560
2432
18112
18991
18591
15243
7762
14921
2630
12734
5632
3983
8109
14257
15590
4058
5009
5080
17565
18084
14520
12928
11431
7054
3199
4046
13197
4318
1570
16947
19134
5403
2122
9437
7336
15767
1770
12294
18464
15101
17120
17992
3492
15197
11200
16027
19047
9573
12282
5344
14420
4570
9161
3757
3700
13979
15023
15037
10641
8937
79
5666
8773
9222
9697
8142
7757
17562
3205
13438
10590
9854
17759
348
16239
12772
10907
11238
5933
8673
10798
12702
8275
18316
6289
3447
8648
12926
4592
13092
9480
16090
13672
12759
14861
14868
3064
2073
2298
13637
19156
10564
1963
15829
14516
3104
3903
617
5391
16992
8574
6145
7599
10405
10217
168
14580
12791
6953
9693
5184
16284
5605
2220
17372
4537
8803
8201
13949
8477
1
9405
3164
17673
12618
15105
6039
19348
447
15345
4474
19414
3313
7606
2236
12181
8416
14673
17485
1475
1943
18451
11637
19283
3506
17892
3125
879
9114
5633
2019
9721
3894
18473
2961
693
16087
8864
7075
13823
8740
12485
8596
4919
8305
16711
14801
652
6998
1839
3784
7042
6205
3288
9831
17924
1350
4359
4514
18692
1463
649
14966
10024
11085
8617
14718
13463
5700
6352
5718
8621
2061
11103
18265
12765
740
9153
3307
2289
10252
12236
1747
16194
9929
10023
16245
6849
7116
5035
12887
9115
13471
18151
5017
12917
13107
6658
4261
11760
9524
3060
14039
3638
14294
12028
793
18031
14357
11787
5916
11647
11364
9419
9916
17136
7093
18799
145
2177
1968
7687
15128
10757
6182
1297
16917
18402
7099
3866
13350
7379
2391
15350
17763
6310
13131
9711
16690
12947
8589
4672
15841
4370
12349
18068
7754
16778
10791
16741
10022
423
3213
4486
11014
16515
5642
14059
5168
15658
3519
18874
15428
16262
11744
12379
512
12834
8728
15043
18321
6730
19336
16757
5105
15186
15452
18157
17600
4066
5965
1512
15821
17013
14817
18715
779
6132
5004
19231
13885
16592
2004
14234
5956
15895
9244
11884
16394
14259
1528
9849
11982
15251
12425
17792
12201
17620
19091
12848
16542
5348
9932
5922
10502
16756
4257
6945
8066
152
17012
1900
16083
4833
14030
4531
12100
14934
16493
6582
15509
13602
4647
5558
7581
17589
10254
14150
1784
16031
5094
7930
13889
7353
8308
3548
562
3848
12622
13677
8795
14143
18519
18640
2500
10946
19061
10062
8330
5467
17310
12876
3486
15962
8012
15461
9992
16270
5643
9093
367
2369
9874
1441
18685
458
17572
14612
3464
6405
17027
877
18780
6579
5371
7570
13735
7659
324
18725
11282
17019
11112
10073
10649
10919
18127
3948
14407
17108
6559
1481
12405
16092
11063
11822
9296
17312
15621
5562
6044
6125
5384
15907
17755
18881
14429
10711
2393
13478
5566
6270
18342
16192
14849
19102
17446
2330
15156
1147
18352
3747
5968
11428
1520
3238
1678
12533
6743
6416
4602
8694
14051
6472
17433
7805
19224
18750
19257
5440
19213
2561
17949
4580
18654
8157
18600
8137
232
18537
12166
1548
3219
4689
3070
18384
11586
5676
19222
19072
18754
12240
4622
12798
15904
11280
15377
15202
17764
19197
2731
17649
8835
11675
13546
2058
41
13443
8313
11464
18040
8642
18734
12200
743
1972
876
15501
17081
2876
4254
19010
1311
12292
7740
15955
4178
7868
11676
4317
5329
973
5053
3663
17578
2016
7144
1566
18918
10290
13079
5032
418
4965
3618
9599
826
12719
4366
19417
4643
15645
17276
13496
2847
11622
17963
16222
12585
15121
11073
17370
3854
11442
6885
4277
3429
17682
14443
16050
102
18376
17065
8894
8237
8568
2424
15188
2973
11209
6509
11156
473
255
11226
1592
12461
873
16073
19145
11001
1763
2081
13909
6232
5257
18183
7277
18132
875
12934
9311
17258
2051
4240
9935
7045
9686
12610
17644
9154
14803
8561
9443
18233
7924
16352
9715
17888
6281
18168
13798
6554
8641
18816
13381
10130
11752
786
13746
8397
3735
15211
8277
107
9948
8204
13167
13739
801
6386
6790
17423
8276
10360
2518
19290
14327
10395
307
10608
726
14174
865
5953
17061
9990
308
15973
6446
2836
394
14987
9335
7849
15586
6068
427
13211
430
6032
6974
14336
16685
3289
16013
19054
13204
3843
11319
6957
9676
10346
14009
9400
17826
16569
5801
11189
9342
1832
4305
18808
11562
3621
1270
421
14733
10166
7033
2976
16583
14653
3477
18278
12714
2433
12051
5112
14399
12505
16836
4607
16766
17610
17668
18661
15972
7293
10352
16377
338
17940
188
13930
9659
12384
10477
9277
12590
7715
12343
766
16038
1202
11696
14633
14262
18057
711
155
4803
1677
13604
15440
14545
11082
10201
1381
5537
13473
158
2615
7175
7989
6528
14506
11493
18934
14905
7886
14566
5219
7748
2851
18306
4428
14082
2338
2856
12746
10986
12942
8664
9689
12011
5692
11445
15056
598
7084
609
6758
8601
10088
6825
16450
2648
14848
12005
4887
8666
1990
10226
1553
11817
17662
14378
13097
18723
192
17732
8802
13019
2950
7827
13292
16999
17570
14284
10055
4475
7323
2344
8981
2186
13975
17005
11186
13655
894
11429
18746
6361
9291
15029
3976
13543
15986
14604
10659
7490
15145
8436
7442
1214
7411
17022
18066
9377
2476
18416
10518
17746
5239
5225
18602
17921
17943
9330
15426
13681
10318
9187
11625
5426
7869
13724
11257
7593
18285
9462
3383
3869
12337
13020
896
14090
5410
9741
6336
2939
12259
14413
1143
7206
17599
13636
15394
14838
11247
1514
15978
8117
12891
17541
17247
6692
17473
3788
9087
16640
17926
12500
11738
13908
16516
5825
3080
2300
2870
3732
17183
16721
7497
10539
3450
4690
4273
13386
16411
3576
3892
2
1385
12995
15289
15906
17872
4374
16006
7962
12026
8963
13192
12508
8150
11058
142
838
11030
17883
8665
1354
8283
6396
3724
17630
7876
4358
5627
18570
10905
16755
11918
16432
4583
19147
13314
17840
32
16765
7091
16963
14563
13044
640
10007
2040
8259
7709
17769
10506
18142
11879
7041
17638
3186
4278
7152
1778
7445
11470
14570
15002
2684
14625
17972
15176
10754
16350
6691
18398
17309
7568
12531
10995
4483
17528
14842
12321
11604
16342
13993
16507
7619
2584
8793
2333
6429
18064
1862
6807
13140
11792
11706
18717
14485
12612
422
4355
2487
14687
18627
16067
2597
5452
4674
2909
16609
6147
2212
19030
1834
14870
9671
18704
14524
732
3962
2829
3075
7806
13202
2021
8809
1877
17551
8533
13882
12575
2219
6696
16385
11646
6335
1591
16803
4848
9324
11413
10687
4517
15594
3076
311
13271
9181
18421
14831
6096
7802
15939
1150
2888
5016
19288
16021
15604
18090
16780
7571
4060
4329
11303
9110
13732
15868
13481
9032
2745
13199
17015
17881
16753
16884
2387
11241
16419
9463
9084
17987
19106
14397
13064
11796
8674
2708
8067
9316
17379
15357
4982
11831
859
4233
18553
7363
12288
18684
1816
14955
6973
2275
4
4771
1843
12065
11080
16691
4063
11639
4143
16639
9449
383
14761
3523
11905
11334
17075
18612
5724
1736
18039
4402
8038
4212
4865
12748
12655
16407
7717
4562
16901
13505
10788
11213
6339
7850
3179
9178
12932
3329
15065
1945
12909
10427
4463
7577
17969
16819
13286
9492
6402
17772
15850
14360
14212
14338
8314
12161
9094
2547
6921
2689
16251
1707
6033
11306
16301
451
17040
4554
1823
2749
14538
7845
1588
12983
11838
10672
14027
808
5361
5092
9884
15204
18276
17857
17070
9442
7815
18650
15763
1235
16260
5798
7122
12944
11145
4459
10310
9928
8593
5661
15368
18964
17082
500
196
7718
17283
13486
10206
17282
15648
1314
12203
16642
16337
3707
4067
12938
16325
11644
19229
10575
7248
15040
16134
3105
10354
292
189
10021
13634
7629
15240
7639
13059
13851
6288
18476
19380
18621
19368
13038
12550
8653
16143
350
3942
11348
2917
13043
4593
11840
19293
17590
12823
14440
7253
19129
17023
3828
739
17904
12234
8412
6223
15033
7038
15974
14040
3758
18574
15198
17383
17523
13898
17059
3984
5091
17509
9782
16820
10677
16927
774
18554
10689
14421
7314
7494
1274
2326
10464
5619
15742
13784
16228
19124
11641
8401
1107
11677
11869
5571
8605
11711
12125
16893
15737
15811
12565
15177
89
19142
2494
2626
480
8961
6633
8352
6720
1495
6258
4759
11180
4958
16088
16229
17680
14799
9108
15899
19225
6236
8420
10560
9337
12312
13414
13709
9591
4691
18337
11059
12138
10605
8244
2368
15728
10902
3616
4612
3753
809
15050
8122
9535
6388
13388
16032
1904
6210
12291
2676
13317
11230
17779
6853
14559
8689
13534
69
16068
8083
11337
11474
1611
14354
5659
13883
12787
17990
8878
11957
15888
14033
6166
6887
11979
19206
13095
10200
4866
10389
4119
638
13129
5015
18249
16719
3449
787
14216
7417
16158
6933
19029
10915
16175
18668
5309
5954
12952
15044
9798
12290
11400
3810
4671
1260
2830
9293
12725
4804
18587
12547
8489
5590
14688
3990
5728
5162
18947
4651
12595
12154
12331
1906
14298
16620
4581
16014
16274
16495
420
14461
14751
1183
18087
17738
9889
2565
18917
12742
10971
558
9262
12976
19362
15784
11868
5090
18382
10326
281
6183
3440
10151
12920
14922
10908
14550
8932
4857
18807
15167
3451
9368
7513
11362
14829
976
313
7909
9763
2163
5949
98
15519
5628
2415
2956
2410
14385
1466
5648
16668
9469
17863
12122
7223
6564
12494
10670
10141
17239
16148
14305
2860
1621
11483
6677
10860
3458
14465
10758
17885
12410
11389
568
17677
17395
11936
13542
96
16889
13758
12296
4073
10076
14664
5532
9745
10942
15232
2535
5670
525
19198
14476
9015
378
15036
18150
1721
9145
13042
13765
16392
10707
10869
6190
516
1477
19326
3540
19276
554
17635
18333
13596
10613
7349
17933
9939
2070
999
413
1067
4002
7587
6989
17474
16932
18522
4840
10966
5421
15769
342
13809
2375
17810
8800
10629
14722
3100
15469
5476
3536
10970
14749
12578
12038
9406
13995
17447
13769
6199
3000
121
509
1113
13804
16091
2360
10323
7476
15082
13049
2038
18721
16926
9119
1850
1603
17424
9003
2349
18290
10364
9952
759
3320
5560
9802
8385
2050
19113
8748
12213
4098
7413
5919
6141
19195
11813
3756
14680
13477
8349
11517
11842
4952
1190
14816
1156
1691
18414
11471
11341
16466
2945
15989
5767
1073
10469
8063
17622
13030
7996
1995
6490
19203
481
9017
5255
9733
8263
1426
1951
2248
937
12753
18495
16528
18484
15494
997
13401
6072
11916
18034
6098
3886
14306
8447
12965
15752
2340
14160
9020
18247
9180
12616
9954
9389
16173
13690
7842
12302
17000
1338
18193
15958
14416
15131
11826
17045
18534
16629
2869
11146
12326
12422
6395
3936
1765
19015
563
4345
6377
10275
16179
4814
18990
8473
8527
9714
11361
3146
3311
952
19012
502
13226
3733
17396
10443
13714
18349
4307
6316
15053
2135
1234
11543
1492
10409
14978
12058
19345
18907
8230
17939
18593
15723
4956
1685
9660
9042
10373
294
4391
7019
18209
12175
16856
7852
13599
15870
8000
8537
8988
5834
3265
4249
7372
235
6552
3202
6397
11292
5626
14714
6253
12486
1450
16599
2672
16800
15051
11035
16154
16565
6786
6840
14203
15488
16684
14603
16354
12000
10852
9912
15384
10149
7297
5918
14423
590
4957
11726
2451
10523
8400
15278
10594
4014
11857
2412
11021
3222
11229
12068
6710
16743
11555
9399
8971
4163
9569
10018
8661
620
13162
13155
382
5871
2532
15374
9235
6297
6211
17192
7455
9790
7809
17007
17522
6200
18672
15153
2955
9649
18770
2477
9922
3439
9025
14512
17959
16037
14328
16606
5829
4588
17477
7506
7325
13256
1696
5863
13152
14919
14251
5372
7322
8110
12713
17508
16844
12482
546
5624
1999
1444
12084
10784
7427
19277
11693
11648
6077
1666
478
12682
18441
16590
3593
3646
7507
15556
5722
14503
4775
8625
4981
2053
15330
13693
13910
802
2985
13149
10558
12518
522
5364
16261
16832
14671
3252
14287
4290
16664
13865
2192
3183
4491
8581
11953
3883
4348
2980
127
18449
9371
4778
2845
9239
3198
6305
11298
6459
1745
12619
17251
13499
6958
2893
16039
19157
15411
7380
11150
16334
15747
209
3820
3507
4228
3703
13073
16232
17443
9536
4839
16338
3032
2994
1864
14148
15337
746
5645
11055
13656
6521
601
18351
15477
6769
17891
1662
4029
17439
6891
16942
7540
5197
9518
9021
15667
6661
16976
10883
10666
2865
8357
16199
16383
648
15396
1931
13530
2743
10118
13933
18280
9835
7067
3101
6292
12593
11704
14715
1461
16704
17641
15589
18550
5867
19237
17173
12781
9752
16028
8291
15506
13607
6560
12088
1128
4761
5948
6539
14500
626
11504
12191
5417
14441
17693
5430
11158
4493
8516
10832
9272
17966
18738
13033
19014
2697
8591
1916
974
18852
9742
5704
8438
4083
9434
8500
9877
16062
18223
3469
17350
5574
1764
16007
16107
365
7578
3324
8968
9895
16697
10249
673
7147
15164
18383
7966
18426
3152
12925
3847
1236
13297
18328
3082
18814
5930
6283
16386
15351
4830
5238
16725
4260
18981
11956
18905
11069
19341
15367
10610
19383
14724
19297
10614
12749
4877
8181
9308
12274
1416
15683
16114
7543
13002
15355
10859
5888
18953
17080
12407
12951
1860
13283
1952
2675
14939
18543
4549
4908
11598
3545
4932
8566
11309
11066
17836
8917
5101
5085
8875
15353
16048
5978
15026
6503
6497
16708
14439
5797
12447
12150
13031
16034
13775
16919
12864
12601
14288
19140
7456
4819
13901
6390
6142
12016
11402
1391
2586
7235
7043
17587
3876
17530
13555
14774
17359
16703
17200
8190
748
10209
7459
19318
3212
5787
10698
12222
8948
13994
2409
11748
3797
4763
9076
12817
9601
8226
7053
9107
13380
157
7142
5152
10765
18996
3291
2152
6160
2760
3642
9398
15951
2819
11419
7828
18614
13407
619
4546
15786
10821
19384
17197
5567
591
12744
18712
4624
14505
5173
11910
10989
10851
2429
16316
1706
13304
8463
12381
12586
14777
7210
17681
2376
15005
17499
14481
14032
17277
2274
18448
16553
647
10125
9544
2335
12389
2742
18335
18082
9218
10090
12212
8565
16966
1340
12617
11028
6028
7742
14286
16372
15602
1237
1248
2775
3050
7317
3524
16560
16594
18054
4879
18086
13986
2867
17216
4185
6057
9885
11211
16556
4268
2736
15815
18502
71
4090
2103
16431
16388
4610
13136
9610
1783
6325
10017
11009
9751
17728
7628
5727
14158
16462
1485
19370
3189
580
5609
2576
16474
19270
3634
18264
16928
7820
6375
8434
3825
9882
6746
7743
5688
5290
1682
16455
2863
1536
12899
2292
11934
17049
10237
18241
8850
6993
14908
17384
14750
10173
8732
14797
18123
3322
9158
10980
9049
1075
15346
10964
9708
4162
847
18000
8160
3225
10222
15624
9422
10429
656
15433
11331
19267
11072
17141
9702
7485
14952
8667
16591
18795
14965
18446
11418
14079
14344
10379
15655
1359
3864
14181
7550
8321
6094
6832
160
5003
3853
198
1302
9007
16112
7727
9000
14736
14153
9611
18166
340
17905
15360
4495
10618
8680
18848
16965
8524
8403
18998
14988
16454
1496
5157
13161
9924
12414
5244
2175
7030
7860
1173
5751
7015
17150
1620
5995
18562
1574
6652
817
10993
14915
13511
8830
9310
10030
5819
18646
2269
19333
4349
17633
4385
3778
18175
12530
11351
8342
2809
5187
10633
8798
16205
5664
12416
11559
2926
17226
9851
16953
4931
18505
11784
16883
18367
14249
15847
14577
11321
16327
16182
12804
17957
4697
6653
4171
2000
14156
329
5681
4721
10992
11019
14746
11558
7079
18579
16247
10786
17830
9847
15191
3686
8510
8946
7184
7511
4056
12207
8030
7615
8883
10810
17344
10179
7471
16658
4628
12268
2420
10013
8406
14358
1854
5454
18509
12693
3641
13275
5176
6299
8890
17936
10650
883
14663
13590
2583
9672
11536
16863
1084
977
5999
16188
5279
7028
7047
12445
7107
16906
15450
15329
13055
1406
17991
6925
15977
16047
4910
3659
12963
19234
5568
5120
16395
4578
14375
15498
10620
7772
15879
6
2499
9880
12358
6020
6935
3916
5644
12017
17617
2311
3147
15312
6451
5768
8427
17289
7257
7662
10932
16208
10475
10894
18694
15210
17128
14258
1127
14037
6011
1130
17163
15222
16116
8182
11130
8812
9016
923
3356
18092
6896
2193
16177
12739
370
227
7954
6015
2807
16831
10388
13115
8999
19443
332
19364
1412
10857
4793
2521
18327
5337
17213
16852
3296
1901
7209
9567
2655
17131
16984
17412
14839
15632
4652
6684
8660
13507
7804
17071
2983
6971
3063
17352
13198
9314
7811
7889
14532
12522
632
692
11501
13453
18939
6109
14884
16294
18330
9123
14270
16078
2464
14048
16948
804
16914
11492
14389
1132
3574
6215
1504
10321
2652
11571
4661
17947
9374
14763
7857
103
2430
19079
3357
19064
10387
8488
18571
11
17880
1136
18588
1479
7227
13183
3145
10246
17354
5204
11190
18786
13854
5252
10216
18908
2657
3195
3272
12783
4051
17165
7975
13609
6074
12994
11660
9652
6780
12740
10968
1045
10515
17285
17039
15719
9945
2942
11106
4901
13415
5354
6977
15575
5526
12008
2578
12204
14130
13151
12642
10974
9607
1938
3482
18331
4862
11214
17920
1042
13433
989
14018
17906
12908
1656
2290
17595
19019
11327
12455
4432
3463
15617
7470
10408
6725
17217
14947
13946
1642
9477
532
16384
17028
323
1717
13766
2896
4311
4729
6179
5209
5045
2094
4881
17592
2517
2423
6923
17375
14226
11791
13257
6819
8701
5097
7433
13531
6757
13606
8551
15180
19191
13423
15080
16898
3856
16165
4799
8675
9949
10753
4556
7893
6008
2005
15777
4646
14820
8512
9630
15886
6002
7211
14263
986
14464
17031
10917
4826
15172
15327
19209
5516
5940
4172
2625
8920
12506
8448
5012
777
1256
18844
13535
17663
17502
9539
9464
4215
15178
419
2510
13052
3941
13873
18634
8935
19235
7591
5573
36
4596
116
4706
18703
17254
736
11930
8892
15269
19285
19148
10632
5866
16813
3495
14190
10704
18993
6733
3071
8039
147
16353
19110
14728
9894
9282
6158
11110
1223
9612
18284
5177
7274
19218
18549
12019
12078
4246
14880
607
17790
11125
9778
750
3275
9391
9781
14605
14313
7265
643
10415
3169
849
185
16082
7141
11047
3352
8417
5405
10878
12541
2637
18664
8317
14256
10747
6433
8882
16400
11933
4024
12137
9898
1793
13626
14005
3596
175
10000
7020
12348
12556
17323
7810
17194
4333
12239
18740
354
8025
6702
1247
5556
2907
17018
18895
16271
19376
7183
14547
13056
10113
18777
15274
12681
15698
5665
12975
14426
7347
9956
5976
7790
16390
4783
2234
2854
4782
5959
15079
3911
10042
14412
13644
12978
2722
14219
18586
8904
1408
9739
429
4824
3904
14595
2649
9983
15844
6328
15122
16867
11849
11806
2813
13439
12933
11270
13455
4041
17648
14534
15964
3833
5449
399
1821
3217
3360
11850
6412
19391
5382
924
18292
2707
13408
8572
445
341
9970
14329
4379
9650
12121
13177
19248
16775
7414
10583
11786
19123
18594
17445
3921
1887
10939
5314
11392
12034
14666
12370
14933
18778
2993
14940
5910
3083
8445
15181
17782
1226
10658
247
12882
13333
19273
14390
14362
16812
12757
10706
6948
17596
18606
18048
11179
10072
868
8924
18866
14282
18148
6705
14024
16451
9842
14097
622
17262
16526
9728
16742
14611
16519
823
13158
5515
13588
15794
8749
7416
5435
915
7698
11690
11733
6482
3578
14616
12634
16635
9512
18891
14301
15927
2823
1964
15463
6906
2460
8930
14239
8731
17299
8953
14100
18153
17066
10404
5215
5030
7010
1649
17598
13379
4812
8425
15819
19269
2668
11426
7329
16550
15948
4944
11764
17723
12387
6988
1644
1930
6123
2472
4705
507
14716
624
9531
6513
2658
10421
11126
10830
18468
16449
17212
18910
4716
6127
3780
4190
10345
18418
3504
16842
10719
13242
5340
3488
13315
344
14734
8165
5096
1903
4456
3461
5554
13743
19116
409
3877
13896
14361
18698
9454
16544
10622
15721
1494
6688
15209
13557
2497
16109
2903
1313
9259
18551
9075
3333
7267
18417
13692
6174
8168
7229
10734
4174
8164
16858
14304
12720
16482
16389
14541
17025
14914
9019
16985
1204
18340
4420
6023
8087
10235
19263
18573
15795
16779
16667
16278
11807
18135
6062
1501
3830
8148
3174
2871
10961
9556
694
14650
8210
7737
1539
18003
7135
11147
7299
16740
10759
16748
210
18422
17729
6843
13862
1680
3937
10972
4559
9392
18929
9892
5366
9100
12454
7935
15771
1009
17381
16256
14995
16882
1655
5446
16679
10730
18936
13182
12284
19302
17679
384
2529
878
8272
10053
8804
13130
2804
5288
1307
6363
16267
10378
15999
19411
3317
1835
4871
12493
17692
18978
16851
11874
16994
14837
11187
5759
8040
11926
11538
1157
7764
968
15059
3292
14311
14053
11732
4040
10494
14530
9484
1833
6208
842
10020
13390
10713
12892
2581
6392
10362
10676
16484
3675
15090
4461
19028
7458
15454
2706
14918
18763
4740
53
2090
11479
2222
4084
8595
3713
14387
12197
14584
10639
8520
2223
2180
5108
11889
2902
11294
7624
15435
14195
9451
2686
15076
3913
3774
4235
14557
7898
2511
7700
4673
14551
5433
10367
6806
3489
11013
12432
14562
8411
3112
7916
11420
9823
18679
11342
17813
3775
919
6327
18975
15753
7839
4241
13519
10319
10313
11523
1503
6742
8716
9359
3122
14408
16460
9364
7434
14455
2895
8541
11961
318
5885
7725
8896
5710
1652
19107
4055
17783
2831
16127
14521
9182
6121
13482
8544
9977
2191
14475
8860
572
7770
845
5702
11746
13178
18962
2162
16144
10742
9414
19369
4148
12362
2226
15566
5492
4900
3922
14163
13959
11609
10422
15048
4660
17235
16648
4086
8387
6638
16170
8413
17925
1379
16444
1550
8090
6662
10466
15248
11668
15571
7331
19426
16662
1586
15302
12210
13566
3867
1987
2008
4526
5880
2257
15518
5260
16366
8217
13810
3996
6000
1110
6764
12532
7561
19065
9353
13706
12457
11076
6951
14874
17533
7907
16698
1560
5585
16172
18890
17850
13311
12437
18355
4818
10052
1895
3066
1228
18435
11928
769
5843
13989
19342
2569
1283
18275
8398
18946
18299
268
10433
7243
12832
5617
17865
11137
17230
15111
15032
8889
6246
10868
10667
16750
16023
8271
11371
9966
17067
8588
17281
12614
542
10638
17839
14127
13947
2017
9574
10949
13267
2301
16345
4609
3878
14320
6636
8776
2276
13799
10459
3245
958
17986
5731
4595
9783
6110
7284
5994
5130
18133
19416
12489
16253
2969
11141
17719
3737
15117
18642
8127
4492
8069
16655
2285
3023
1907
12623
18177
7145
17455
82
9444
12993
5527
8957
7920
15916
114
2117
11281
148
85
7291
7163
10988
12238
1440
6066
5563
14220
12588
13142
10867
11630
17322
2848
12998
14316
4394
2372
18037
7705
15013
5394
129
14758
11173
1817
2504
15917
15616
4571
18864
15935
14888
17834
7784
18308
6291
15459
6418
11034
395
10456
11770
10744
8454
15436
2093
15894
15843
15852
8827
16373
4558
14502
9159
16574
11466
11439
10824
7181
16794
8200
8975
12116
585
8297
14432
10465
5247
16477
2884
753
10035
1290
3837
8681
11441
379
15574
5548
14279
14890
4338
7520
8129
9654
9121
12604
7062
3767
12799
6897
9589
9088
17806
5447
12807
16737
1812
16673
8061
10772
9982
12286
12209
2798
3956
5154
3553
17353
11820
1337
10177
8747
11375
18542
10921
7665
17510
12760
8156
10609
17897
19246
8760
9776
15845
16086
18769
5404
1165
6550
9028
7222
3274
18956
2785
346
2071
7596
1382
3839
16626
7454
17871
17016
5951
13610
718
14533
18810
440
6009
8045
5542
14479
8367
6566
16512
3803
16133
15370
2729
5041
5264
3666
18454
30
19059
13398
3093
7441
14116
5773
3701
6063
13015
3860
11473
1872
9144
3742
10286
825
5240
3720
16641
8186
18662
4568
17048
18958
18831
11196
7316
2692
3543
16955
1802
7419
3532
15466
17714
9038
3142
8264
9546
3344
11460
2243
14140
2018
19180
18680
18941
8908
6979
10875
15376
9602
17771
16169
17462
17705
850
7390
3900
11573
5194
6404
3209
6565
16359
8444
13485
19150
6631
15965
6194
10574
10489
14228
4111
18061
725
15873
11142
16459
10928
16095
19298
5479
10001
2537
14016
8931
10303
2293
4511
6667
3565
4878
9334
13293
14886
15770
2045
7164
8415
12930
6571
4275
12812
2492
9855
13495
17252
17950
2336
11272
3528
18298
16767
15849
3443
814
18557
4400
16777
12564
9226
8287
5258
12411
18396
10101
18359
104
331
3012
10439
12335
17744
3796
17981
19367
9356
14418
8493
13937
8780
11089
2357
1686
4417
5822
15606
7987
7383
184
9761
9941
17593
1199
1941
13517
9313
10452
19408
7384
16221
14931
14624
18395
17450
7791
11773
10046
9624
13206
9470
9796
9756
15055
17266
5732
5019
9397
523
12535
15161
16680
3131
14403
35
17567
2302
8205
13045
8018
17519
18128
15541
6148
5550
14351
2703
4030
792
15869
16723
15099
14435
18442
16727
2386
14875
484
15884
219
16868
13907
11264
1965
17253
18868
7902
15383
10396
17689
17506
8742
5110
12246
14602
6911
17793
5913
8635
19027
10664
2273
2039
18589
15331
8060
4027
9286
16117
15112
3476
15486
12451
15932
5740
11268
9266
6351
4815
10782
16980
15875
1554
7272
7333
938
4639
10509
12357
6635
14382
3645
15790
8344
12992
4767
8231
5070
2299
11737
25
10447
14414
14698
17907
5262
17997
4498
12901
9056
7576
1979
9057
10067
18206
7888
8916
8720
4481
15605
11540
3959
2562
15896
676
11856
11185
3863
13665
13378
314
6140
15755
1344
4342
339
684
4357
3151
15573
18436
1201
15835
16731
7565
14910
9189
9734
4798
17392
4983
13263
11384
12044
5500
16853
6099
2270
17609
6155
3073
4863
6859
13108
8787
6233
7611
17631
11965
3539
5377
4429
8960
18647
17178
7192
1273
3852
4364
3790
829
17803
6151
17778
6929
16296
5686
11827
3467
11377
1241
15651
3177
12856
16105
8529
13523
11148
301
15066
7492
5750
9306
15525
3738
2844
17996
594
854
17497
10453
9245
15925
17006
9242
6370
5990
18545
18820
10615
557
1342
17472
11870
5707
5894
6287
16081
4057
176
12420
16970
3399
1619
12625
6494
10193
12656
12918
11823
15865
9746
4130
16189
11566
16936
17029
6765
9703
6428
249
1179
14054
180
17092
8338
11330
13647
7799
16045
8085
18821
18487
3154
17185
10806
14644
13436
8615
12046
1218
17514
1480
17231
14609
18827
12440
14386
17073
7971
7165
6610
12549
4356
5365
15362
15908
14207
11578
4036
12599
8984
9193
6445
7964
633
11954
12855
10403
2312
1932
9127
276
9921
14956
10700
8797
14196
7173
16847
8853
7858
14696
12844
5011
3445
1517
15707
6188
3870
9345
3280
2308
18369
15015
15100
14017
18931
14856
3039
15103
18900
12082
606
18530
5392
2003
14202
4118
12705
1614
8838
6256
1312
12687
11634
13430
11293
18270
7644
14122
5470
10455
1918
18390
1373
7313
18245
14050
5312
7736
244
1600
2144
13356
9092
12688
10066
4591
14900
12900
9380
15067
3234
2698
9055
5441
11594
14084
7733
11989
7191
11847
9402
18466
13954
2975
9501
8465
16424
10251
1702
3393
8587
15281
9666
14535
15691
4070
794
9897
5214
17255
9907
8382
4335
11261
17121
19075
7620
14854
2733
15504
8811
3302
16224
14932
13086
2506
16873
16699
12540
11848
6533
6629
6870
16848
10912
18630
1795
12905
11210
9065
14509
6795
12869
17270
8086
9152
11665
19289
17042
12854
2082
11127
7557
16049
18546
8576
13884
10255
12188
8074
8170
12260
13300
14992
7595
5217
17495
8543
19385
2660
5007
16802
1660
16841
2052
15503
3651
8862
13005
10129
6201
15638
17505
19166
11169
12271
2202
15995
16709
6273
8959
16793
18638
16790
15162
18289
18656
10127
9446
4969
1753
10424
7198
435
18450
12162
16259
11526
6620
550
6880
3087
2482
7199
10735
14705
12127
14138
7729
2839
3694
12633
8943
5178
9890
1670
16281
17090
12190
17391
14544
11772
19264
3969
6403
13611
9348
18949
17512
15228
8652
2049
17147
13697
7514
17356
17017
1549
1572
4472
193
10259
16536
11487
19088
1418
12782
2201
16754
15526
15448
7623
12475
14180
11068
14667
6262
995
14271
17774
7242
2957
5248
2832
18043
7475
7110
16736
13513
19071
662
10849
13341
19021
16545
16567
18781
1277
18357
4947
2478
13243
7908
6065
12054
1115
1822
2295
5657
15570
11231
19078
8886
2782
18026
13679
17711
8152
7083
4765
4439
10324
8093
15834
7059
7825
9685
6995
14568
14157
17993
14855
10077
16299
9792
10169
11223
18500
14272
9872
6048
728
13630
1555
8058
5564
5947
9138
18855
49
6799
6079
11680
13273
6856
13794
9128
950
9167
18017
9401
2116
10621
4631
6589
4123
16252
17752
2704
17271
7137
5835
8059
5895
11712
8035
18718
11129
236
8956
560
13371
13890
17098
14267
6001
3970
12491
15689
1398
4140
13382
18371
1082
5865
7224
17655
5413
7885
7947
4405
13575
18930
2322
17571
17998
5460
8113
12544
123
11509
44
16295
8439
15159
2296
6478
19189
7704
15765
9224
6436
7559
17476
1383
15418
8225
8455
3926
16728
15017
14576
5388
18075
12404
7685
13562
18515
12323
7699
6371
17727
7766
6785
10712
11795
3067
14860
687
16905
1476
926
16983
11273
19421
6037
12406
13252
1171
6476
1525
11684
13278
347
12338
1589
17132
1876
18580
8118
2264
16886
18501
2309
592
16074
15018
6398
8351
18950
10189
13492
2964
14669
12075
16019
1820
9552
15608
3751
6581
16625
5909
16933
17785
15325
6259
45
9059
16204
12471
7961
16409
2549
13943
9338
15069
16993
2523
6097
16071
19211
17024
15860
5457
5552
6628
14523
12325
17860
7710
2065
11765
4827
12429
1435
5815
9456
3602
5792
4473
4611
15892
861
3679
18380
2752
3972
6170
125
14852
19328
6907
4693
5170
17237
15810
4465
3652
8806
18676
6794
18742
17382
17199
16660
16056
3531
13525
1883
4629
14997
18309
12881
14011
11947
5098
17326
10132
16563
3682
11678
12102
13876
8034
18056
6425
14323
1392
16413
2726
16140
19400
4062
6595
17469
9856
6034
4079
8725
17835
19073
11225
4519
6308
15332
12262
12155
858
17427
2720
10366
15877
17594
19423
5777
2862
2483
7132
2662
14748
4047
153
187
3438
2560
15213
14058
12880
11973
13126
8216
2190
16995
8903
13815
18613
2796
13942
10774
17201
16234
17582
11994
16798
16729
1066
6040
19151
14814
12697
12974
12460
9089
12079
8557
13029
10060
2031
6093
110
7537
16288
3400
5063
10295
8147
3609
12003
15580
18326
14321
17246
10
7102
17139
11437
10884
1954
10708
19438
5580
3630
818
5296
8166
16381
7408
15536
2286
15009
229
10285
135
4440
8371
3625
6622
11990
11263
12359
11301
4372
16416
9097
18474
521
5186
15801
9362
13146
14540
13352
19000
2618
9208
16686
18215
16585
12134
4859
8422
4018
3246
10705
3805
11495
18498
12346
3530
4786
11920
7734
18925
4644
10242
17118
11444
7778
10842
2908
14743
14490
4191
12497
14959
16308
12873
17665
1584
6665
9953
9634
5024
17868
7694
9452
18083
13250
8054
12013
1243
4389
12673
12401
14081
2557
13812
13576
13703
3730
3236
15859
12694
6941
13238
6570
13856
1402
5305
8108
15856
1264
15460
6931
18077
7016
17825
14275
16150
3678
14882
9571
6149
12538
2543
4890
15199
10783
4718
3471
8746
15500
16225
5935
7435
1892
19170
2627
1890
940
2380
10123
4504
10776
5761
1573
3331
15091
13627
16552
6087
11168
6081
8668
13347
17109
18976
16511
10836
3203
17367
1510
8779
17546
17337
12076
7294
1414
8304
11788
1755
18997
6041
8993
1155
10819
3428
1498
226
1357
9753
16696
7621
1782
16815
15692
18896
828
16614
8432
2664
3964
5906
4326
2519
615
13762
8390
14417
286
1192
9473
17833
10205
18207
1191
4466
10686
15024
19214
6372
13023
14191
11446
4321
14469
16303
14285
18732
16596
9080
12558
13235
616
3136
10499
8337
14697
15599
17798
4133
223
12173
12014
12778
3842
12561
6804
1268
11582
13808
17429
10437
8766
14767
1714
1433
12223
12090
19117
2007
15766
15569
15773
1640
13036
3363
2979
5874
11242
8114
3124
1595
4574
18984
3893
1430
4962
12589
7821
14095
1791
8927
2283
1884
9078
14370
18800
14515
5709
13826
8261
1453
9037
3889
16890
1562
9918
4287
73
2043
290
18360
14858
13938
8980
10624
6623
15799
15047
16311
17448
12852
19046
7194
912
1551
11134
1182
18389
13752
10037
10224
15761
336
18840
12970
6823
16076
15453
11118
7464
3832
8870
2894
7036
12333
10478
18846
11638
16996
18255
3721
10617
13212
3359
15328
15516
16096
17481
3802
3029
12727
14638
10674
11086
709
16070
14510
14996
18801
16468
18343
17373
13412
6359
17787
2449
17174
1863
2280
5687
390
2297
18919
3421
13659
2882
10195
18982
19154
16157
18675
6317
13219
9503
19261
5254
7055
7881
17539
5256
16845
17159
14937
7760
5259
18682
18787
2850
14892
4274
5020
16732
1523
18805
5439
7707
10159
7921
8871
3279
1898
14466
13861
6014
1754
10327
16788
1331
8241
11491
14844
4094
14255
3191
12613
15138
5089
444
16186
10969
7813
6519
18879
17672
7057
5484
17800
10084
8594
3140
5468
1928
11688
9232
4617
15800
3658
12907
12846
13456
16543
14508
15677
2408
9981
11037
1395
19205
17818
530
14555
18903
16872
16064
18829
2539
18297
8765
6365
12946
8750
5802
18561
12724
15439
6434
14128
11450
12295
2305
19067
3109
3167
6117
11176
19076
16030
10383
9483
13723
18169
19023
3096
9593
9754
14613
13184
16339
3988
14935
12605
12478
7556
2654
8885
16326
3527
1780
16029
6197
13251
5411
10280
5879
9320
13508
4990
17256
18915
136
8320
1615
17894
4897
12089
7250
12608
17089
9901
325
6924
17666
291
4000
10569
16089
4003
8267
6073
387
7589
13984
2812
13915
16110
4229
17890
11624
12492
13021
1855
1927
14753
7509
9357
29
9476
9816
3459
18259
799
12436
18536
7420
13306
15478
2766
12553
10087
3224
6252
4861
4942
511
11346
5431
9166
8001
10268
15423
5482
2683
2278
8282
7846
17720
17009
373
10311
8955
4795
13207
14579
13253
9691
4565
13285
19287
16487
6448
12041
17636
4187
12728
11621
13048
10353
10846
3656
5752
4482
6626
18409
13466
8326
9175
326
19031
14232
17062
9423
8756
17407
15092
5086
4418
3781
6587
13026
8481
16651
14740
18211
449
4801
13868
12368
2165
1343
1576
13370
13461
10240
391
19292
12921
15661
9548
10727
5521
4401
18447
5943
7992
10749
3040
1390
13631
6171
17263
855
9846
15863
8048
18788
2288
8833
15650
11453
3782
1308
4966
8495
11921
3257
12050
17415
10436
16142
3598
4480
16220
5745
3573
10619
3687
4232
17327
1462
15303
18636
11945
4566
540
16479
6206
11963
6947
14345
10337
18253
6833
16981
18609
15743
10652
3248
582
6854
6238
15530
7643
1976
3749
11774
18465
11122
15846
16003
9207
15035
13835
5813
18608
16406
335
9658
10657
17484
9819
14689
1092
16979
18731
7356
15192
8869
19084
12225
19233
7374
7633
11710
80
2377
16835
6877
18091
12678
767
518
14173
2954
1287
12324
9629
4447
16280
17349
1459
9779
9865
14099
996
6962
18163
8188
14784
8511
16018
6986
18110
7560
513
3007
9409
11995
4885
18379
10413
12118
17207
14899
18480
1074
14430
2671
2240
19184
14319
13830
12912
8949
13281
4762
13330
12308
12785
18762
14023
13639
18268
10722
885
10955
791
17093
7001
3342
476
13096
5904
6293
3515
2244
13351
