202
15431
7490
31
6040
16011
2034
14994
14117
7047
7132
10282
9048
13203
15082
2189
678
2766
10050
4612
16261
13329
5503
7661
13347
17121
7869
1345
4332
7165
8401
16104
6977
6440
2668
12757
6725
7509
13798
8125
17715
11591
17367
18647
2451
10426
16303
15057
10438
8759
14939
18336
13202
5100
15909
13806
811
19114
6524
8261
730
9018
18688
15062
643
10989
11555
936
9913
1859
12335
6308
7228
14669
15962
18507
14464
9180
8940
15574
9117
13511
10674
5688
5069
13051
4428
16699
1156
16149
13576
15690
571
19092
5327
3093
1430
16641
11594
12964
41
9096
1896
18622
7891
9582
16599
7748
119
11480
11524
10698
18808
8724
13152
7088
6547
19404
15321
11216
18047
17817
7476
9521
18530
16976
11118
17523
4118
12050
6879
16362
10807
3908
5340
6256
14486
6743
12871
18929
10066
2299
14122
14220
10798
16748
16308
13262
18408
16875
6319
896
17509
3801
5657
648
14345
12846
6862
14840
18613
19381
16992
7441
11805
17165
16920
9894
1193
6903
15747
3833
3094
12586
598
13339
6461
1312
14584
13528
14313
11228
15023
16222
15526
4998
2312
9281
18396
11956
5843
8750
2828
2628
15874
6891
13516
19266
16001
1613
3770
2534
15556
2565
14809
14748
5063
15205
18645
5871
6888
5910
4279
12386
4384
17279
13856
12126
1393
10869
451
922
7591
19362
10625
13889
15516
13787
4839
10216
2941
17838
5662
3879
2191
4319
12449
3071
15276
7038
11598
6166
934
15459
17089
19030
14004
13201
3721
11713
10664
4355
14717
18308
7691
19123
18368
5253
16172
14417
8746
17556
6836
390
9872
16049
13038
15047
4078
3881
3400
15375
11398
2860
6278
5557
6148
10893
2355
854
14275
5247
16109
11375
1649
13311
14523
15752
4152
9063
14045
11403
19131
9497
9295
12404
17512
8649
4040
458
19344
10800
12497
688
9343
9816
4854
13524
3052
5187
15168
6178
16832
2410
14319
3165
19059
7414
17257
12316
16332
10448
15173
3324
8313
8833
18157
18873
92
8587
15865
318
11
7516
2802
3438
2393
16098
17643
18532
746
6720
4100
19435
15078
5248
9898
15626
13977
19232
17251
5126
13734
10909
18341
7893
13253
10209
13865
9013
8247
18947
15376
15832
17600
17424
15019
6786
12739
11950
4919
11402
17677
11346
10240
5681
15999
2525
13906
18415
18691
7624
19034
16144
12486
15979
16565
18983
11087
16116
13631
13184
5781
13986
13975
10672
16290
15308
18905
11072
17785
9721
12798
300
16086
1697
2190
12017
15728
17630
1328
15244
11137
5164
14229
9522
5667
17958
17252
13932
13131
159
9569
8231
3317
14506
16159
19418
3566
10398
14805
19124
15618
9377
7181
5917
18011
6861
761
14187
6233
1906
15691
14796
4661
9573
286
18376
3413
6094
14311
18484
14704
4639
12181
3912
11651
15964
557
16889
3639
1178
12243
15165
15300
15604
13282
10222
13036
1945
9184
17255
8281
824
7256
15582
1749
19345
18810
18890
5030
1481
5631
7577
2309
11511
11538
7468
2656
18326
18524
16178
12624
12065
17553
16229
14966
16979
589
4277
7155
15727
8438
5870
12014
1449
1682
16484
3486
1241
15052
8342
16021
17471
15880
17931
16768
10766
1953
11291
4515
5435
12254
4493
14340
7804
16042
2292
4343
18255
9386
17949
17500
2195
338
17210
19077
1924
14767
11737
2177
14489
18366
19127
15179
622
473
4266
2430
11601
10970
14557
4132
18240
5204
19310
3274
11751
13182
11820
3193
3776
16569
13485
13096
3546
17639
11559
9869
6742
13233
10582
14276
12688
12274
6034
2617
2494
1260
17674
18852
14216
1678
10025
8035
8365
13250
15842
3737
16681
11421
16838
13505
9615
307
12653
10081
18519
9792
3286
1648
6031
18855
14625
1805
2404
18260
5738
4671
11089
19064
3082
19189
16043
13130
17589
9428
17990
9043
9715
4830
16586
12866
19133
13933
12614
18051
5186
3226
7526
448
11564
6001
18357
6790
9610
881
12725
12396
2361
1063
8867
16555
14124
14856
10410
9267
6531
8085
11880
783
9911
6494
12201
2653
5091
17075
11817
6098
10776
8126
15381
6776
2990
7694
6703
6137
14051
15178
7456
12384
12762
19150
7540
8906
11989
2570
5444
9313
2368
10257
13924
7214
15024
7248
13114
6980
19227
14264
17968
1456
17432
3487
3124
16620
8153
12954
7738
19233
14965
16338
15525
13910
1822
11377
1769
16995
1451
7565
8069
5236
17828
18390
8605
19129
14024
5802
17322
13884
13881
7646
11840
6571
17513
4374
10613
9026
8949
15899
18101
17651
17803
10190
3251
11416
6169
17693
16372
11895
16596
7423
10470
9850
7961
12929
12960
18860
6478
2344
17015
12664
19364
2597
17384
11021
10721
2165
5475
2742
5719
14603
13513
10077
6391
11190
1306
7404
4338
10731
2094
8880
13192
73
11265
9763
7194
15230
14724
15847
12590
5016
9997
7055
9373
8195
7920
19209
2500
14145
9928
10231
18485
15995
12936
12537
3656
2470
17888
16390
1576
14456
11689
11443
12186
10098
13280
19417
6925
2374
15692
10528
19083
17724
4761
10275
17781
16658
16093
11843
1110
10009
18207
15386
5528
5358
12578
7027
16352
6101
11530
13634
10373
10988
2928
4163
8099
16459
235
13617
19065
726
4622
7226
4459
19038
4225
13641
2019
17285
10450
16881
5785
7432
10984
13097
6405
11085
6211
17006
7772
6349
18432
18333
13369
4624
17964
9164
45
18624
12127
14854
8400
12959
11634
12938
6526
3972
7327
11552
19115
8729
12965
11066
4501
10913
11108
387
3602
6749
290
8670
6921
16636
13584
12020
2400
12282
11572
13478
10525
17557
3326
1391
11676
10512
12672
7176
1949
12901
15519
3240
4878
10452
17055
8876
16815
1951
17286
2708
16112
6076
17722
6072
5861
5454
13023
1594
6448
4969
7092
3523
12207
18982
3166
9444
14860
17102
13443
8514
10663
19091
18820
14437
14357
14695
5593
4611
18685
15621
11570
6181
17130
13453
13257
17419
17139
18509
13737
2876
5019
10129
1998
12881
9654
12239
7950
11491
4516
3190
2276
16996
11783
3121
11372
8029
9144
12788
1340
10128
8754
1836
16980
13014
13150
9956
17014
8615
11250
9993
644
7514
14088
4246
17239
7455
17682
6282
13270
14482
6528
7326
14626
739
12907
12263
5900
13064
9649
4689
2739
13909
873
15658
8815
7458
1341
17296
4621
1165
9021
7957
7717
4232
11687
12977
14323
9929
3591
11075
2955
16276
13178
11809
1143
5550
4391
814
4580
9161
19027
9966
6857
12561
7489
13983
14205
14440
19099
10683
14988
15573
1446
12506
11712
1739
10629
13896
13984
3555
12619
817
11746
8697
2420
16340
13898
16003
13656
18738
16896
14174
6127
9138
4136
4316
8263
5798
10908
18038
8844
1677
5452
17118
986
9347
16271
18087
19431
4866
15144
9480
10191
18989
2745
15858
7787
14921
8591
5173
3214
14499
9778
5468
12680
2056
2504
9537
15763
15198
13216
12491
3442
17830
15319
9490
7485
2484
11813
12651
12346
11770
17975
18292
10441
17484
12940
2179
6066
12679
160
16076
2184
617
4349
15452
18348
19414
10327
14020
2117
540
1280
9938
10510
9310
12555
8434
15384
469
17213
9855
7784
9503
313
1493
3847
6859
12584
11904
16444
10476
15176
4987
7570
10661
18592
15193
14612
16376
6639
1745
11415
3447
5703
18480
14974
13259
2341
4081
171
1972
4828
15092
6728
7683
7802
10357
8575
495
7710
18594
4976
5151
15886
11727
15385
18395
10669
18436
1462
2023
16082
11411
11007
11092
15950
13602
18697
10536
12432
9187
12760
16193
14563
17237
12855
9039
10873
10686
1578
14933
18634
16498
4212
7407
2979
12338
10996
17497
19000
16942
10701
1435
14907
17307
12658
9417
17368
18457
16554
8923
7083
9989
8294
17603
1274
13499
14048
13218
5273
9889
10670
16355
6842
911
1301
2112
12783
1577
6763
18557
828
3454
13697
10173
16413
8811
7868
10868
16203
11253
17058
1821
12908
10244
11429
9664
18343
6878
8160
14127
12134
19405
12133
9697
619
15854
14301
14542
17373
13582
11620
11795
6600
7849
2726
7233
12173
16036
5335
12385
3503
12337
5562
6684
484
3198
510
1642
642
18827
13386
12484
11857
12114
16600
6856
9361
12411
1839
10527
14781
9502
18217
7924
10959
11788
17262
5767
8942
1580
16374
14148
12138
7124
8462
19384
5976
10214
6227
16099
3067
17258
15789
5430
8170
5787
8773
8060
17343
1373
18709
6023
6853
17852
16994
8349
11585
11213
2247
9380
5888
8822
18741
5259
12702
9947
19231
16287
13173
15869
6270
5154
1855
5240
15355
8314
4643
1627
17985
8305
4786
6110
9639
3707
14386
13099
15408
12357
18721
576
15387
6245
13606
14919
560
9714
1623
5626
19106
103
14681
11828
6989
13876
18882
2464
1969
3911
10617
10866
17264
18896
3897
6691
17344
12242
3565
12066
12648
10719
15958
6572
8793
3179
16514
18642
15450
609
8742
13542
11528
6111
10677
4582
18831
11921
15322
1235
18267
3045
1748
10922
5926
14892
17762
7459
2719
16211
11012
16550
17005
10966
3272
15988
742
11456
5666
15478
8589
15953
1790
17735
8148
11060
15027
14467
3306
1204
1228
14722
19334
16246
10825
5497
6007
3659
10364
9748
12376
7249
4574
16568
10251
14033
13305
9544
14494
14555
5202
14418
6246
9977
16551
3202
2664
15022
7321
5717
9152
10500
16507
5200
3810
977
14708
10249
18554
921
7405
18268
18781
11185
1920
6715
14618
13378
16295
17755
3790
8885
5795
18471
6200
15358
12698
12781
5573
9127
17774
18448
14515
2942
18298
7932
11504
13820
1550
9612
16797
10250
8993
18630
15532
13683
6210
7141
15653
514
7888
16892
12455
9548
13887
16975
15330
4991
2035
1264
15333
11466
15592
12352
11058
18862
3104
14007
15411
199
9422
16202
14221
214
9268
6905
372
6194
14332
1877
14084
1364
16057
9239
5598
14011
16932
13714
2308
5085
6043
186
8422
427
5909
14256
13991
17576
14884
8297
1974
8755
9094
8819
5837
18745
7523
9463
5745
18394
15873
5527
3293
192
9306
14198
3564
14231
14249
15372
14188
14052
17863
16583
11604
15871
11254
8188
16780
17150
2367
3562
16907
378
15856
16069
4064
17626
13799
2675
7140
1719
11539
8666
5177
10860
7025
18761
17192
550
4526
12122
10726
5671
18996
8715
7187
421
508
18917
12535
1383
3439
2259
9982
18669
14622
16836
7054
16897
17790
13298
9037
10986
11147
1455
16284
6912
14321
17029
8691
5014
2220
18418
17315
16252
17341
19113
10650
16105
18950
8541
12915
1588
16418
16389
7511
8963
12985
13952
7413
7649
18297
18938
14351
18098
13295
14050
17652
12547
13938
8648
15641
6413
7206
8927
2882
11255
18306
10087
3476
3556
238
17788
1964
8405
12319
18270
9917
2135
7137
7034
14947
13312
7653
8760
6816
8067
13495
14415
12802
4916
11102
9556
4815
1820
13351
19072
14795
16974
125
18958
19293
16452
14813
17445
4801
5895
12610
16417
10520
11726
2895
14577
1295
16843
1215
16425
5660
15765
15900
18875
13538
19028
19134
14356
16238
15590
15838
17565
11593
16487
16198
7736
11270
196
77
3995
17731
1120
3638
9702
8664
350
17168
14543
18665
8592
6595
14101
9088
7031
2938
12463
14186
13618
9691
2182
6171
6630
1157
10059
1553
478
329
8238
6292
15005
8030
18500
16008
3481
3663
6632
5279
16500
9158
18674
8000
17167
18629
14890
601
5655
14852
15033
172
5633
17269
7959
623
4705
16592
19107
14525
18782
4660
5959
2022
8841
17871
17345
17261
13167
9112
4021
4890
9940
8694
16357
4410
5605
14541
4500
3275
8701
533
5393
2245
7962
17414
6344
15221
9254
12230
11112
9627
16906
7204
692
2737
16431
3096
181
14816
3391
17779
5949
11151
7583
17243
12440
17247
2736
5245
9123
2459
10409
3558
3869
2162
4173
6954
17977
5611
16710
18984
17865
8378
8617
9945
2539
8463
13204
9479
19391
7399
4519
8787
11630
6218
4425
6877
6652
13674
5659
16470
17053
10739
9357
12993
1320
5792
4265
17437
14808
1750
12436
3882
17549
14381
10259
15784
12719
13630
4133
17351
14739
19148
8063
6769
12686
8493
15488
8327
8451
16952
737
5544
8489
8766
2004
10017
18451
19044
12407
6953
16133
10749
6990
12403
13123
13227
13549
2082
15397
4789
16657
19267
4803
5838
3333
4534
16493
5874
9002
14725
14905
1490
10509
11035
2905
5301
14616
8924
16981
17369
17260
16712
15776
6564
10819
215
15965
12461
18029
2993
6873
4261
18926
15197
9130
9348
8309
14391
2893
3687
13746
13043
2546
12918
4240
2234
5104
15536
7919
129
1770
9362
16231
3741
16585
10934
14219
3488
429
18699
16542
11918
17023
13727
13854
1611
10483
8503
3520
8246
4497
18514
5359
16698
14645
2353
16948
53
6350
15877
17793
188
4466
13395
11187
18537
9574
19180
17071
13566
2116
3715
447
15599
12253
11540
11908
19289
18901
13764
3668
7175
9918
12583
13016
2073
9949
3866
5479
18175
13483
8780
4578
14161
11175
18426
13310
2052
18534
1566
2625
3456
1176
3802
17231
15806
13154
1956
13826
16570
4189
13597
5661
9602
17067
2962
15002
16713
4067
14364
7042
11444
18253
17065
7225
1834
4405
13978
8006
9892
3092
18726
19386
16735
3107
426
13255
12218
17896
7596
11546
9996
18591
6553
851
13497
18403
15466
228
5447
14120
14426
6947
19062
13198
18725
12958
2561
4292
10614
5445
2608
808
3247
8331
16560
7085
18487
5094
193
10542
3830
1432
7727
3217
14900
8765
12165
1433
11705
18501
17152
12567
9296
14984
7851
18632
12673
18563
1305
11824
16438
809
8382
14986
14285
9596
15296
12505
4176
6000
10311
11050
12295
17624
6332
904
3794
8210
9589
17299
13526
11756
16553
6757
11080
18773
17633
9725
11055
16048
2077
4485
19349
4001
15013
14203
5035
15946
15084
18290
7737
9464
5239
3784
4105
18143
9663
14029
121
14271
11473
13637
1592
2867
6687
17608
15954
10127
10268
5862
10085
3891
16494
3421
10974
8971
12875
17567
9650
13082
10894
11130
10067
17570
14756
17750
3239
18602
7315
13300
6931
18941
7910
7828
435
11404
13824
8385
2817
11412
14320
15040
13408
11976
16849
3277
6360
11556
631
3313
13308
17894
16213
12324
19270
11223
3408
6156
2975
16204
13456
12738
17819
14849
281
5312
4883
754
2271
10849
8048
13396
14013
1113
9703
337
13107
15868
9149
18269
3122
18275
12952
10210
7067
12865
19408
46
5610
396
5098
10741
15968
2244
3724
16904
13251
15448
7665
16573
3686
7163
10073
9100
14630
14160
1572
14570
14042
17839
14463
1139
10955
7899
18533
2253
12522
11710
9406
2398
9879
16157
6456
17872
867
7061
16561
1698
4010
10444
13472
11867
17496
4330
4281
11939
17142
8756
2995
15843
15667
968
8265
923
17132
14749
5243
18639
17199
4268
12288
807
10379
12894
14370
9062
9065
15018
15096
8025
13384
9922
14516
2655
10460
16802
19175
8659
3768
7687
17741
5965
11505
15715
8519
6417
18384
14389
3886
18956
17131
2813
2090
9510
1817
13514
14934
14569
19029
17093
15986
18100
19096
13075
17638
13611
15184
4533
5255
5192
4245
10170
9298
13979
12102
9093
4018
11945
14312
11406
8353
8769
12162
7776
6580
2311
6834
18655
10511
13765
17659
15948
3645
2449
18868
5620
13089
11776
3482
5675
9167
7494
16227
1290
6758
14550
6325
16225
14833
142
11723
2733
8689
13959
9333
11309
12410
8393
127
9829
2980
1512
11973
820
9752
15134
14410
2007
5207
8022
430
110
11249
4050
10321
7221
3778
9227
676
8191
14140
5346
11807
4965
16546
14987
3781
1426
3420
17153
5377
1436
6160
6503
18756
18003
19032
1240
1753
17309
323
7689
6500
12558
14360
5779
9655
8086
1559
4345
10137
8965
10292
3577
543
16351
18215
6123
5930
16177
10228
14743
7288
7848
7433
15175
1775
18226
4433
16064
11759
15949
6502
16863
18093
4546
8926
1342
2330
16686
17163
8115
2627
244
10961
15403
750
15659
3363
1786
11636
11508
2324
18553
2549
9932
16732
12408
12493
18990
752
1707
7885
18224
7648
2141
13509
17408
16087
8744
6367
10493
114
3929
2804
5707
10220
10600
2543
2053
5819
5481
2845
18034
8406
12356
15793
11860
12926
15498
18800
9624
7744
10550
503
2939
12248
9648
6688
8848
2423
13565
10113
521
13140
16046
14686
4480
2455
10560
10875
13279
14027
2421
2529
2782
17942
6629
219
14378
17856
3084
8520
14430
13947
8568
5002
13379
9141
14420
9258
12454
18816
12963
12231
2996
15264
12291
9882
10680
16800
15445
4463
18086
8113
5834
18502
19265
1927
5873
11067
15904
1107
1676
7791
11394
11688
18684
12873
8705
14510
3280
19331
18072
7631
16999
14790
16840
9320
2477
12807
15605
13333
6058
4992
16247
1612
2193
16726
4496
7416
3147
7778
9667
1075
2225
12002
14335
5112
15228
15643
4130
10052
12343
13868
630
8533
3530
7235
9022
10020
13931
8708
15616
11261
13124
8012
18666
7322
8149
16725
11474
13838
5053
15939
5875
13318
5080
14918
12238
18589
13177
9175
2965
826
7607
9888
11176
6998
11625
1660
3976
16651
9122
7705
7884
8464
12930
5670
14342
232
7700
17178
11169
5150
10063
12054
16366
792
12426
6971
16679
6774
10084
3242
2961
9535
10878
15648
16844
3739
19169
12766
18313
9749
8395
3057
18352
9552
16756
4038
5609
5040
17901
17996
15961
2583
16382
3733
17892
1191
7708
16866
2638
7978
18195
10453
11384
7257
997
3601
3335
2959
4829
18196
11277
1207
15887
24
1626
13242
135
582
15545
12389
2784
17668
14181
5382
1073
17361
157
195
8339
9875
18740
5532
15312
13908
14344
7512
6419
14955
15126
2322
9375
101
9426
8417
9890
3000
14945
11334
2973
14751
12904
1825
13158
6459
1549
17860
3359
15368
14647
9775
2898
14158
11927
15831
3987
1409
17739
15209
5060
18640
8854
1374
17833
12687
16738
14996
17033
6445
16694
3065
12354
3876
8466
1453
18208
1199
1115
12044
17290
11186
684
3595
3632
14245
18839
10455
16395
5332
4814
1495
16479
10107
13883
4514
8590
4457
9025
1313
14131
292
12849
11028
12330
9658
11218
6638
14495
5706
17850
15610
19080
1042
18586
13146
768
17090
13078
7057
14829
5865
18949
6190
14086
4579
17883
16711
17914
11947
11486
4436
19195
477
13137
19142
1990
4407
17016
3499
5973
12271
16136
4124
3678
15548
1226
16671
1046
4126
14995
16685
2460
12034
12921
301
16755
3151
15139
8402
4098
9189
17041
15989
10734
1650
11423
10803
18192
14448
17939
2879
4165
11356
14539
13357
76
11537
8045
1201
16023
2387
17216
9498
17920
7491
2351
12516
16165
5878
15323
4489
12203
5534
11957
7628
1807
6513
7935
13575
5822
3233
3032
19202
19050
2535
11324
13610
15840
17842
6304
10422
3188
12652
14396
16540
19302
10023
15587
13954
16458
371
17025
16953
6582
5178
10159
5099
9133
17356
3675
340
4523
9814
3917
4826
12494
7724
16327
5728
4615
725
14956
863
10433
16962
562
2083
11850
2689
12026
10261
3942
3812
14069
2976
4171
17610
13389
14937
6537
1890
14098
1359
10046
15329
19369
10490
1520
17692
10942
1546
332
13035
1150
13573
5911
18061
18918
8205
19182
8956
15043
5903
3372
15025
6840
2507
17442
3034
2698
12917
2497
17536
3222
6626
8946
12446
10018
16864
2707
3146
6393
5700
3367
12397
14254
10702
8889
11453
17256
8850
18276
9671
17811
10439
8275
18328
551
18332
11560
18750
6973
9531
3734
3837
14728
6262
10515
4911
1621
1670
11674
10838
6497
16590
2270
12155
18889
11657
10337
7850
2186
5704
17806
11694
4982
7818
14826
3613
767
13236
15666
5641
2335
17740
19110
6267
3349
7641
1463
9969
17028
11166
13873
6132
14136
12052
5565
11419
8625
11930
7360
12049
13726
9759
17546
14679
6289
11326
18656
3311
13506
14750
4249
18925
6297
9110
5995
6398
13595
14195
13784
6924
11283
16083
5757
13278
18177
7417
17867
2472
757
8300
3292
1230
2418
13210
14615
13684
11803
5337
8845
18931
7808
14586
11301
280
1872
17331
18970
6683
2954
6946
8444
3035
18854
17371
9514
11143
9734
12406
16442
17473
18453
18108
13092
11238
1440
1385
1539
6807
15392
7359
308
4248
16412
11568
15162
16872
1806
7
10874
3393
1696
4204
18342
16988
11532
19224
10408
838
13885
18041
9053
9619
2175
7142
4089
1898
6305
9076
14920
8757
17649
10632
13535
1173
665
18247
17352
9446
346
15634
14046
2049
6406
17511
13995
969
16384
10504
12244
1167
1
2005
14762
17628
7762
11284
8651
5933
4047
18801
4255
7756
3156
16536
112
3186
7876
12588
5417
14026
14373
17953
353
16510
19043
6128
765
11846
15531
19070
15688
15185
7753
9836
13808
17327
18964
1111
9206
7623
7998
6377
15591
6226
16206
4107
17641
10752
17253
18564
14416
2070
7845
8783
18976
2223
4931
15349
17744
2412
12741
4657
14806
13439
12213
5576
19371
7116
16406
15246
8688
9292
6182
16424
5954
12210
15508
12051
11994
12696
17317
6624
3248
14447
5677
5978
1794
8992
9252
12445
17276
10964
10809
3641
18895
11396
14358
18144
10024
5062
15053
15563
2332
8465
18731
2957
10995
6276
9221
10665
17672
8805
1489
7333
18338
8044
13283
8217
18902
14604
10639
2933
13185
11848
18088
8356
7385
16528
6397
7144
5264
13794
13373
2842
18123
10546
638
8214
9194
9823
728
8138
4467
3537
16182
12697
7966
11926
7103
2065
18330
15704
8002
5364
5537
6222
6838
17031
18359
6994
2425
9027
6819
5490
2830
11407
7931
7908
6764
5329
18037
1302
5105
9696
9230
12834
2631
17663
189
1482
8732
3970
5290
14388
10272
13414
15286
12296
8220
11381
13609
9741
7190
4831
13531
18344
12320
2115
4004
2848
15339
18737
14286
19323
107
13209
14561
952
9277
7500
10274
18571
3597
12759
12004
13673
9672
2947
16142
10189
12190
14472
12642
7685
7363
10326
19332
13286
3423
18551
11534
18877
1562
14097
12246
6093
13739
10424
10746
1106
6236
5617
10029
19237
4506
11471
7644
19012
7856
14338
4012
11711
16397
18608
13322
2863
12425
17650
11483
770
2977
14341
16524
1725
5108
2043
10829
6192
5017
362
12507
4631
17404
15863
14702
11916
1454
8747
2819
19257
17128
2657
7358
4975
15935
3125
15108
4352
7563
6464
9961
14528
9126
5574
4944
3329
9660
16297
7037
10687
11494
1155
17667
15749
5518
6604
15777
9035
7781
5086
7537
3965
14519
4654
3245
12064
16760
12538
15289
10459
4479
12284
6170
15194
7299
10708
4610
11044
4511
8403
8324
5146
10416
384
1448
5916
12482
2471
11234
15583
12848
10102
16274
9235
14143
11600
7059
11984
7860
17813
6668
501
2854
6606
3134
9405
910
18210
13212
4378
15128
11999
15737
7383
13330
11342
15458
19441
18661
8768
13502
13801
8182
9038
6342
15164
17035
13776
8595
19335
410
7193
16655
1954
12339
1815
2233
18662
16188
18340
1005
2865
4977
11252
16501
6281
8711
10541
3984
10771
13261
14659
14663
7008
9482
2446
6913
5904
17972
10641
4400
10005
7619
1231
6455
4983
17637
17718
4275
12661
12746
3713
4423
1850
11525
7121
17764
18837
18309
19155
11516
18635
11479
5384
12135
4800
8457
8749
6767
1022
12992
13272
818
18821
3284
13559
1930
18516
10784
8644
17179
1555
5582
18040
4138
7740
7742
11209
333
7507
416
2151
8370
18792
11507
18446
7349
9673
12005
12720
11586
12769
16721
8127
12211
5887
11459
15277
16886
972
17533
16034
7278
924
14545
13692
18242
15345
12028
13273
16934
16245
3259
3352
11987
11005
17402
15790
14054
10256
2294
16880
17874
7571
7370
2424
4331
12705
12080
16281
12370
15202
10193
12489
5572
16381
9728
15645
16253
16243
13717
3171
8155
4954
19432
8506
590
12292
8118
8112
15632
966
15342
4667
18807
1942
4571
505
10569
6266
8597
16798
13655
2812
4805
6605
19208
18227
9686
13930
1287
3073
615
14215
10070
16333
7595
5024
13438
3360
15099
8960
8939
15222
5739
5411
18351
4211
6328
5427
6653
7210
10915
14768
12314
7200
8660
13662
16263
16201
17106
595
14427
3731
16179
18286
7079
16196
5644
15242
19023
158
18450
13735
13879
7809
14371
11380
18414
15119
11468
11267
9242
2222
10367
4864
16055
14754
2286
4465
7816
10789
11076
11741
5457
13712
4558
17878
19307
18844
14469
1848
11972
14075
13636
14412
17594
8935
16148
18238
7994
14716
2437
1288
8714
1510
17019
2356
13690
11618
6527
1851
12944
1069
7557
6339
284
10437
6084
4768
11152
17723
6974
2074
11517
4507
19192
7561
3383
5789
11344
14328
10586
5466
16788
12348
3049
13000
2568
4146
12145
17079
9914
2511
17355
7036
10404
18736
6641
8282
7921
14738
10804
8574
18052
11695
5296
14801
7989
13122
15529
15240
17836
7213
13056
14651
11582
15916
15237
6429
3
15527
6918
12325
16967
11823
8058
16037
8551
12914
11257
1935
10267
13326
1783
5839
5347
10125
5007
15363
14372
3990
13473
3510
6436
5643
743
654
14306
1615
2704
772
3139
8023
12809
11286
12526
3695
1331
15243
12120
2850
14163
5003
1357
8031
18940
530
1200
7659
14914
19398
7017
3090
18518
17340
11331
10709
16545
7916
13243
12892
11167
4385
8762
15681
10620
1662
13467
19075
16433
30
15060
15371
12601
1747
16167
17294
3081
6425
16462
2917
14354
17782
12362
19074
6144
16088
18233
12500
4454
3701
7020
11417
3142
4456
12235
14643
1337
3103
16940
862
2859
7188
8948
18515
5252
17986
9972
8661
16544
4380
1728
15313
11135
3075
10980
2434
17846
9139
444
17145
19088
6388
748
16909
11827
15711
250
3528
6188
4601
18720
354
11936
15879
8390
19021
15248
15875
14611
1852
6403
11960
9434
15064
6065
3019
9449
15580
10622
14316
2274
19339
15794
17873
2563
17357
13391
5464
8842
3105
11013
10662
10072
7391
13435
15233
11675
18482
16190
7106
16103
14103
6663
11460
4609
6402
4754
3532
5845
14726
16631
4305
6063
9208
18128
12097
12674
9374
6799
11127
11470
16346
2885
886
16234
12970
69
16572
10204
2786
1693
11498
1447
14881
845
12682
11595
4900
8937
6508
6827
4588
14284
16013
13596
6472
3540
1833
12098
11943
3531
16089
19157
18742
18114
5770
995
2458
4812
1582
15855
19276
6892
8827
13731
3517
13529
9469
391
11288
5855
11337
8202
8454
15199
4086
17222
17477
5815
13264
7296
16739
3787
7755
3185
5813
10533
16441
2061
16856
5354
11451
10286
12435
18836
527
2822
12212
8337
18377
1685
15344
10362
6119
14696
793
5632
2298
3050
13841
13356
9089
6622
3750
6643
6415
17312
18942
15154
12826
14613
14041
774
18096
11704
9324
9398
12633
11413
8748
10348
5307
13862
6080
16077
18254
15050
2093
18473
4094
9896
4451
174
2760
2290
16091
2572
6665
5709
518
6738
3578
11428
1548
11031
11847
14361
16819
12779
5540
8866
17092
16933
17020
15795
17462
9019
3543
3852
5191
8650
3418
18951
13193
18360
15629
9739
13294
8235
10344
15878
17870
15800
19243
15423
9819
14265
6223
11912
341
11668
9473
9162
13444
3189
11554
9371
47
3944
2626
12003
2343
2433
16006
6985
4950
11455
17375
4358
17349
8287
14034
17146
1784
16742
4421
6359
14039
7592
8059
1222
10700
6589
26
9197
15723
16175
649
10657
8038
5624
19288
4775
9075
4403
11450
15894
11383
10386
19318
373
11308
7209
8204
18321
11961
13863
4444
3758
3949
12085
11680
7492
17987
4073
14263
11282
10247
5405
7203
15026
1461
17502
6631
12810
2150
5158
13903
880
7419
12683
8862
4640
12478
17571
13579
7859
15038
13207
8416
17551
5012
13676
10668
13777
12042
17206
6812
7070
1720
1529
7043
17012
13309
1999
16759
14441
8540
9475
18832
15374
5885
5009
12144
16893
10395
14624
769
859
1277
1644
4596
14475
13235
3061
5552
13020
4370
7701
16388
6575
16794
4591
18083
16556
18840
18710
7133
9599
5068
15100
4673
12947
4235
885
11353
16648
6258
12068
16138
15299
11193
14819
12805
11014
8259
11752
12922
8415
15486
5416
1307
8500
5157
17485
17933
5422
16928
168
3149
8277
3646
14652
6364
11526
7673
18191
17207
406
19277
2197
17043
324
6981
5897
8267
10751
2345
15767
2435
13732
17712
9858
17398
15291
9364
11868
10508
13050
1203
16961
10157
10658
2997
12360
4006
18939
9637
17897
1218
11979
9448
13943
5456
2386
1131
6654
10030
4592
11068
19022
7761
18057
14820
14118
14629
10627
16852
16192
17572
5096
6121
18033
8274
8931
2003
17959
2523
10407
15159
16690
10281
7409
3288
13448
2088
4602
10770
12088
7556
11172
15083
11849
8190
7048
7329
7184
12225
1570
14571
386
9423
12823
14500
17274
1892
3080
10602
11117
10667
18476
9452
16947
13021
988
5772
14999
9159
9588
15449
152
5679
19341
7643
17066
9016
14503
17902
777
16724
1994
3755
18793
2532
18607
19292
2300
13578
4767
5948
13194
13555
12107
640
16847
1279
19046
4106
3883
13142
7543
4027
1227
1714
16923
16950
8074
8572
1407
5797
8018
4015
4016
16053
17300
11573
4183
13381
2512
13534
15439
9934
14232
11949
4364
12740
7390
10963
17714
2269
8895
14468
14733
1136
13810
4172
12983
17925
18043
3963
19017
3039
15664
8800
18874
7102
8485
6780
16919
10718
11784
11800
10126
18972
8883
13293
14636
11111
2326
12776
5853
4099
8442
4488
3680
9642
18646
14591
14076
18763
6825
7731
2282
17226
6028
3599
9954
10730
1074
13401
1514
17133
17478
3877
18422
18302
6941
9694
523
11719
15442
5724
17921
16990
15039
8656
9437
11142
1138
10360
4955
9737
17969
13086
18491
4740
1414
7898
4320
19159
12973
14526
2821
15575
15035
16654
3058
425
15122
6711
18110
6158
1804
1968
11931
14810
6208
9154
1687
19004
14407
16024
16367
6951
10184
7593
3947
6117
12749
9030
4504
13525
7265
9119
13025
2288
8436
16957
2279
10071
16423
17088
626
16114
15131
12549
829
5777
17957
5740
10486
940
7600
18389
19251
9107
11605
1797
19217
8772
349
7703
8814
4014
12202
10224
9558
875
18353
17038
10916
5163
6661
13792
2902
10384
16072
19326
18599
10689
1097
967
14776
12415
18350
1009
4792
5990
18562
11053
17382
12935
2660
17622
8027
14393
3742
7725
8903
2647
4765
2325
15885
18670
14839
10464
2499
7229
14718
5484
8915
5763
7796
14132
15416
12030
10855
3152
15287
12744
3525
14272
7947
13002
6044
18560
3153
13412
10237
4233
3706
11696
11578
4932
8988
9710
4942
15269
18002
54
17455
10925
16577
16580
6828
18600
13450
2831
1600
10585
957
11418
5736
1346
18378
13070
6507
8355
11391
4321
2518
9591
5801
8975
16334
9222
15167
15042
15867
19190
8111
8338
11392
12502
7747
12539
4827
13331
5956
6145
16078
8930
7191
18113
11613
10401
8871
10534
17880
4432
452
11644
12772
10144
19199
6395
9919
18004
15506
7452
13175
342
3177
16701
14082
11826
2482
1465
13701
13461
17932
17835
5892
16296
4187
14682
17891
9629
15798
11497
13197
12622
7926
13481
12925
13104
4938
10254
7770
8552
19363
1656
8034
10322
18716
15012
8798
16894
11743
3269
18468
12913
18148
8083
17889
16703
10001
3196
6933
1377
15896
5010
4522
18580
17358
13246
6716
6466
8875
15103
15129
1876
5716
1476
18973
4540
11590
17631
18531
17936
7630
5123
17725
17129
4144
4818
6788
7821
9884
5209
10842
14778
12937
13781
18795
15844
8312
15351
16669
3900
5415
12597
9443
17727
7711
5786
5721
4563
3804
9916
1997
14842
305
2369
17353
16937
2654
5262
791
15902
10090
13399
9880
9068
10103
14043
8039
8779
16966
18788
1124
17758
12222
3448
2462
2380
14099
13151
13874
8055
14153
15640
7709
7715
10396
6516
16267
1104
85
8271
628
17310
9856
7227
4652
11030
1168
18892
13530
6519
16649
10782
19351
12293
19184
12164
7062
10290
894
14031
9746
8272
9492
6858
15015
6610
16963
8289
3903
197
7757
7379
17884
16460
17271
10796
11869
18876
18251
4366
16345
13965
8525
17640
15055
14425
212
1297
3795
6014
5571
5705
8321
14823
15366
6481
19258
13367
15845
10994
8278
3954
5165
8979
1338
5846
17636
9985
4913
5961
7881
48
12154
15032
17826
711
6371
15571
5991
17613
1703
2749
4993
17482
19370
3860
18380
4972
3616
1516
8870
7581
16702
18084
10852
8907
12038
7635
17045
5394
13228
13788
9873
17904
6068
1192
10502
4627
16977
14546
6273
7330
693
18284
10652
3576
17379
15251
11264
15156
35
13816
8690
14536
1429
10354
6071
3501
16350
7309
2046
11246
18413
18908
17923
18068
13679
2264
5336
19061
13484
8241
2480
12564
18653
18371
18032
8806
4162
9322
12513
17082
16185
16925
14193
4365
16757
11913
4908
1182
14932
16890
9052
17767
6140
5538
15742
7992
2678
2377
7143
14324
1390
14868
37
3469
1355
14580
7243
11619
5082
4856
1256
17498
5392
15705
8680
591
18449
19400
2454
10799
8673
18963
652
10132
12315
2099
6910
6306
616
12668
14865
16115
8427
11983
2280
14190
3219
4219
18322
4980
8761
15150
15808
4763
17061
10711
14882
2192
8093
14888
13554
15177
6215
3863
13843
11294
141
3865
11709
3440
175
3515
3374
9392
15274
7462
14492
2542
17469
2983
10489
13812
13793
12359
15331
2068
1169
11566
17840
10123
15279
10432
7218
15944
17186
15503
14269
1652
16789
11295
2212
11898
6009
12117
563
3484
16194
7844
18946
16705
1651
11115
4909
13383
1864
4853
7445
6191
5460
16865
16038
10197
6205
18953
1965
12031
6798
2911
208
6074
12084
9282
812
5658
2953
16050
9670
14267
8601
13981
12604
13126
14667
4857
16124
16454
2376
10151
8017
1599
16588
11211
8364
9121
98
1492
7548
236
2691
5366
16714
13341
1837
17943
7335
2237
2844
10619
143
14997
1467
13393
18239
6434
1723
9087
753
16662
12545
16270
3533
11222
7272
17992
8795
14599
5015
6032
3892
13700
14182
14087
2390
17292
15566
11760
11248
18135
10564
1704
14861
18838
19170
13110
8471
18285
8452
14925
2391
17281
4379
14362
4394
10944
10200
6635
19409
14066
5693
2887
2834
7135
18179
15188
12713
1190
5951
3040
11214
206
13644
10276
3229
6999
19285
8295
15864
7150
17861
2727
8477
4952
5251
230
16887
11210
9822
347
15232
11490
12844
4716
7110
4109
3283
450
864
19350
17009
7192
3654
11233
17729
18199
546
516
13199
18704
36
13949
1740
5246
11069
19116
4697
17966
18245
12308
1171
1202
1738
10494
8320
11749
14929
11495
1308
17530
14736
13749
17886
5271
3428
16477
11200
14559
8577
15337
12106
6370
17976
9557
7066
3048
10712
18151
12405
10521
10342
11251
8652
15394
1536
6451
3720
14952
18915
5568
3109
19252
4798
2444
5289
18910
19084
8181
14673
11280
16784
8869
8087
13915
10649
18305
13669
6829
12893
13809
1702
6579
13815
8293
18619
10253
15282
5313
13672
11738
13993
8166
8326
7374
6151
11856
718
4556
18382
13352
5922
12599
12869
17393
16158
10255
2836
9316
1343
13471
4241
18441
4748
13747
19416
16731
10583
420
2375
19171
13108
11514
12180
13162
3574
3969
2519
3213
3182
525
7274
5894
4290
18778
17691
17447
2586
3078
7440
4062
11168
766
2349
18182
14218
15830
12115
2562
610
11764
4354
8804
3110
14697
11148
12166
6340
8619
8445
18980
1089
16526
11923
6454
1354
6835
12785
17223
8387
6016
5095
4090
3923
16326
9798
9825
1098
1362
17443
3320
4263
5433
13583
14649
19165
13195
5469
1586
13779
12876
12090
14824
12618
1416
12008
4022
11655
9991
4638
5129
4482
3621
12575
14387
4690
9560
736
12974
13518
16361
18512
3652
6327
3126
3682
11145
16007
11226
14585
12787
4742
17080
5361
5293
19117
15743
14352
11126
1816
1088
6754
15257
19143
17960
12625
12268
14521
8945
2204
4956
18166
11909
1450
17115
16330
15586
6650
13179
12294
8203
12241
423
9704
18428
16591
10691
5287
14968
10859
10469
14671
6730
6907
3925
1475
9757
18228
15837
5563
16983
18545
9614
9219
10972
1793
4729
1183
12923
1791
17596
11792
6705
2540
16226
16845
16848
16269
17359
5619
18829
15435
12290
7567
1522
6293
14114
5558
18198
11293
12755
16403
9842
10818
12125
6667
7640
11179
3767
14081
17380
10835
17191
17745
8152
13859
19166
5214
1412
2744
16781
799
13775
11285
3174
4039
13972
15888
379
10021
11059
10065
111
12900
3289
7069
13275
11174
14255
15370
18065
14509
6733
4861
16174
2467
1847
4317
16898
5987
8510
10704
8633
12019
7597
14261
606
16496
10758
5682
15596
8920
6255
13155
10847
656
8908
18960
11521
2163
15661
10106
4863
9273
7076
18935
853
6112
414
6316
18728
17924
6501
19082
6238
4895
13647
1938
8150
1547
14466
15216
5515
14287
13105
4475
15341
19380
5555
2187
13147
173
6832
104
13047
3643
14397
8879
12055
17981
6956
1887
7734
7324
16877
15821
1987
18596
12285
9800
17052
6404
17235
16639
3956
16959
16070
311
18421
176
15029
16164
8050
4003
2382
8964
8897
15328
16609
17174
7714
3762
10427
9795
8681
17948
7647
9743
5125
13129
12544
6010
1496
9069
7779
16515
4531
6993
18878
4381
8529
2658
17396
6625
14436
16364
3029
18067
10291
8419
9512
5231
14985
7001
13252
2289
8052
3684
2277
12678
17427
887
17689
18023
19283
15906
6298
7969
6446
1765
11581
15031
18714
10841
10706
9847
4287
8820
1223
17934
19197
16432
12580
16833
1867
7790
5725
14228
7729
8264
16629
5651
17655
4498
18271
10405
16228
18133
11934
17062
2510
6096
4772
11159
16110
3544
11536
14159
11854
14113
2732
18593
15581
16858
9626
2856
15433
1551
10933
17141
11183
1952
4357
14038
12130
19397
4310
13825
2321
11982
11299
9163
958
5650
1379
9983
18977
19149
2415
15674
1466
9608
1782
4840
6005
5793
3694
1722
13317
8273
11829
1758
15813
13314
16251
1162
2798
9097
9223
6008
10042
7568
10969
6048
14602
9568
9483
4097
407
17609
12942
17107
16777
9176
334
1356
16359
15983
13048
15756
1780
18283
12843
10516
6003
16754
14180
5957
18129
364
12695
17429
3839
3471
13523
1408
12058
8896
11052
5583
17000
18262
17519
14705
18398
10750
6948
12853
13059
2888
9182
15602
5554
8588
3853
16275
19109
7662
8481
12013
68
10363
9781
10415
5627
12118
9368
18869
5800
3751
2931
8276
945
11666
16027
12089
12437
823
2429
2795
12156
17024
17450
13598
10345
17800
11351
13937
9004
2630
16386
6677
8834
155
2409
12804
8594
15799
227
14162
249
15192
4200
14668
17436
8082
6064
3536
4499
8961
3496
5281
19248
10810
9058
2229
14855
12681
8527
1986
15915
16737
1717
325
9561
18614
1076
1479
1842
11141
2372
383
366
19139
17120
10278
996
5474
3823
10917
7297
18077
4276
7393
1103
17230
17381
16851
12585
8665
4939
15819
11181
7684
17769
5389
1197
6109
11003
12259
4325
17644
7497
12748
16766
12616
10561
4283
15161
8132
2045
15398
18434
15347
9958
6935
9939
16820
17304
9666
4941
970
10653
12377
14502
6049
279
1754
4594
12301
12209
2016
3318
12595
5309
44
8455
12638
13019
16094
18549
13740
7388
7178
12540
937
9570
5829
18304
10575
6710
16668
18112
1464
18225
6248
17064
17013
16467
834
7842
15884
13354
4584
2517
9751
18
9539
8893
12361
6015
9513
486
7026
5804
11268
16741
12443
12075
6275
5941
5263
5374
1247
18510
13813
5575
19125
14367
2378
2273
14623
14770
18387
1554
5406
221
4897
3561
9245
9577
16971
5750
3775
7633
18847
8776
10302
14924
8369
3858
10323
15774
17614
14511
10747
4604
7475
4512
8636
16618
11928
2883
10187
18169
1303
17705
9470
18055
7091
2581
3850
51
13052
2646
8344
6849
13520
18680
903
4070
16032
3642
12326
10781
4083
10215
11400
1020
8782
12100
11772
19200
918
3700
7183
13585
5710
1767
17751
13240
3007
14296
11877
4002
419
18703
17754
11006
2673
16220
12137
9533
19226
13742
16960
12011
4565
1736
14891
16747
4981
11292
3315
6581
1866
17862
3991
3548
5521
8389
9166
18718
2333
9907
13407
10211
14978
4990
3215
8537
707
17858
16868
14666
7323
10592
7242
6761
18734
15461
912
5722
8524
12609
12160
5545
17350
2014
13455
6471
18694
8144
8984
13486
14723
4348
6911
17510
7294
1376
5141
15608
6906
4513
17171
8475
6551
8542
9445
66
12621
19282
1590
18249
12803
10446
5669
17915
11725
269
5595
15859
12
3066
16474
953
6087
16080
8892
10246
16047
8420
2248
4414
12905
7732
13902
10537
11408
14588
15460
18355
12709
11801
15225
10837
14019
7316
18211
13292
17759
9895
19348
12232
1884
7560
12204
16090
3159
6721
547
17680
2465
12081
7902
18799
13691
70
4264
15594
9724
15810
18496
8679
667
10133
5676
12778
5320
13604
13693
18265
19213
16095
8283
4093
3296
2683
4888
554
12434
14520
17711
3161
14212
8720
14382
17580
12006
13067
1849
1420
12236
5441
16279
1066
3693
9927
13562
5499
5718
3560
883
10310
8136
6020
17495
17971
9372
1459
4974
9611
6139
11388
12409
5101
6611
15501
3064
5260
509
4824
3244
6986
9259
187
15402
1958
13406
11107
9008
12951
16208
12048
17433
3747
8943
13648
7053
3848
6521
14115
15121
14095
6753
16018
15130
9676
7669
9059
3988
1401
5934
13482
5256
6770
687
15014
17318
8751
15521
5825
3873
14157
5564
12556
18936
6482
13677
6416
10767
15332
13541
83
13659
18244
7117
15116
6386
9720
6383
1170
1931
9747
3635
15511
12517
6963
229
13828
5132
2926
10833
9901
428
3445
11352
4795
10062
17499
6232
15324
14408
2000
8863
5581
10182
3651
17562
11065
5761
13125
8929
12919
1835
1210
7199
6201
13041
12457
3748
15360
6492
11350
11571
14554
14092
3671
7699
6511
8641
11129
13599
17887
15288
2796
19367
389
6336
14688
19054
16517
475
11047
1932
6533
7466
7006
11364
14337
8257
3108
8424
16603
1180
2408
8731
16200
17816
17679
12344
4060
2152
4723
5348
11327
8830
5371
17528
14233
7879
1068
19031
10985
3504
9355
16365
16143
9474
9427
3138
17537
18316
4430
14910
1620
10846
7223
18581
4739
3631
10473
15823
542
9413
16927
1900
5412
14870
9685
10478
17027
566
16667
14458
16068
14414
12605
15226
915
2346
17853
5472
1132
7975
4190
16278
732
7241
19130
1669
9275
6420
6
12596
890
4019
7520
10615
5115
8171
10608
17881
14325
9885
10000
10506
9953
3667
16594
6362
3760
3101
12864
2788
17866
18323
8016
9641
3964
19421
18454
13976
6480
10538
4058
1712
209
15041
16189
348
8675
15206
9460
16688
8470
11224
4605
16511
15336
11431
3112
4119
4696
7086
723
14401
6826
2578
16795
18431
15469
4045
10388
11122
14443
10606
1683
13745
3921
4017
7912
16831
6964
2589
850
15617
5194
1854
1395
18000
13196
1441
16427
13724
9055
7222
1507
5560
10413
9020
7378
2478
13388
19071
4885
16635
109
15892
2487
10412
4568
7123
5258
11230
5648
926
10786
12858
15101
18762
10993
16127
18535
15373
8515
14290
17421
8663
14899
5203
398
13722
12888
7733
2756
10217
5500
15982
786
11442
15897
2275
11787
8230
13169
8174
847
13469
7987
18149
13994
9571
4985
16497
17505
14268
3302
3238
876
18997
18805
14015
7795
14715
5805
8435
12208
7427
3796
14040
10939
10960
9640
123
19145
7015
2226
2892
15080
8725
16224
16242
14535
4392
17719
4901
15656
11641
11889
1923
16414
5879
8225
15157
15112
5918
3252
9279
10621
1515
12266
5048
16139
11879
14200
13517
16970
5326
19060
4529
13858
16582
15171
14782
4782
17395
1080
4566
16117
10788
4656
13507
10457
5285
4970
11425
15606
4188
959
15797
10164
2463
16081
11493
8240
1082
2907
10378
2839
2706
16074
1773
11748
9733
18154
15541
6680
6735
16964
6623
10742
5205
10195
7822
17378
7930
12995
19010
6556
18850
7313
11946
18998
17961
8593
17629
2735
15761
15280
3450
13306
11677
184
17426
16062
11750
11180
18966
6090
14167
18026
15065
3948
18886
17007
8630
16823
16294
3506
5591
18672
13161
17837
989
15990
11458
14558
4084
2385
9160
18335
13894
14731
9841
15889
1757
14116
3527
3735
15365
10280
4532
2992
11822
13847
8232
9271
14777
7093
15436
1084
3483
15815
8108
17173
9874
7815
156
3618
436
10166
1962
10716
18621
15766
2257
6498
17453
3354
1755
10735
15753
9756
16853
18383
8566
15997
6352
10594
18588
15957
7030
18777
4254
12490
4418
13144
4674
17337
15895
9951
18103
4957
14644
8157
18587
17070
585
2285
5727
3342
18932
12530
6322
153
6747
5184
8968
10118
12812
13040
13543
802
13807
15113
17391
15059
4593
7909
16811
3404
11467
16360
11953
6147
16730
4693
11439
8873
9692
10713
3457
12150
14030
3977
16248
4644
3234
15361
19377
9567
9442
12492
632
11004
12313
15974
14711
18050
2915
9981
14292
14481
9593
8411
13416
18206
4554
9115
13281
12368
12514
4799
1883
5152
19290
13918
6174
9790
2107
12666
9732
17392
14680
7629
8835
17119
15070
5168
13756
2295
15500
11773
17417
5590
12345
4771
7075
9337
16680
18054
17325
17539
17291
14931
7305
8803
14461
2948
162
10497
6701
5319
3477
16331
9729
15755
14530
10624
8621
10519
8824
3894
11501
4079
4678
15160
17183
1480
8145
11786
16765
17578
14908
11019
4721
15520
10558
6559
11744
16745
12856
19154
3703
17448
6880
5344
2365
15037
148
14598
468
17732
12763
10753
18914
8243
17810
18416
18715
12129
8999
13415
2224
2869
9634
9061
1221
7764
10626
16239
13560
16664
3983
6271
11332
5702
17952
15201
15540
395
10973
8808
6648
16336
19284
1778
16818
3140
13316
8345
12369
5045
11134
8928
10235
4833
7963
15102
9142
15903
8936
7677
14154
4804
2982
365
6674
4921
3443
4299
14638
9416
19268
7164
8642
1298
12387
16538
16353
11842
3209
13899
759
12119
2051
10319
9226
15444
6952
2676
14478
4273
10442
2787
3012
8507
16205
17362
10445
14257
17907
17728
13149
10919
6037
14758
8103
16214
13664
10727
2838
14009
16723
9990
17945
15835
12123
18712
9156
5541
15210
9353
12714
13187
6889
16101
9201
15651
14164
11049
5687
9307
17802
17973
13224
18814
11370
11509
16140
17504
2963
13265
4889
449
422
14940
709
6539
11995
14701
6602
399
3344
5686
6437
15707
18435
10518
488
17671
7551
9646
2584
2139
15030
5090
10817
4184
12151
14529
17217
3087
8228
13743
6363
18727
6782
19317
9769
10252
17592
4417
13519
10887
3545
12533
13557
15051
18758
4598
10707
10351
16221
8727
12721
5823
7841
2560
15016
5130
16170
15285
13940
7421
14617
976
17766
7861
18638
12712
5244
4811
13366
15750
7041
10
13686
11506
11639
4174
15801
1937
10499
8970
1384
5880
7293
18945
9389
7886
7954
13698
15253
7800
11146
6379
17550
7289
4023
2293
11622
1141
9838
17885
2027
2575
7129
12323
10759
1616
16409
14650
3803
3740
2950
9979
16978
10774
11379
96
4335
14128
15409
7171
15138
6896
9802
3629
6562
5731
11237
18299
1477
3133
497
1664
7853
14234
9203
17794
504
17905
841
18462
1591
2785
1976
7519
9198
17193
17030
481
11588
4342
16812
3549
7172
12444
3774
17829
5110
5413
4930
11794
18536
4573
15760
3458
2416
80
4984
15075
18039
17370
8449
4239
7983
14032
17893
10475
12305
12456
2483
18442
10928
3636
15769
8129
4607
10836
8404
15841
10605
3935
11229
18250
6392
771
15213
5947
16045
5585
6317
9851
18628
5824
8397
2592
11874
17017
6458
15418
8669
12197
10060
1640
2662
8511
1214
15917
16969
12946
1878
11201
13079
12872
2021
14595
17789
8821
2703
16481
1552
10389
5913
14837
6488
19291
7411
12980
19079
11464
15802
8329
7852
19423
17270
8467
13247
12381
326
16385
4651
3856
2011
16039
17489
1928
16299
16929
2119
12116
15724
18064
10162
3955
15440
13423
18751
16884
1234
10306
1255
4646
12976
8091
15963
17259
3666
3070
10474
6036
8855
17521
3961
9711
18866
558
15518
1487
2527
3909
14058
7346
13607
9045
2180
6486
13736
6800
5516
3634
4311
14196
798
5665
10208
11401
3893
10485
16632
4278
9761
2724
7889
1123
19275
9863
9157
14173
3648
9859
9865
3669
1955
3261
17182
14280
19207
5690
12175
3063
50
9941
13477
12832
10447
1083
16288
3356
2964
13005
17703
16375
11583
6902
18660
4535
13397
19151
8255
9538
7195
1248
9244
12934
8789
9402
18498
18209
18612
210
12087
7578
8916
14336
5046
14485
2823
102
12260
13492
9998
10047
15231
15325
8557
7513
17635
370
2548
10896
10353
8886
6365
11878
3164
5820
12532
1523
4301
13267
3878
10136
401
15676
2240
13042
14298
13685
15910
13680
8556
7145
2932
11281
8010
8685
8860
16186
14239
15942
4473
7100
7528
5914
17963
17197
6939
3844
4041
8122
14380
17354
10491
9601
11736
15951
18723
5391
3959
5970
8147
9586
6312
15056
9243
6693
7811
12612
7917
17908
10565
15509
1802
5219
7186
8631
11492
17039
4492
1560
29
1527
4108
289
18570
14293
17475
18373
7559
10088
17627
3069
5968
17746
11037
1903
12617
7300
8216
11153
1067
14359
14512
12531
11545
7314
15181
7080
2550
10764
7498
7426
17044
7331
18746
1045
13653
12782
10265
7504
5566
4123
8536
57
13417
5943
17654
10676
17241
6692
11001
16637
5931
5694
9693
8788
12037
6432
1344
16846
12157
10945
10729
3172
3609
10645
8904
1114
6091
6473
4356
13758
9846
17126
17098
2230
7743
13044
9952
938
8439
18017
18117
14282
11646
4517
16965
2411
14858
3462
12565
8303
6039
16997
18427
4228
2136
6290
1904
19246
13360
694
15412
19376
10205
10479
58
5093
14258
15054
5876
11225
3431
11241
16420
13181
7599
677
1086
15907
100
5403
7470
5645
1661
17911
6566
19336
18673
17784
13968
5020
13431
6620
1564
2296
10968
17212
2767
14226
19211
4024
3519
3864
18664
7611
19263
17818
1695
15890
13017
3434
17937
4999
13049
3756
12422
12032
1832
16736
18971
2697
19287
8425
14018
12018
4871
4495
7946
2743
339
9328
6791
9211
9335
9456
5580
8878
14909
8677
2556
385
12636
4055
17648
7442
9430
14774
14156
7967
16147
18458
19016
4617
11073
15745
15851
19306
6221
8110
9546
4491
19222
13861
12056
6220
17263
10979
4026
49
7147
14005
6279
9835
7698
8212
15077
14137
7224
2985
17103
16841
13345
592
14462
1907
17109
9419
8563
2968
11513
12223
6916
1934
7988
7122
14831
9659
9342
7746
19146
6253
15631
2038
16946
1425
17690
787
4422
1039
16029
3492
1273
6433
14017
7877
10271
16315
13681
1863
12576
11235
11753
2040
1152
3699
13371
6759
2242
19111
5410
16589
10325
9992
16547
2884
2650
16767
1220
9826
6633
7107
16905
15396
18707
10943
18075
4293
7295
2645
7907
6745
639
5979
6996
9780
4641
18141
4788
2807
14453
13547
17059
16483
14597
2103
14207
6299
16827
6396
18478
10394
14710
10679
6284
15932
6252
13011
16778
3828
8743
16918
14533
7707
15579
5752
14576
8723
9970
3425
2641
7587
4244
15655
17042
1375
8046
8985
1177
7371
8922
3008
16813
14583
13215
1978
15771
4783
12551
10242
6675
18809
12593
3592
10754
17409
4020
12734
12424
17336
2832
12541
17991
10907
12078
14730
12079
8832
6695
15278
9831
16475
18183
15455
2291
6219
11740
19434
10806
6659
13941
4191
17506
8576
14872
12390
18698
14804
6852
4819
145
5372
5543
16092
18543
16166
11034
3926
482
3842
8168
13830
18314
9272
14799
7353
79
8938
4471
13626
18264
18962
352
11965
9246
3593
4545
11870
16985
9921
14384
13400
17083
568
18349
14660
5998
16512
8367
16154
14429
15362
16073
12724
13226
827
5142
13851
5041
3539
17190
10688
13590
12161
13837
11543
6097
1485
16559
8628
3331
3459
17752
14483
6124
19256
18555
2711
572
4925
10570
877
3495
201
12911
13368
19073
240
4865
825
4011
17390
2122
10007
12226
1294
6806
10830
17086
14479
7996
10458
1127
4848
6778
948
16337
14505
9057
10975
3192
11276
6529
11120
9385
3297
15718
17277
18279
18717
16495
801
14633
8291
11258
18423
17558
1483
16019
17598
7336
16634
5935
19242
277
18176
11319
2579
6787
14057
17898
1508
2974
1788
7016
3429
1789
34
804
18627
9308
8955
12000
9072
11361
90
10436
14465
7019
15683
2986
19196
19006
1219
19328
16601
9071
1734
10324
15565
10507
10376
12358
10699
19425
18409
12924
3658
4859
13771
17333
5691
13392
16349
16455
9817
3507
6426
11322
9708
6897
7723
18266
10535
2752
5270
17822
18048
5305
3023
12800
14169
5119
19303
16914
18481
17662
18369
15090
15379
14648
14524
8495
11128
11482
10035
13588
2671
4581
14130
12771
9864
4709
5726
11303
2278
2967
6150
13229
12262
15572
12932
8983
16782
6670
5775
16310
6285
3716
2951
11558
8853
14021
17997
10577
7652
5032
9330
12419
17144
11103
10226
4429
16056
6597
1006
14315
15367
8090
9017
18280
6929
15421
11272
8933
620
6805
1498
9266
3100
10854
6351
11660
13225
12141
14540
9232
15677
5328
116
13871
15811
16614
382
16729
14964
9924
8543
294
9433
3472
12016
2751
10971
2017
9007
14432
13880
597
7819
9015
15920
17877
502
17048
8064
16910
6294
3819
2120
18790
11445
17326
15172
8823
2644
19178
12342
2198
12920
6439
18066
9174
10014
2236
9857
17323
12752
18991
10366
8618
1402
8488
13238
9153
12076
17111
7896
1862
331
878
17081
12401
17593
6746
13546
13649
13762
12693
14950
10899
8186
1236
17595
11562
6155
10954
955
1092
14262
16407
1940
3905
87
11954
7799
17022
3236
5049
8249
12817
16218
13437
15472
6887
11626
3205
18780
3212
255
1672
15426
12447
276
7084
14729
11647
12041
7986
17096
7473
16383
10380
7865
9477
18623
9500
6995
641
17397
6795
18062
10022
17372
16606
10203
1970
15849
5215
5120
11472
6125
7538
18606
3730
3169
7159
14551
7704
4791
3825
5426
11009
17717
9356
14773
1751
581
11138
13521
12510
9472
17575
4483
16476
18682
16411
3916
12094
17238
17303
5440
831
6554
9987
8544
15334
4874
6283
10791
5144
380
17412
10330
2924
11959
5919
7277
226
10169
5291
6206
14023
1216
2439
18127
9870
15076
247
647
18864
11157
9484
19019
4628
4151
17463
8596
14059
2904
10346
3542
5001
19235
10121
3260
2557
5498
17868
12416
11096
13790
9079
9108
5169
9866
5664
16311
17407
5102
18278
7573
15754
16052
879
9935
3464
18961
10053
16344
10456
11371
10329
14230
15477
19395
5028
4420
18913
6570
7839
17386
15428
10356
9776
12475
1731
15214
17169
11782
8200
14635
9234
17834
4691
1844
12334
9265
3854
3076
12728
18650
5816
10352
11638
10523
8674
3321
7056
18952
17701
1943
12956
13706
5751
5283
6525
9783
11348
3924
14893
15235
15125
2906
11624
17185
14100
10867
17117
15182
1744
12009
6288
18508
6959
17040
4964
13382
13297
9383
10690
10610
18561
5092
15453
9365
16958
11373
776
10900
12572
4486
16428
14687
1353
12789
15146
8169
19191
6241
16262
118
10177
5796
6337
15816
16342
3749
4389
8109
5508
1941
5529
5854
662
16012
9630
14329
15346
10318
14653
9041
8037
17161
2709
3838
18163
248
2338
8142
13220
511
9518
13026
17508
2208
2498
15017
13377
8317
16552
18846
3553
9003
7454
7825
19337
10495
512
3195
7244
12589
17620
5388
8407
4077
12333
14761
6338
16683
14817
1217
6957
2670
10171
11232
63
1721
4213
1265
5310
11389
16828
19311
10233
8386
7639
17999
10982
18365
5567
17524
6678
18074
182
14627
8047
12852
2927
15741
14803
8635
19234
19260
3887
13077
13791
11707
16708
2144
15302
12240
6287
7384
10886
17049
12420
9486
5492
2894
3598
8887
11733
15685
19342
11448
4143
1326
10391
15972
12383
12062
18465
14460
9332
15589
3173
6560
10850
15094
4849
14862
14685
16543
18216
19206
11182
3936
18379
8561
1327
18888
4063
12035
16643
2648
12015
6346
9476
5994
15340
4543
4057
11990
14300
3120
6067
4217
6162
5174
16516
8165
10666
12839
5827
9092
9286
7073
10654
12388
17771
19203
1603
5089
10607
14390
11768
1382
13766
12471
14375
6794
16842
10293
14457
480
3982
16400
1497
580
18574
14915
4447
18903
7576
8721
15020
14053
476
15624
13882
9262
8894
18402
16320
4562
11420
8696
15530
17275
11368
11944
14327
12473
13398
18447
9652
19076
15114
1995
6418
1694
9217
4762
1860
19333
5866
271
6476
3782
19229
15117
9897
10612
4793
18770
17208
3191
3832
12053
94
16401
7960
6375
897
9717
4630
6945
8516
8763
15672
5282
16150
8280
18985
10101
1125
11665
5238
797
16339
8953
5732
6843
393
1268
17522
11621
3345
10926
18891
15098
13436
3390
7771
13315
7348
19102
18769
13160
12499
4910
14938
6656
12656
16065
6535
8056
16256
4111
10633
13211
14214
11330
6179
10547
3449
15105
6938
2202
1237
8554
11341
13860
4036
5953
10466
19047
2731
1253
11051
16719
17890
13867
15796
89
5505
4743
17204
11263
9111
16790
3322
14916
14538
4583
7846
1360
16769
10055
17747
16822
4206
12608
2847
4663
6033
5607
2287
8925
14508
16998
8296
9028
5467
7267
19198
10843
3279
1706
835
14189
19225
17708
18140
3732
18579
15698
12791
18525
8054
9241
17254
14902
149
9363
6509
12827
9311
11765
1763
7284
19167
4943
10757
1824
12838
6841
13206
1957
13118
1398
15934
19219
2395
17162
16825
3996
8704
15804
14490
11008
607
16955
12099
8796
15454
12508
12994
6062
327
13271
7880
14642
7408
13721
13508
13929
9033
14191
1130
8606
2651
5672
4613
6141
14442
18657
8319
1584
2872
17366
18230
18214
19411
12496
10857
10717
1875
14016
14368
3780
7114
14772
15028
16223
14202
6662
10765
10905
18879
18031
5833
9193
17783
8902
13301
1894
18848
4448
2569
15952
13136
10844
16259
3203
9581
11920
5993
8797
14121
19104
18168
14664
7033
9925
12829
15852
11963
16704
8839
12069
9562
16316
7196
6958
2039
3679
179
18597
16672
6390
5692
19426
13866
14562
3538
2
16753
4967
12307
19214
8501
13029
13974
1895
5004
9145
14672
855
11478
19393
19156
8959
4322
14838
7766
779
15443
8864
19238
3872
18904
8890
14544
14572
3843
2870
18337
5806
15585
593
19261
12790
15281
18464
18981
7642
7148
6833
3868
2969
7638
14385
9563
18681
14922
6831
8066
445
6142
17405
18358
12830
1499
4647
19385
14698
440
11884
13823
5470
17008
18993
13961
960
11338
1027
1096
14814
15850
16916
15189
16689
830
4879
7805
185
2684
3867
16775
16993
11321
7060
4710
9501
14000
7109
9722
17446
3799
