2237
9157
4213
2722
12473
11089
18072
14392
2877
18046
16835
12965
9444
12445
9795
11330
6371
8862
12416
16580
10771
1327
14380
8875
18154
14359
5002
8537
11880
4977
10857
5476
1640
16990
3393
5082
16884
14568
15489
14264
13526
15083
14048
3715
9588
4136
17260
7426
8080
2000
9228
16019
1199
4232
5998
12069
14007
3962
11276
8152
12296
11067
3423
10376
18088
18838
11719
9658
18017
12253
1508
12707
13262
10443
19015
2341
15384
2345
5767
13253
14300
2997
11707
19065
7084
16739
6668
2374
18516
2844
16344
12970
11983
3186
19012
12337
12080
2724
3272
19232
10907
18428
1376
10718
414
5861
13396
19202
17323
9458
10719
7193
8404
19196
6962
2926
16795
5686
8319
14038
15541
3499
12973
6365
11441
16967
5490
5001
12479
17881
365
3578
16562
8259
19431
19340
3214
6455
11346
11159
15723
6661
8755
5217
1570
12693
7961
8099
11776
13505
4879
1560
18786
7122
3439
2647
13146
11066
378
16064
156
15529
12851
13933
12734
15581
9065
18224
9932
344
4793
7141
10669
16872
14296
1494
18737
16234
18903
12551
9115
16567
13393
9627
7723
4718
10426
8018
11600
16996
12068
11507
10747
14624
4046
7033
6990
3756
2377
1286
17652
11335
7427
10253
15949
14328
3686
11277
18939
15145
10293
13468
617
2726
9028
3233
15893
7069
16735
11233
7017
1265
5930
16055
3133
16157
14132
15291
17510
1075
7850
8294
482
10438
1106
17058
5933
16952
8738
17744
1499
13097
17915
3248
3524
3315
7494
7998
12799
15908
8725
14198
12929
14599
509
17341
16887
15767
9632
10311
15168
8329
1127
6048
814
3757
873
17401
1932
6798
1441
16028
13386
17762
11263
14956
2829
18500
13703
12648
14215
759
15661
2139
16768
13549
1817
6317
15978
2706
10945
11306
7741
3882
4
18148
9379
15060
7978
13746
11521
5130
14276
4014
18971
17259
17130
2993
9080
19139
8225
12866
14327
8305
10925
18639
18741
18913
6139
5257
11108
8153
5060
10001
4187
10275
14717
1552
11084
4506
396
10809
2927
6714
1976
6998
15916
13717
1098
5649
3257
864
8945
1162
9846
13192
18720
7210
6654
11417
14722
10942
18925
8630
9189
8416
2410
8879
9884
8339
4786
8022
13873
5724
16500
6233
5271
16299
17426
18208
6951
8214
15847
8237
8666
13371
18669
13517
10520
8265
2198
14868
1642
16696
11486
17924
14115
4783
6263
18217
6805
9655
13326
2539
16767
17368
10422
9464
10290
19149
17792
5337
14546
4456
13881
10342
7192
17626
8587
10709
1045
14772
8064
12160
14507
11630
18723
11096
1554
14163
18982
7171
9800
5674
12960
2894
18466
10141
14996
8082
18306
13693
13227
6705
17697
11037
5727
3956
15580
12876
7390
4964
11009
2330
16045
16186
11828
1616
11284
17361
11002
14305
881
10866
14625
15397
9041
2581
17789
4492
17039
2458
9362
7504
16685
14668
9757
11235
1374
8819
11150
743
6852
15979
13637
15037
9709
1515
18229
15494
14814
10758
5389
18353
4355
7079
14952
3926
8751
9817
2280
6843
3212
17816
14338
13659
2654
16247
10274
15906
5184
383
10586
15180
2398
7888
2326
1466
17857
19362
9693
12605
14074
13147
1432
2135
8485
15631
5146
7452
12118
13595
16339
1298
8574
9691
5393
18451
17786
12725
468
14508
18048
1402
15231
14399
6132
7674
19397
6387
17890
13295
3793
2335
8314
4952
7576
764
2782
7473
17153
13764
14182
1202
10326
11121
14177
17800
4343
15777
15466
12664
1714
12056
4640
15506
12781
7378
14762
17053
15285
14934
4326
904
15034
3713
10636
13312
15342
8238
18942
12642
10395
9316
7374
10265
4473
1097
5173
1220
16877
17345
14180
12724
19198
16655
2094
14193
13860
9211
5456
2244
1895
7787
11850
3838
557
18977
16637
8776
16013
17889
14462
4563
14095
16267
2836
384
12461
7148
8291
18135
9798
3222
18670
7771
15548
11193
10609
18594
7689
1835
2743
12434
10867
9203
18707
18778
7910
6782
2302
8635
15357
2257
12544
11458
14005
9234
8337
9892
15162
7884
13456
3635
15599
326
9849
15115
18716
1256
6498
16784
8061
11288
5011
5591
11791
5885
11149
14523
103
14341
11466
3354
10413
1847
1307
15230
2180
3558
15727
5154
4975
7172
4943
5581
7038
10
1512
5460
9745
508
2234
7391
14936
1453
19104
390
4976
9187
7284
5497
243
7458
5785
16091
17367
10366
13414
16070
16870
9397
903
19287
16003
4921
11598
10875
4778
2412
6785
2483
1852
15935
13546
14332
9724
19147
17264
13639
11364
14672
6197
12211
10564
16978
2982
17344
12868
13149
17474
12904
13265
10450
15337
9754
7385
18650
15096
12926
9952
324
18519
17779
1326
19043
17940
7227
14124
19187
10469
3699
11273
14726
6658
17481
13698
1231
6816
10055
11013
7677
2521
9692
17769
18782
1697
12051
11384
17167
3839
10859
8660
18622
5301
7119
16080
12992
1274
158
5620
10992
4537
7611
17317
18160
6402
13856
15774
12486
17962
7057
5739
13626
9722
19248
17741
13706
17610
2506
12446
13055
19175
5291
1387
18086
18963
8272
16925
4944
5593
6241
7731
18367
8060
17066
18378
5071
8155
543
10817
8301
647
5800
10869
12348
6125
3658
12899
8308
2584
10005
10801
7144
18855
18607
2287
12326
5732
7371
7453
18712
4472
8937
3238
13944
14512
546
5470
8782
14635
13111
14738
13310
14839
14371
6211
16232
11637
250
14749
346
4051
16838
10127
12019
15796
3969
8342
15009
534
4671
8727
10874
6715
3136
15193
12406
19264
12164
598
3328
9389
5664
16528
7740
171
12126
15430
12547
18195
12800
694
5768
18298
9863
11246
15448
8557
2332
802
3545
17971
2653
2831
8675
6223
19333
16177
10788
4038
15719
15956
17276
12673
16966
15043
16850
6582
19054
4885
5544
349
11494
3535
425
8378
4673
16014
1788
16568
18835
14509
18608
7253
1626
8263
12054
12744
9144
12379
15017
17303
16657
10204
14335
10460
9552
11264
15445
14292
18612
16684
11167
14041
8273
16423
6076
10152
10292
10539
18545
15327
1103
2360
5232
10782
1901
3239
17166
14701
9650
3149
3563
11472
15570
19283
419
7088
18108
16043
10541
16087
5688
11004
14733
6833
10252
16413
5430
642
12161
2325
4465
8515
1904
3905
206
5773
15508
4287
12812
7043
13297
12284
12583
8561
5492
10731
449
18961
13078
4763
17638
9742
17013
12016
2460
7195
1335
11987
7421
5253
3667
9779
168
12757
7152
9296
18402
7196
16311
5282
3274
11840
18531
13965
1574
8886
17872
18563
12638
34
18549
4588
10620
4611
11555
4354
16199
2704
14729
445
12698
17262
7804
16708
6070
11636
7583
4651
11326
17081
4079
1270
8956
6312
17246
12963
15958
2049
12625
341
3138
5379
18799
5326
16833
921
17665
9783
15776
6580
14461
3333
2645
9531
14251
13685
12451
8171
6322
6885
2917
10070
2395
50
16280
17022
11299
1009
13340
18956
1178
9659
18750
11730
15704
2271
11110
12308
12596
12471
6486
6988
17432
10285
10538
18990
2655
10798
12588
9746
8168
6319
10061
8667
13300
15683
18242
13885
314
9127
10427
9710
12433
765
18067
12034
16086
11782
18827
15372
14671
10574
4290
1962
986
16349
7435
4246
12099
4519
8039
9586
7409
9167
4057
9417
10974
16499
4543
9259
16590
11979
16683
16964
5802
9445
10884
197
13030
5032
6861
1866
9901
7265
4249
7810
16905
6360
10235
2008
11604
16468
13104
7099
10197
13317
15511
4206
16955
10905
7902
11749
7181
9405
13824
13315
8728
1067
7921
6342
13734
8677
8110
18465
15902
6575
4969
13471
15575
11230
18322
4133
11787
7760
16099
6425
13903
9836
16754
4459
15204
8913
9593
8156
17642
18869
11248
16618
10193
13714
14633
1576
18734
14027
10409
6003
10177
9298
5719
17163
17759
3576
11272
5643
19131
19238
16351
18506
4966
14710
2883
9870
3636
9533
16027
7519
4646
18484
19289
8975
725
10370
4457
6652
15374
14858
18468
4864
6776
18836
9241
15897
3869
11784
9564
8887
18629
16338
16445
18847
14918
17089
13422
4485
8493
16402
9400
15101
18209
6357
8834
10268
2
5165
13137
8127
4329
17186
1130
3949
4279
15742
1383
18953
2477
18731
3504
10819
16724
8188
4612
10621
7317
5104
2518
6337
6858
5979
18614
19199
9752
12100
11595
14156
15355
15054
11373
13929
4195
14636
3923
4430
12380
11580
12404
15123
18123
11566
13776
14150
16452
632
10491
8138
8002
4954
6344
8455
17300
4580
19078
17340
2316
13115
9855
16886
17020
6761
13298
17271
18966
13351
10226
835
10796
4742
4628
3608
9660
18698
8154
19167
10752
226
17976
15233
14127
14099
16039
11912
16688
13379
12727
16042
3139
4307
8870
7047
14605
8165
16136
11674
17200
4739
14358
16279
934
16937
19351
10052
15475
1591
15383
13073
15685
6849
1563
329
10836
8949
13585
13833
652
13144
7143
13865
5965
11622
4416
5605
16741
1088
12680
8984
10424
7132
6127
5099
17766
10126
4093
10211
12003
15864
16290
4819
3189
5970
11660
17512
3796
17904
12888
14021
19170
179
3109
10222
1664
17530
15186
10881
147
8001
8980
13398
12661
18973
15879
17717
18762
15362
17556
19334
1790
10394
17923
948
2529
3084
14516
8907
10261
10291
9398
11125
10106
8890
18113
4493
6001
6553
3894
9720
7592
15109
4408
9063
8145
6351
4040
11564
12066
14401
11606
19142
2017
11286
10473
3682
17439
5564
13975
15454
5314
8352
10137
13497
16849
12385
5202
9075
14536
17798
2415
11428
12381
1669
12288
6877
8312
16175
5757
10319
2269
10330
15858
18294
11107
9230
10690
589
7406
13742
1450
15875
16092
8415
13391
18215
17787
11130
3363
875
6754
10515
16975
4803
3881
19426
15433
6112
1566
12608
7036
3659
15948
12810
13228
3618
15402
14082
11936
13784
3126
5956
17288
17860
19277
739
11648
13064
12347
14153
16494
3177
7742
3767
11537
1862
17573
2992
14282
12203
14939
810
477
7348
18304
17419
566
15098
5384
6439
4215
13972
16196
16561
4609
16330
2462
12937
18972
57
17331
12440
11513
4689
18619
3443
18507
2292
4140
16269
9126
11756
16194
16466
1124
17985
8108
17159
5555
2467
5062
9098
19099
5705
4482
6670
17624
12085
9016
14844
3291
7423
5655
17677
507
676
18038
15160
13466
7631
13566
16932
11543
19159
19079
18725
16766
15968
2357
16461
1758
16664
11621
17270
16813
10930
16642
1918
12123
6677
9452
3594
410
18100
11285
5046
17608
13263
9244
8893
4349
10950
9308
8231
17911
5164
5879
13787
2053
18379
7523
14051
8757
4661
18628
1375
1807
1785
17778
5348
6539
15076
5366
12948
7844
10664
18936
13478
14423
4602
9634
14329
14226
8364
10675
2190
18128
7851
4754
9802
16906
14612
12125
1723
3925
14495
13257
13910
11831
5900
7290
17887
4448
18117
8000
13692
6370
15122
1677
14090
16793
15239
9128
18535
6036
5095
4566
19369
4301
4615
15741
17794
14034
3245
13557
9332
16717
10360
12338
7700
10455
1346
1039
11479
17366
503
18964
14159
15302
18032
10023
823
5718
5691
13529
14020
16259
16032
7288
13947
16221
444
2932
10708
12721
18522
15907
2122
2650
12134
18502
11933
5444
3863
4888
14344
16542
8052
6503
7075
18253
2630
17463
12062
9514
12601
15078
16880
11406
3461
10282
18473
12455
14012
8780
10225
12403
15516
1409
18422
4795
17594
7076
16526
12517
1283
7557
15755
15766
11570
14995
14547
18157
2862
13407
10970
7061
8169
10686
14673
3458
8445
17781
17024
2708
2449
4176
6
12230
12151
1662
9094
12830
4916
7957
12222
1113
5621
2192
3912
12881
3988
12882
16444
1517
9548
12129
11229
4244
4630
12754
5413
17189
8264
10677
14669
18935
10943
6109
15442
16892
15843
16832
3546
15504
9894
18542
8650
2416
12618
6190
18454
7624
8228
6436
17560
8282
10645
14412
853
1416
3164
7964
5575
10959
60
9409
628
12928
5162
12489
7060
9646
3964
16963
16826
10810
4667
955
11420
18660
16057
19010
2946
10144
14524
14345
4188
3778
11723
17553
3848
7865
436
585
13769
11909
1966
12389
1364
7194
15760
18758
851
9181
2014
11058
14426
6667
13219
19208
10101
14069
554
8700
15618
17588
5219
11213
8866
5839
14543
6380
640
12668
6684
17041
7203
13183
1719
8338
809
6981
12075
6318
5134
17885
6166
12368
1949
7917
17783
7059
9035
1426
9025
12957
17290
15161
7083
13838
8255
11736
13653
2476
14932
13898
13509
17025
12712
11800
797
17668
4298
8789
17947
15038
1806
7498
9985
11021
2678
8674
12001
2670
15566
18691
8293
8820
18589
14761
8957
2719
6853
4931
7229
16628
16699
3101
4862
18051
16481
7930
7514
19256
4644
13035
12755
8939
2617
11111
18002
12301
1627
19016
3855
2626
19206
9694
14875
6581
13190
968
12250
14321
13943
15080
16620
14256
3484
13820
8527
19376
952
9982
9717
12590
3921
10067
2954
229
14891
19000
3684
5892
4574
4908
17073
10521
5142
11451
18736
2809
11842
18673
14966
3695
18436
240
7267
5585
7593
12746
3836
4475
6828
5976
10013
15608
19260
17109
5105
2065
15159
16842
15066
6221
8809
11587
6716
6600
13360
15889
8166
7478
13486
4930
18874
7839
17880
1879
1703
8689
16072
16104
14626
17679
16586
9913
1970
4100
8258
15670
16282
12354
11283
2697
9364
1825
12030
5895
8184
12078
15842
16376
9940
15047
15973
11710
9822
5590
12000
1848
17107
13890
13294
16960
5822
2295
12213
7332
10934
17304
17052
8854
14043
2893
11869
13826
17212
14542
766
6155
10774
1226
768
3830
18876
15443
961
7277
10789
10546
1577
1595
5918
16031
2892
1253
18251
4261
13935
15385
8187
4562
1155
19269
10447
9473
1111
14758
13978
7316
15353
18230
2882
3147
2120
6570
7008
17173
17286
17358
3199
4365
3023
5035
3399
17955
8261
10386
4425
7644
9017
8271
16447
10502
9582
17208
9482
214
7256
18462
10102
6446
12115
16361
9306
2368
5867
8853
7543
11945
18902
6218
18077
9916
5558
9726
6192
6641
16049
16365
18543
2429
2230
5971
16554
19242
1619
13573
3842
786
16411
330
15102
18247
1297
3561
7931
18914
6049
9072
9363
4601
10489
18583
3081
16556
1717
19363
2290
8731
5666
13275
19234
15789
13870
6730
4815
11143
6794
12084
7991
2790
18881
18316
2648
10899
10691
10475
13417
9246
2828
957
11419
16831
18387
10558
11007
14538
14884
5024
16651
13177
10915
7159
17139
15572
4729
6128
8348
3856
17992
18126
8048
16971
17120
10528
17251
2749
15070
4814
16845
17674
2288
1487
17996
19171
19209
15366
3916
3893
6757
15398
17772
10184
13813
5094
11523
15520
2869
13305
1655
6602
16728
1338
15888
4318
6428
6812
9095
10667
16516
16270
13211
1392
13096
157
10613
1447
148
10638
16239
14586
3122
13162
688
15156
17019
9088
1734
5552
1938
18240
7248
11247
11689
19109
3503
5108
2090
3805
9546
7849
13909
3463
7100
13525
1927
12938
9498
2834
15953
7323
2456
2465
18245
17291
11211
17289
17567
12138
15892
11509
15531
8932
14457
15986
11128
9217
6183
1448
15130
16668
12869
1965
18742
13791
2301
14688
16515
19349
15146
9874
9500
10896
17161
18446
18426
2098
16732
18573
18041
17874
18198
7418
4011
6963
14200
16910
1755
429
18978
7876
7860
17231
4887
17884
8578
17498
11508
3146
6219
16340
6587
9696
3873
14468
5421
15915
10256
7686
2618
1816
4252
14588
13049
8744
2739
10251
3768
2186
7578
4015
18333
17862
16970
7244
14239
17504
5916
18096
15450
11253
8012
10022
9581
10590
11693
10214
1119
7109
12009
9021
5825
8659
13634
17589
17350
11552
12225
13771
8045
12527
17578
16394
14661
7629
16271
17117
17564
66
14580
3165
6066
595
3741
16359
3306
4495
19014
8385
1748
6986
521
18129
6142
14579
8611
15626
10107
1920
6274
14216
7420
12832
13844
6758
11536
15178
10510
18840
13952
16820
16038
18061
141
7528
3669
3609
4982
6392
742
3564
1248
14432
7347
13830
9156
12042
2040
19155
18283
3035
2644
18809
9792
9599
17422
11060
18828
1197
18717
1446
14465
17813
3495
5169
15941
17129
1747
10348
17427
16789
18938
11117
3952
18958
10583
19124
9670
18682
996
11768
6910
16172
7815
15699
8842
4999
7299
2569
7635
15119
11927
8203
8715
9018
18331
8628
13485
5288
6396
7062
2576
1572
14540
10982
14576
3259
13508
7822
7653
15126
6033
7440
19030
14420
14813
6007
12686
16629
4486
18004
1841
10711
5359
8300
12502
6902
5565
11854
14984
17693
8772
17018
3748
12696
17036
1398
15478
18537
3872
227
9885
6665
3261
3730
4407
19335
15689
2963
3865
10189
16864
311
2346
532
583
13247
11926
13369
11308
16907
18143
19044
406
19023
7464
13218
18515
17354
13883
9728
8010
15458
17842
11944
9896
5264
2709
16454
8902
11711
6418
17168
16863
5703
17749
4812
12218
12242
9272
2833
7685
7567
9138
15055
13523
223
10722
2386
10689
12709
643
15411
7115
1070
2245
2312
5170
470
15131
12386
16679
14315
15676
8403
12500
10476
15412
10972
594
145
5572
3289
4097
13430
18064
11618
6206
18645
17171
6417
771
11760
4070
2365
3288
9057
16802
13854
19182
19432
17914
8800
5374
5910
1240
774
16676
14016
19115
10084
2112
3408
301
7055
13261
7257
10818
18662
13602
7920
17933
16901
172
1234
14297
8122
15750
195
5007
13781
18206
10832
16748
15030
7129
6222
11322
16865
9343
5692
8205
18284
16224
2557
3277
639
15314
11334
4617
3641
4067
8232
14269
12998
11228
7341
15312
12295
8779
16790
3538
3121
4696
5015
12778
17045
17373
14951
5619
53
4239
16592
3770
6406
730
12964
4951
9927
4436
14924
11898
18865
2074
4889
249
3283
10849
15164
1228
14205
6288
5568
6150
17571
17750
13847
9858
12823
16068
8439
1556
18476
10786
8017
1099
17871
16753
5410
16438
11884
1141
5270
12634
11281
3008
5449
2141
127
10842
10440
8883
10742
1854
14075
14776
1381
17635
17322
601
15023
7877
16174
16626
18592
15538
17502
19337
6044
18980
14840
18323
11725
9359
13752
430
14203
18579
7606
7106
8922
9022
244
18846
12614
11695
18111
7975
3142
13255
5954
3048
1990
4099
15300
13193
16686
7001
5627
667
3066
14611
16738
12349
9474
17998
15348
9759
17103
18661
505
10206
8743
4828
5863
14829
6377
15988
11401
9570
9271
1916
10964
10244
17673
10073
13345
8520
16750
18932
10493
16634
10679
17238
9939
16856
15910
14464
13406
8034
17803
11957
1373
10062
12599
16303
238
12293
16390
1390
861
18781
4818
14781
1757
14271
3191
1863
8935
5247
11700
1235
6907
19306
3794
18623
6058
3071
14938
11456
14519
18458
590
15313
16333
5554
8470
1649
13946
14649
13519
10949
16373
16777
19088
7291
6897
13426
4693
342
19261
14481
12046
641
8864
16976
11172
12137
10379
13151
9039
16662
523
19189
14378
5440
5041
3543
6093
4321
13959
17671
9949
949
5417
2119
8267
14506
8788
16596
1167
11581
10215
10641
18754
18059
17437
17611
12617
2550
669
6527
8767
15206
9522
1104
15274
1083
2872
10500
14687
366
1590
12156
3731
18984
14414
17918
16459
8889
4389
18514
6753
876
8447
5887
13683
367
4532
3984
11344
16550
12360
9951
1440
3151
4958
12923
5682
14562
4151
2785
13202
11928
17595
15463
2121
13851
5880
4185
3105
10666
4981
16222
8317
6883
17549
19276
13051
8971
13168
8091
17484
5829
15032
4020
3225
17840
17000
12713
9880
11138
2179
12028
18557
13902
4179
12932
15431
1027
18225
12235
7295
14293
11268
13930
11483
16983
9399
3721
13126
9304
15050
155
3172
15503
15894
18780
6416
18431
9751
8103
5675
2985
15026
10527
8848
4987
8763
10396
1802
6081
11999
2511
5273
500
16357
13433
7708
16114
8093
7414
5598
2903
4901
7665
6544
9026
9365
12232
16245
14023
17972
3832
5819
10989
19252
7892
4055
6266
17027
16450
14475
16769
333
17275
12426
10201
16927
14570
3577
2083
4534
4451
7175
3345
684
13203
11045
17444
4392
9100
3542
7441
19107
15351
2556
13597
8370
16569
17788
9537
6405
17888
6524
14088
4264
1994
14362
10770
15191
4481
7725
4830
18382
10841
16736
13700
7330
15062
15012
1074
2279
5751
17963
14631
7960
12356
4001
9430
17469
15112
339
16669
15829
16916
2909
7886
13026
15844
13766
1599
13554
1837
11443
17362
5834
18380
1408
18279
11393
18280
6278
9782
1456
13384
14795
12555
7595
8054
19190
14118
801
13633
14463
890
7314
3073
13481
758
2819
19062
426
16409
6916
8876
11350
11087
15486
610
14430
2976
14031
2907
8501
5069
14714
5243
11560
2675
1974
10623
17867
7214
16965
12260
14181
10995
19222
13483
2424
9608
10776
3553
13229
1682
17497
125
1523
6379
15952
3302
17062
15530
13067
1954
1586
3203
5904
18355
19395
4909
17541
19073
12674
19129
2860
792
4663
18646
17968
17818
4378
17213
9842
17894
8204
11407
13056
17630
1303
11418
3390
11822
5016
6650
2356
44
16397
4171
2689
1878
13607
10544
8274
13560
14874
14407
4004
10650
13647
18934
18962
6747
10803
976
4331
17014
1956
9953
3972
14637
17785
14121
10894
5999
13961
9158
638
9002
1580
3801
14831
13181
12383
1477
16714
14893
13644
11816
17390
10173
9690
19156
14087
3284
2548
5935
18985
2223
5991
15094
4677
19092
6363
12624
18560
4352
8087
6332
5433
9423
14357
826
10170
12352
5239
16583
4474
15134
7896
18340
15845
2953
12186
10485
17592
17007
11954
18142
5382
18915
16095
1550
12774
15242
16388
2382
17949
5312
11450
4768
4255
18350
17478
3935
2658
11388
17735
4454
8686
2823
1165
17446
16671
18946
15461
5909
7298
9385
10577
17655
15747
2222
12369
6433
9685
11099
16610
10605
977
13036
9648
5194
2399
14945
13246
2037
17598
3738
15328
15469
8681
16081
11684
16803
14748
4414
17609
11651
4955
746
8951
17263
18852
4278
5279
3135
14386
16600
3911
13082
5500
783
8452
4674
13427
740
4293
4012
12414
2711
16725
1875
5833
14294
4024
12845
17144
11601
10519
11241
17891
8651
70
6887
1767
6508
9961
12162
104
950
2117
18808
15333
8467
17188
13736
5375
7597
6663
10014
6626
5150
4026
13070
2523
10231
228
6566
13674
5004
93
1690
19113
6412
10759
14232
10547
10781
19117
17252
2048
11910
12498
14798
18848
8827
16713
11101
4932
10495
9748
17878
6298
4089
1217
5151
1096
5641
12510
13199
394
5204
11572
10984
3349
8353
4420
16036
9938
16107
6194
15773
849
153
2589
2696
1589
3166
3825
8873
15942
3019
1406
7200
11838
8882
11982
3941
2248
10421
18970
192
787
4277
16848
7183
16472
13467
498
7359
6072
14847
15616
7881
3593
11059
6550
10464
19200
17834
13531
17617
16519
8552
14429
9850
7987
14435
16386
15604
5770
1138
11426
18993
18922
14059
3693
19257
10658
313
12008
3878
6639
16894
16498
9446
6905
17599
6702
6448
2286
11234
18931
6696
4621
18262
1797
7800
13380
17086
4173
11065
18031
8946
10904
12950
7380
9649
7924
9320
17371
14173
6327
14736
1892
9966
1924
5252
1295
14316
292
11995
10582
19227
14058
12975
12652
14754
17450
3183
12305
7116
11251
16551
3975
2052
11303
8109
6032
10750
14393
991
10259
16294
6119
16840
3324
3573
16729
15221
2195
2839
18066
10535
17360
15044
14602
5993
17065
340
10115
11792
3797
619
11947
4138
1522
16591
13906
4717
17620
959
13283
3065
11012
15596
13853
4950
7278
11803
16320
13256
4697
7315
1363
11679
15995
10190
8983
16705
12994
9193
15667
15005
13226
3847
2570
13439
1804
6742
11169
3679
16871
7885
16781
14029
8884
7737
14826
15980
1354
3483
12048
16403
593
2656
19165
13979
10829
501
1168
15346
13191
11879
9907
13354
13575
16726
2240
6079
7711
14367
17681
7294
379
9558
15957
6531
3638
14622
19028
14916
14541
12454
3532
10844
10917
18376
10933
6179
13841
7669
17071
14583
68
6336
16395
17440
13756
3391
15113
6954
19311
18518
5870
8556
7422
10642
4312
10171
6000
5467
14842
18314
3344
7
13123
11421
8808
13431
49
14806
12688
19291
12262
9267
15488
305
16998
14638
13737
12076
17119
5917
1958
5186
6420
9239
8729
17523
11625
19339
10410
9914
6140
17315
3753
15219
362
8844
17961
2351
9847
4857
17408
6589
17738
1294
18496
12978
16052
15028
3601
14845
17892
8594
395
13974
12855
15701
10210
13252
3052
8563
12748
4582
6285
14947
12087
14079
11014
17614
15377
10237
6929
14249
5141
3613
114
2376
15015
7806
15585
12513
6560
18102
9998
4372
3286
18886
16024
1849
2400
4317
8760
11226
18910
10707
5628
9780
18745
3043
2300
5030
3517
15680
3247
14342
2005
15634
9596
9778
4705
5048
12436
18211
14072
11963
1906
6248
3904
11309
7642
11411
8448
9872
17771
12597
9676
13392
18941
5481
14743
1086
14696
7676
1255
3539
12897
12802
1725
12672
13330
6537
12407
11137
15711
16350
19140
2691
1753
13282
775
16881
8778
2807
11732
820
338
9877
12858
19262
9273
17995
2046
13240
3141
16231
19348
6043
15589
17471
3750
15323
14659
13186
14045
1559
14234
12031
7117
14370
16331
709
9145
8787
2879
17145
9889
5200
11115
4568
1302
10388
16185
19184
5676
8200
18062
5475
8970
6008
14113
19034
294
9796
12173
10205
4268
13968
7459
12839
8581
1489
17016
18244
4265
15885
19084
15286
11063
15321
10233
11467
181
16700
18222
13292
5873
3112
10767
10851
6862
4641
16470
8691
11673
5290
3482
18681
2525
5866
5209
6903
11267
8528
6255
6445
2208
16377
12345
393
9245
17725
3352
11216
18917
14323
1594
18732
14120
13175
6880
12622
1180
12974
13279
15746
3159
15197
7233
15838
16756
6804
6325
19418
15277
5103
13610
8007
11688
14711
7485
4849
7753
2578
14520
15632
9922
1123
3889
5959
8181
16783
8387
18877
186
12201
15721
19383
18453
2165
4498
11860
1842
10130
4086
7405
18276
7707
14046
16192
18098
3780
1328
9876
12457
4330
10026
12829
4511
3556
6413
18169
16573
1651
6068
10257
12390
6565
18878
6971
6245
13395
18408
6482
8840
8085
8665
19317
14569
9898
3961
13416
12410
11019
4591
18377
15761
6635
5624
5973
14503
12266
7954
13596
17959
17006
16383
6456
6549
6571
13270
14054
1089
14854
16460
15724
17587
3774
6502
13194
5132
16226
7041
18175
9222
189
10670
15051
17436
11583
3560
7950
12223
727
9510
4883
8083
13316
5541
9626
2157
2367
19417
458
12917
6002
8309
10323
12518
12116
4890
1603
7121
10448
25
4522
3196
15394
5493
9610
7309
3090
16073
7206
11402
17216
752
15999
10618
7324
11687
18441
14447
15518
8619
17381
4115
10007
13179
16109
7432
9012
9223
7031
4834
13206
7779
12175
6065
16360
18711
6913
3687
3219
10457
9307
11082
19377
18668
5854
17294
6939
15536
12052
11624
4394
6643
2876
10764
17558
6896
2277
79
15014
8129
5913
9956
18255
2641
2560
14753
11376
3632
7992
7492
14919
3860
8464
5503
17519
8734
2070
1133
18299
11532
6045
2349
511
17981
12585
572
11498
1562
7916
8721
7971
12058
7732
7190
15770
2586
14138
4947
3867
16936
580
4501
4726
6306
18918
11416
18508
14550
13528
18926
2744
8327
2459
7550
17896
11142
16841
847
2885
5036
14188
9347
1615
6675
6494
10887
17098
11984
16882
16495
4983
2854
2016
5111
15645
7025
665
10665
14502
10318
4165
14032
3342
13542
16428
8822
8955
5285
13648
5894
9702
17083
9355
13136
5319
10346
18596
18621
9242
10607
14910
2821
6073
16420
11120
16083
3209
4325
19398
9614
14929
1672
13285
12499
3762
8118
276
10560
8732
16719
12204
13281
13887
14317
9652
12271
8867
14408
633
723
10612
6041
13538
770
8697
337
17582
940
17423
10362
9013
19246
7007
7619
18447
6478
15997
1972
8510
4440
12248
10474
14459
13038
14591
2455
12377
6137
6870
5786
8942
3944
5335
18292
533
17095
829
8754
4402
14849
11147
16988
10633
12313
9190
8525
8113
7795
159
3093
8287
13908
9856
552
16366
15641
4984
13765
4972
18110
6879
16124
4130
8897
13339
10765
19211
16006
11582
5120
15020
3823
936
18633
7599
15656
4560
924
6282
15763
5534
18150
17622
2364
17150
5816
13453
15016
16643
7932
5700
12790
9449
5650
16641
5772
9178
15946
8810
4805
14086
2150
2073
12900
9725
10653
12942
8424
4558
18327
12270
562
15269
7620
11431
2283
16237
13690
4204
18981
15035
4210
3404
12004
13042
4083
13859
2830
5556
4017
14886
4132
5101
4643
14169
17030
5617
15624
16977
1969
12658
17206
13158
5855
10439
12388
10267
11976
9292
4320
10103
2021
14267
5874
14187
2845
4063
3240
13818
19341
6097
17258
3131
16281
17247
18366
11332
1514
17839
18359
3910
14066
6826
11182
17528
19344
11148
8157
9841
9825
12633
4840
13031
2850
13993
19116
8917
13397
9934
17793
13507
6388
6685
18259
2309
8960
14892
18266
6824
13989
18751
14986
10483
10060
230
96
2698
918
8806
16482
12419
9935
14467
13047
16992
5708
17575
7561
807
2994
12526
8202
6310
11526
16053
4546
3913
13251
16759
9451
9112
2939
4826
1666
5093
16427
2683
4856
16355
16510
8170
15176
5225
13440
8554
12307
5426
2308
11545
5238
19268
13543
15728
4391
12396
2270
7133
5320
15210
15808
1476
1884
16981
18940
7628
5669
14644
14572
2637
10833
13242
3976
799
14258
18034
3631
1592
7989
18223
3075
19378
8344
6924
9254
12995
16640
3292
1551
14968
4111
794
11396
1485
15834
13020
45
19197
6121
15965
2848
1986
12514
14229
14388
16788
11867
8740
3996
17292
2914
16867
13142
11795
129
6683
19302
1340
4504
5230
16182
323
592
4274
4471
11180
945
13579
8761
12907
13399
11738
17990
13435
14184
14500
7322
10157
9124
15171
16144
12463
135
14931
13220
1221
16274
35
7471
8450
4418
12681
15117
8427
14959
9277
7743
8904
12530
7308
17299
6080
11913
14740
6271
14532
11034
14862
14872
17931
1227
18342
1683
522
10059
13156
7699
14925
12226
13341
11958
834
15784
18703
11403
9479
14164
3955
12120
5091
5254
10136
1331
9401
4119
5158
15832
8386
14207
12361
85
16723
4006
3110
14704
3733
14530
7899
13225
17666
17774
16815
15500
16929
2144
16599
2816
12144
4610
1464
14809
17142
5040
15691
8631
12911
14551
385
1082
13452
9049
16336
16229
7155
2906
17708
8880
817
8182
804
4371
2861
16731
16511
3597
6299
8063
10009
5779
10512
7778
15237
3963
4874
13331
9322
6521
343
9895
9672
16077
3108
13530
11181
4691
372
495
10453
17169
16416
16458
9313
10726
1345
3663
12976
14050
5505
8058
9038
17644
409
11400
18448
12653
5862
2274
8885
13739
10624
1449
18890
9851
14997
5926
11590
18704
9055
17767
3651
9295
12420
14933
4897
6842
8652
9929
14261
14279
11539
5115
7327
4283
2967
13250
6284
9810
8839
10018
738
14529
10791
7967
6511
13740
6328
14140
15173
9781
17399
6397
71
14042
811
9096
13286
13207
14009
12122
17690
7383
18850
15869
9160
10191
18866
12331
3251
4974
8605
7641
14245
14544
14773
9275
7733
17326
17038
19267
7204
12765
6253
8212
1066
19083
19075
14361
15653
16757
12334
13555
19216
12651
15459
10329
9089
9819
3959
2311
18082
17477
11877
12405
12292
6426
18216
3169
2409
3174
6678
16636
11123
14100
16704
14373
18771
737
7407
13940
10310
12697
17522
13187
15856
3269
16110
2732
18761
18268
3434
9069
11813
2437
12358
16868
440
14288
16961
18485
13924
791
12024
11870
17152
6999
18176
18800
18929
9675
15202
2189
13806
18141
16891
10507
15556
4047
14746
19386
7249
3032
17462
966
77
6145
11578
10632
13209
15545
525
12044
14964
17391
14195
9058
12290
13899
3154
18632
11222
12783
1968
18591
14680
13498
12485
18249
9427
13889
17739
15797
6977
17817
5431
17505
8572
960
3599
2043
7908
16928
11
12333
15240
16782
6938
8244
7048
6529
1438
16225
6386
19237
5537
8796
11293
7772
5948
11918
5571
15179
14836
18003
9615
11501
10179
9550
16625
9406
8930
1341
6759
2565
16538
15698
15075
1935
4106
2961
12444
15896
10373
10468
10164
9865
9997
5659
11820
16711
2293
15128
16467
4499
4500
5626
12636
6293
12210
10734
9835
13015
7356
8393
18829
11224
8512
10511
7066
10873
16158
4217
18839
11530
19047
18656
17705
10706
1864
17703
6123
16847
14697
15182
1738
7408
7489
8303
10649
11765
15194
17207
16253
1600
5017
13976
14324
9083
2184
8625
3275
6806
9371
1
1314
3069
973
7512
18653
12612
2687
12537
15883
6242
18553
3153
5740
18960
7813
13735
4861
15521
10912
19270
16582
2116
15899
14469
726
4761
14725
17307
17987
16565
15209
6710
4956
3645
11824
9639
11540
13352
19146
16204
17755
6618
5296
1623
4865
5777
12914
9838
9463
2859
6287
6212
9666
17448
2562
11068
15022
14555
6383
5259
9490
4433
13016
14196
2103
2361
7363
4545
7809
10024
14385
11497
3359
15325
15963
10327
3837
13308
219
12097
3791
8685
5567
6562
831
19405
15108
15846
7879
11733
12789
12539
17005
17092
12197
9008
4385
15594
9697
3566
2608
3012
17283
15363
13059
14364
9454
9093
10380
1503
7222
15837
19076
5386
13099
113
1614
19427
13366
12166
1656
7816
3520
10629
15061
3724
10433
5102
15602
6906
5516
1612
7176
15341
17865
5853
17838
1480
3421
2898
9948
2191
16078
1694
5632
11857
14900
10900
13023
11807
997
18801
16496
2322
14817
3471
4021
8275
19434
32
6117
9981
5645
8690
10674
5795
5468
11753
19266
15859
272
12180
18084
14254
2549
14340
8906
5836
3448
7587
5526
14909
268
1728
9831
2038
112
6823
10753
13350
17536
14011
1896
3789
5792
16484
11878
4000
1069
4647
6745
5576
9121
5745
174
18790
13185
5922
15455
8569
3429
8465
5787
12259
5610
11189
12102
5215
15526
8511
12497
4483
10610
9539
4228
16512
19102
16150
16540
11353
9436
12714
12977
18997
4356
1455
8953
11937
286
15775
7372
17734
11639
10594
14443
15376
14667
17782
772
8295
5028
7659
1279
4319
7766
18
4098
2071
10773
7417
15226
3668
10458
12478
2812
14603
11568
8149
58
11183
8943
13583
3533
8420
4380
4878
19166
17121
15873
3828
3903
13828
3858
17893
11174
7589
15386
10550
14460
17412
14556
17964
12315
387
16088
17405
7647
18000
17447
7715
4381
13722
5837
4107
2519
14833
16400
9279
1114
15104
10736
7028
10968
6497
13041
8748
1290
3799
6735
7493
14312
1528
15798
10996
2136
110
18554
309
3675
15527
3053
5607
17417
11415
16200
16012
1063
8090
18588
1490
7539
15868
354
11072
18349
14375
5542
5464
8795
9372
2535
17489
7086
1356
17190
10063
15244
15150
1454
3781
1670
15532
16995
11112
6481
15681
915
14351
1201
16775
6256
12553
17836
2212
3280
14092
5582
15740
16094
18385
19265
2662
14685
11931
10525
8067
14368
94
1401
14387
9383
14651
8024
15319
17596
14304
14796
14805
19192
2756
10639
14666
18721
12695
15345
732
7969
7499
10452
8979
4631
4938
10037
6831
761
2482
7370
12946
16143
1479
17948
18896
10772
14861
9172
4740
14076
3120
11594
16341
8471
212
14280
14186
9252
14623
15375
12240
1881
12565
7983
19224
13293
2478
11382
10459
3948
1593
13677
7272
5340
14922
7456
2423
3864
8835
11031
12209
6525
9739
19409
16208
18308
10486
12947
15091
17028
12464
18820
2887
18879
6459
12702
8649
1342
18352
11969
2998
2296
8670
1223
654
422
17628
3428
3039
1076
19123
12002
10444
5775
18286
4184
16812
8964
3431
8304
5205
6513
6765
14597
5089
11677
13611
4172
2077
18664
15849
9114
7518
13236
514
6642
13502
5392
12330
8492
9032
17751
16974
3523
13664
14816
10921
18275
11377
8749
8759
1687
13582
8768
14921
14808
5543
11252
1222
824
16563
4798
7746
9033
17723
14128
13469
7333
17369
14137
6270
16223
8230
9480
16615
798
11173
17404
15090
12522
13606
17384
12038
7305
488
3331
1359
13075
3236
87
11186
5796
15299
8716
4041
15257
2336
92
6291
12157
12720
10255
16560
4743
11847
6625
19067
2305
7748
7297
9221
6037
4517
1382
14162
4593
6289
731
9561
14214
10053
19019
9159
2652
15795
18348
14390
7419
8701
247
5256
3489
6659
9045
1963
15416
13726
14902
9328
14705
5305
9947
12940
1275
17957
7691
3795
1553
18278
2299
9667
6415
17277
13810
3326
8489
4829
17357
12968
4036
6432
18140
15606
7274
11232
18043
13095
6350
4513
18151
16302
12728
353
18267
16093
6606
18285
16315
10860
8412
1150
14263
4656
10224
18153
622
5244
13747
13182
1987
19233
14962
16148
8174
10971
2986
8597
9368
4579
14801
15831
12041
12540
18383
18114
16574
448
7235
335
1412
8046
17927
2369
648
2817
3629
5168
6746
10523
2955
13982
10408
15027
10746
14116
1257
512
17443
8395
19191
10149
16897
1005
16993
16958
7293
2151
10784
18409
12437
2684
17355
15805
12610
16923
8240
4357
3810
453
16276
8040
6101
18710
11946
17194
6098
938
13815
16401
10249
7861
7491
19323
16765
14442
7596
550
16363
5711
1764
7335
15802
15379
300
9078
16546
9027
5651
16133
8136
11922
10975
10955
16112
11445
8636
16702
6077
18478
15428
18226
4077
13388
2563
12397
8812
18919
3076
18498
5823
13855
12
2224
12094
16166
18792
12905
3751
14882
3322
14486
5255
16202
7107
18414
1132
7615
4023
1620
16325
6490
14026
1510
15370
7070
16367
12015
865
14727
6738
7841
2201
16811
563
11916
12384
6434
16911
13489
6091
7187
6925
5129
9052
17012
10404
7790
18976
5914
9535
8235
13513
3487
9062
4248
1433
8908
3639
10744
10378
10687
12243
13609
3887
7034
19
11051
13808
19326
8568
4245
989
17442
3990
10367
11796
13314
9601
12212
18770
277
10961
16127
13941
18481
15816
8661
7600
17055
15571
5346
10509
16412
6721
10042
14191
1497
1934
3868
15198
17958
18238
2649
4461
10570
476
5152
16836
1110
11794
11709
15672
1704
1496
2804
11960
16021
13421
17645
2660
19207
14084
17664
13040
18574
13691
17712
649
8591
15934
5050
9227
6957
3313
16536
2615
11446
4190
9928
4942
1860
13383
3040
7811
9043
160
2908
17640
4090
7490
5508
644
162
4880
18056
14490
13105
16780
11127
6807
4565
3045
1216
484
6638
11282
11562
13954
18536
15340
12064
4029
7123
2242
17126
17386
17475
7413
3252
1115
8055
16917
16918
5716
6466
8680
17261
13408
13896
10980
19235
5191
2948
14715
12302
10657
6836
1791
3318
5644
3734
18510
3124
11044
12516
5009
12621
12738
13473
16914
15205
7701
3694
1839
9361
6090
8413
10217
14456
7153
3202
14015
10627
8798
17802
16778
10712
2408
16284
7946
15418
7384
502
15569
10902
15264
17951
15324
1953
4338
12892
4118
19032
885
6829
6656
2045
19243
8276
18207
4772
17654
4911
11126
1247
2871
3716
5528
8421
6099
15870
6170
6308
19004
3758
12880
63
1736
13812
18049
17939
13867
173
1740
14937
18093
6763
2152
17593
3192
2282
5354
19180
2470
6727
2751
450
4370
18718
18637
693
19218
4316
12408
4466
14820
2420
8742
14013
16957
1236
3707
6338
18193
10132
14189
3776
13835
14907
7966
4299
7853
7124
9437
19151
825
16364
8216
19085
16334
15591
13267
3373
18530
2787
10337
3472
1712
1313
4384
4219
9574
18905
1305
17514
17572
15638
2579
1739
19096
10412
19077
14505
2430
16890
12490
2956
18398
4775
838
17044
16588
14403
2484
11668
19127
5293
11846
6015
13516
15114
10619
11690
5805
16067
2938
2651
8720
4810
17178
6391
18413
5774
14955
12556
2193
2575
18550
13604
1483
5307
3193
4174
9180
6564
10398
1120
5876
9925
11665
6946
867
1940
18309
11516
5545
11746
6403
18360
5097
3242
11338
17147
8830
17162
6912
11788
17064
3246
7738
18805
175
4594
2500
5177
336
16823
9987
14539
1582
18260
17662
12595
6788
18192
2185
6201
4345
841
17343
4163
18907
4721
13014
2974
11298
6398
16497
15863
3843
7404
1353
11705
17701
5752
12508
12188
8803
3646
11514
12081
15932
6390
16354
12846
16733
6141
332
3965
15409
11493
9262
9338
18992
7271
6349
2497
6701
5903
1370
2933
19031
7988
896
15013
1435
8425
12239
17141
17943
16501
11351
5931
5332
16220
10121
9152
2979
18482
11185
897
16327
8985
14416
17329
10506
14212
13000
7326
8147
8042
9979
14306
1815
10969
435
5949
16827
13178
3311
12443
513
9174
3922
9911
2115
19420
19177
2289
7858
14325
1084
7228
11609
29
10741
3701
4863
4759
2786
9607
8644
16105
6840
8648
518
6340
5313
7764
10729
11444
9335
7763
9866
9640
17568
17217
1931
4556
15852
8793
19332
8926
4598
10209
13304
3092
15332
6597
8965
19080
6252
12244
5648
6825
11380
9687
767
16969
9319
7006
8321
4684
15621
18709
6827
15282
15369
16418
2542
15350
100
5978
6854
14389
4998
9501
9756
15349
18954
5360
8126
16701
6174
8540
1547
6622
10364
19134
7819
16023
4762
2229
2775
10847
2520
854
830
12564
10625
1584
16385
11319
7846
13492
13484
2291
8959
16062
3188
15982
3555
16117
6579
1385
7073
13278
4092
3096
4211
6151
10280
1391
4957
18389
4970
845
13655
17997
16487
5672
13329
10208
13636
15373
15573
2973
8577
1611
7727
10240
6238
11327
4109
9512
2418
16384
1900
15801
9882
18326
12145
7191
4690
13686
5452
13894
18688
17830
391
7163
7243
17429
15365
14262
2517
4212
4920
14905
13882
9334
2742
10868
11591
16441
11930
11943
5595
15139
5472
15610
16256
12739
18273
17649
17239
5258
6385
14018
2273
8783
17835
2498
15165
4827
13124
8401
4281
8523
6536
2947
2434
5911
8031
10824
14616
14751
11258
9875
12107
9433
9989
9733
8592
280
12274
17146
14448
9475
1660
11585
16507
17458
626
13155
895
2507
7705
11118
15605
2731
16142
14470
3531
17945
12285
10727
868
11573
10837
8435
1782
6200
1696
6476
13578
8542
15251
2723
5875
712
6636
7026
16924
17043
4962
3790
11743
7455
6554
18740
14174
10497
11404
8704
16056
17975
89
17680
15650
818
2411
5231
12057
17090
7687
668
3297
7551
11468
6144
16165
9859
8832
4333
8330
16476
7164
9412
5722
347
2638
17472
5068
11324
15745
1407
16332
10203
12506
6279
18647
11806
3335
1680
6362
7591
4871
17279
4439
12482
14218
11973
15786
7724
19258
17185
12237
11748
11706
4467
4084
16337
5798
13008
1193
2745
4102
913
11176
19380
15158
3438
15339
9374
18330
14950
11644
3549
17108
7734
7827
14645
677
15753
248
7379
2340
16873
1555
271
12576
9864
4854
16537
4027
1268
12005
13367
14852
16288
3700
18368
18636
16310
6703
7648
9993
4839
13665
12359
18328
4260
11843
10661
12496
8925
18464
2162
16209
16866
8277
8475
9912
4105
9206
14554
11389
16275
16545
5677
18270
7218
2613
8140
2583
15344
1169
9970
6419
7513
18068
11741
540
11370
10617
15303
14417
13346
10286
2177
967
5550
9503
3296
9314
7399
1937
2084
1139
73
10313
15954
12954
13534
16374
17370
17174
201
1844
6020
12619
7770
5412
11474
16648
12541
13971
14208
4335
12935
12798
8769
11006
15056
289
2902
4030
14298
12827
14489
16493
8313
18655
10626
8948
16392
14166
12922
3125
1805
7102
7368
284
17132
8246
11122
12838
188
8869
1128
4073
8356
380
12682
17336
14286
14790
2421
5827
17691
3300
373
10766
2294
4463
14609
12804
12762
11524
7776
1876
13131
8111
17846
12320
2344
2226
8451
19381
1951
17905
3457
9637
17810
1812
12154
17232
8724
8633
12791
19038
10713
11381
6662
1903
16898
5958
18390
18952
3103
15040
15586
9149
1046
18570
1795
386
5344
3621
12449
578
18787
2019
8030
10986
12411
14320
9348
16843
12872
3802
10090
1850
6800
13160
14287
6169
10662
5560
9337
10735
334
10125
16755
5178
3488
12807
6786
13045
2007
1073
18127
9721
8190
12357
10442
10159
1156
19303
8814
1765
7223
16147
718
11383
12936
13327
3356
8642
15077
19169
9996
7623
17932
9483
19342
19178
2915
15509
8056
421
606
11558
16920
1686
2324
15421
109
15001
18191
10479
2451
9153
18026
2321
13676
6009
8217
12089
11908
8683
98
3954
8038
5010
7754
11901
1154
30
11805
11049
5563
15453
13043
14768
19282
16115
5940
9176
17637
10216
10088
136
6346
15675
17565
7037
12343
13044
11588
16570
568
8160
5143
9619
728
2965
3372
18335
16543
15039
12919
7145
2547
11646
4292
8023
18471
542
7416
15886
8679
15033
15415
14372
1379
3936
11713
13436
5580
7994
8473
16654
19229
18613
14337
6281
1652
16483
15743
13743
17076
12656
12908
19225
17627
8617
9749
4910
12312
8074
15582
11331
6273
13712
17128
18250
16985
5377
17226
17236
8766
5327
9790
18832
13631
11210
6473
2175
9673
4629
15116
1770
9175
193
15543
5934
16227
9576
15308
8457
631
9689
12580
14004
1429
19294
11255
7855
308
19110
8929
10477
8575
194
3100
3924
11372
2847
13880
7808
11056
11375
15288
9761
478
13381
15969
14526
9704
3720
18449
2911
10025
14033
13152
41
17950
6551
5411
12207
4710
2439
19371
7926
8802
912
4123
13809
4397
16329
11429
5371
15387
1775
13798
12202
6629
14660
107
17908
3787
1020
9983
3321
18233
11904
9353
16184
862
8747
7054
8125
5358
6294
1520
17048
556
16959
17243
16029
9602
11368
17499
2760
123
16980
1306
3507
2788
2058
10783
1170
14899
9577
18495
9330
452
5416
14230
18640
9624
9443
16846
9373
3877
13709
12045
15018
12037
10716
18624
6014
5310
7313
12918
9743
11158
2433
2729
19328
8992
6283
19074
9502
4233
14485
18052
13443
18873
11008
14397
17926
18777
10466
7560
389
10030
18264
9573
4234
3070
17973
10415
7577
11073
10754
5548
3226
1507
17870
10163
2733
13561
1459
1444
17641
13358
10516
19425
7573
10278
1789
10835
6094
19231
9612
69
5670
11035
8148
51
2896
12894
15880
7289
4851
2163
12018
18555
19059
8115
6461
3680
1125
8481
4146
4919
19091
8940
8297
2236
13487
16514
16524
418
11657
1312
12803
13514
15925
13874
5112
3329
15501
5977
5092
16658
6947
16585
14617
3000
13794
5080
13089
9413
351
7580
8069
8756
6653
2512
18039
4853
1979
18524
13077
7869
11175
16997
16103
15830
5562
7526
7433
3530
7015
16694
7673
4748
10351
11190
1744
3917
13518
6630
4148
4596
8006
18882
14629
16462
4410
12082
16743
15192
14557
9092
13656
14265
15895
9219
1337
16066
13684
3293
3850
7226
17118
12035
8815
6188
16601
11471
4405
14161
4526
10250
1749
7067
9265
5513
17023
10534
15185
1395
5012
12558
6878
687
4310
6956
8845
1182
4149
11770
2253
8191
5435
5665
16193
12065
17886
16632
16698
10893
1995
7821
7633
5661
12561
6980
4652
14650
12909
5843
5100
2463
3425
4432
18975
11316
9007
15361
142
18183
17965
2727
8507
12208
2264
12362
18597
2504
3244
3360
15874
14483
3598
1907
13140
15890
9107
10804
15099
4348
958
17230
19195
16425
423
14980
11492
18182
7225
5422
8618
10504
13861
382
9491
16352
18634
10401
15025
3058
17414
10108
9387
12494
1872
18949
1836
9154
7336
10383
13216
3449
12771
8351
17977
11511
6787
16649
7010
7331
1548
10988
475
6182
16407
12316
3049
15962
4570
9991
1343
8641
17826
6687
4045
16417
5906
14499
7213
3215
15184
11323
5925
11950
6733
12376
9497
16295
15276
9524
370
7454
19071
10047
15664
7986
16883
11889
17379
12532
630
3195
1783
6774
16139
2204
3134
3536
10966
6063
13858
14510
12944
9375
3205
9087
17537
2082
19313
8436
1843
15590
6547
13086
16645
14595
3229
16740
9544
3870
1147
9377
16169
8544
11348
5941
4906
13816
16424
3317
2945
4059
2867
17917
13034
1277
1999
13775
3900
4514
8663
11392
14718
10834
12921
1183
11826
14663
11480
2391
7142
18930
5761
3596
6016
17853
15850
8142
8878
182
6171
7056
2962
19106
4489
10852
13368
8335
15287
2197
9162
17327
5838
17506
16552
17692
793
4584
15629
16589
14915
16950
17395
13599
8999
11145
4925
14479
15855
14865
6974
17897
597
18679
12760
199
13005
2802
8791
14823
18831
18435
10946
13415
18351
1853
12980
19130
13986
4121
6275
9061
10182
3592
14521
12891
6791
7755
11811
4638
14627
12719
5947
1750
8349
5961
5658
19098
10254
3140
10389
19292
1136
5845
1131
3459
95
8324
11394
7859
12933
15811
9954
17863
11179
11786
2390
6706
7962
2061
5446
13701
9141
13482
3977
4240
1745
11257
7188
4581
9042
17082
6110
19400
6472
2492
14117
15360
992
8589
5738
16703
4859
11050
7735
8627
6464
15235
5557
15002
3173
8968
14130
4595
7704
12683
9763
5538
999
2510
16727
6087
1859
18319
18432
812
4779
15884
1092
1539
18674
1519
11774
14642
6620
8402
2105
10021
17079
6458
11626
10825
8516
17551
16948
18480
15144
17318
10087
10985
17393
11823
11460
176
18214
9117
10730
13630
11848
14482
3358
19021
11141
126
6057
7537
10830
13499
7358
480
2350
5736
3942
1621
16594
4235
4491
827
17552
6232
17718
1754
14336
14598
8037
6935
18228
3630
19086
5968
9992
8762
10739
9000
6838
19345
624
6979
1822
5759
10128
2050
14739
1661
16260
1215
3616
7091
1731
2822
4273
14285
12678
19438
11923
15756
1430
12011
6923
8923
12117
12920
4178
14275
1461
4848
5953
8411
208
15053
11151
19423
5086
17925
18199
8365
8863
17667
2088
8462
1527
17191
19275
2990
14427
6156
4225
19022
17715
15216
887
880
7401
1780
662
13472
12787
17070
14478
15248
12017
3819
279
12959
15100
3418
5197
1564
14525
607
7445
9261
5679
7638
1273
7607
16479
4496
7279
5704
14695
14682
14563
10490
16211
10721
9513
14352
17382
18090
19391
15718
919
8247
11342
17819
12234
11641
4056
17539
18888
12742
5163
9342
4965
16946
2735
11571
17035
7250
19213
15688
2904
6876
14259
14734
7064
8669
9119
1588
17722
13681
17747
3852
9184
17424
2435
18338
15129
17485
13801
8444
6985
3853
3567
11301
18675
9747
4799
5642
12931
185
18075
6124
13390
17257
9714
18950
13222
4276
7114
18491
14017
7388
12679
481
12114
7756
4417
14770
13122
18269
2784
13758
14767
4364
13731
15059
8588
6236
18738
11647
18746
16451
1360
18773
13273
18699
11439
13423
17353
13400
11448
16862
11744
1898
1414
8137
16888
19125
8400
1997
10850
1941
15878
9484
1152
5919
10518
18638
1823
3161
10220
776
10008
13649
2499
17096
6480
18580
9226
15806
2863
2372
13477
11076
8438
8773
8541
14785
1214
11092
17745
13233
14494
16431
17633
1834
15103
9715
9053
7845
6226
13918
6959
13932
673
910
4305
11459
5681
2278
3057
8201
13863
413
18534
753
5633
18665
8132
82
4403
4800
17921
3876
17075
18365
8841
16018
14418
13118
3462
18416
14101
11366
17268
5447
10922
5710
7852
17719
12951
12323
4875
17380
327
3260
4723
12930
8668
19408
9917
4716
1998
10821
13271
18654
2774
16090
11005
4993
9336
2673
16421
15064
6178
14257
13092
5687
9392
1173
18581
13150
4540
15597
14228
2957
12865
13243
15024
7730
17029
15964
14219
3029
10606
9380
13565
15540
6526
13524
17833
18630
10751
12741
13264
11534
15444
3854
1006
17337
18627
18860
13167
4254
12785
12873
6262
14708
17906
9814
5329
4789
16919
10077
620
14405
18196
8551
2051
1993
13235
2752
7571
17822
13224
1350
2996
7864
10854
12413
6292
7717
4124
10306
3198
10357
19157
18684
14652
5406
5871
11559
10993
3486
3367
1894
5187
7137
15799
12370
11356
4706
14148
17562
4507
3087
9142
5484
5717
14774
9030
14268
12432
8596
5391
11231
9470
16962
18951
14425
1320
14220
11949
4728
6931
14446
2657
7684
17942
12604
149
4374
19307
6984
11152
11166
2631
3548
4816
11525
3929
10345
3735
209
11238
1721
19154
1820
6993
76
8664
11517
16672
8050
7698
18132
7781
9476
18144
6487
11772
11312
15154
5203
6149
1436
10071
15279
12893
13357
6889
16691
3450
3760
18373
1867
14278
1504
11956
16189
118
13777
11053
2905
14702
6933
6500
2951
4990
14019
6832
2720
18239
14270
12020
13301
2627
5888
17724
19285
17088
15452
8576
3652
18635
2969
16449
10676
4571
2585
13463
4476
15867
11727
2832
13444
17557
983
6011
11737
7848
18609
14679
11134
6628
10542
17850
11959
16442
9708
3420
7497
8463
119
10717
16246
10405
10344
9879
2931
15865
14750
6533
7211
18505
18163
4895
3167
17960
2532
6631
9419
6335
14870
11201
9136
4831
13727
12843
2540
9059
184
11613
15125
8931
9015
1420
2182
7470
15810
1573
17378
13280
10701
14810
3
7744
12150
6339
15752
2813
13995
15961
3063
90
7802
5781
11295
10928
12857
17966
3804
16375
14994
8824
2664
1068
8220
15769
18047
13025
19393
4583
15912
13942
9208
10561
19240
8833
17407
9056
12375
10281
16381
17415
3654
13871
13389
8278
7442
17351
754
8536
615
5098
18525
10478
5671
15019
8874
11453
18672
8804
7162
2004
11546
16170
5860
9139
18562
2018
4275
10614
17986
7296
6519
12153
1451
5728
17445
9641
7393
10446
616
10272
6535
6451
10371
10663
121
14037
1821
4191
18391
7793
3897
17868
6633
11556
16069
17106
8621
3844
2471
17031
17678
7019
10883
4782
1793
4654
16050
13356
17663
15408
14237
15464
3080
14585
4332
15190
16188
4401
3565
12875
5245
16742
2404
9862
46
17080
7080
937
14920
13641
8025
15579
7224
17570
15841
15972
8027
13378
13672
17333
15429
9327
2625
2220
14381
4428
3788
486
16825
8164
18254
6039
9356
4303
18427
19251
3357
9571
18998
13662
18756
11975
7165
3374
19230
886
5034
15423
12769
12533
8615
7434
17042
15211
5454
16689
1237
18904
2730
6404
16614
14881
8993
2977
5336
1784
12575
14437
7828
692
6693
54
6429
14360
17877
10672
18533
16179
6778
7186
17473
18074
2671
16893
14039
14170
9333
2378
14290
11003
8491
3909
8283
19204
17907
15086
8894
9110
16710
17115
17647
17281
14686
5289
6062
8035
10537
15084
17040
16745
10129
7912
1219
6711
8345
13884
9218
19226
10886
8281
18179
8855
1177
2494
5157
18423
11751
13110
9569
17524
7799
6556
18586
13669
14157
4549
8708
12026
10187
6911
9664
13495
7092
8694
388
18901
2668
2081
3892
416
17706
325
2285
6841
469
9311
18793
5439
13732
12772
2983
14799
2851
3820
4447
14476
7935
9611
15707
15189
14455
17856
10456
3060
1706
2375
2393
3413
14145
7889
36
16362
10963
17495
5865
9823
9281
19421
14131
1698
12849
19263
10908
8601
10749
10683
6674
3528
13937
1393
7963
10865
10465
7649
6064
6610
11001
2561
15334
9945
11817
1945
13311
18694
17372
18892
8595
581
9536
13496
5801
16228
18394
5096
5793
3083
5668
14000
318
215
8711
3574
9068
17409
17711
15381
14803
16008
6034
6835
8506
5574
15692
3171
2343
2068
7027
4604
8916
13618
18050
17533
16096
13843
14855
9776
2842
14571
12190
5240
2964
17952
4788
7710
9888
6857
842
2239
4066
18332
15860
1230
8066
11773
17183
2592
8186
4607
14689
15246
17698
6208
7020
13438
5328
4108
16419
14384
17784
7762
9486
8112
879
6605
16517
6892
7714
427
17500
16076
10228
11666
6541
6799
18231
15944
3525
2737
15228
5131
8915
1179
8519
7856
15583
5427
2736
7556
6191
12050
8417
18033
2380
16994
16089
5053
8405
11491
17193
8933
18642
2798
10242
558
9414
1203
9386
8371
291
14908
7507
9232
7563
6067
13627
12871
14856
15201
18983
13382
8829
16800
12983
1877
9589
80
2766
15815
11490
8407
17600
10569
18347
210
14643
14515
2642
307
1418
4018
9111
1241
1794
6921
1851
1702
8326
11028
17866
18692
17650
7959
10352
1923
16206
