6629
17865
14586
5825
17167
8054
14435
9607
7228
9460
10225
12054
18023
7256
15018
9513
2583
11913
452
17772
16818
5789
10327
19283
227
12766
11299
4040
10704
4466
3065
18808
17159
4691
17208
4851
19054
3423
7723
17890
7653
8628
8542
13975
9434
15021
10237
14208
13709
9145
7647
5538
7148
4456
2851
4848
19224
16384
15094
9092
1788
968
2542
12164
1432
19391
6500
19243
2338
3856
18379
11390
9219
10658
16487
17511
6486
3796
12832
15429
19027
111
11072
10594
10928
18241
5104
17839
5876
4099
19202
7661
15530
16754
10654
5041
8000
13492
14580
1747
2071
3616
16747
5134
17506
16424
16988
10037
13220
8670
11267
5045
887
12041
10614
5930
10575
2613
17263
4241
758
9322
13903
13211
15341
3007
12739
14721
7592
17395
4805
4630
8821
8808
16700
3504
15538
2846
11108
13867
7007
13830
5119
2177
6388
6962
17759
8195
1941
14855
15251
12358
11375
9019
4512
17654
16142
7852
3730
1216
18976
6350
7067
8417
5870
12126
14748
7966
1465
16676
8267
16170
8122
11605
2967
12723
14503
7066
7405
8246
18349
12968
9080
7055
13691
17103
4440
10412
8590
7571
7710
4366
4265
1220
331
10541
14351
8769
2476
8182
10859
1203
7091
1586
13311
18501
12721
2271
15934
372
2418
7070
8420
3289
4716
339
6662
12361
14722
18773
2288
953
9725
3687
1256
593
2408
244
9977
13036
17256
676
15699
4718
560
11187
7099
6386
15099
12725
16738
14263
18383
16234
16893
12530
9008
19258
4647
18721
18294
14545
1795
419
4788
1832
16208
17115
5624
18463
13430
8805
1573
10534
5111
9998
3947
5563
4354
11012
525
5693
8763
19410
16349
235
9979
13477
16303
10946
18685
7152
17189
11840
5750
10476
13104
7772
6404
9704
4378
12533
10606
11412
16018
1852
13206
11744
15282
7986
18837
7860
18515
807
3789
11277
1182
13292
10344
15460
5252
7061
11332
8400
11570
2434
4607
10645
88
842
18228
10357
15596
18140
14340
1872
13952
13788
12031
986
15411
15421
14848
11959
3195
18581
8169
19046
4513
420
93
5610
7064
4118
16948
14734
4875
15888
5421
19349
17508
14492
8454
6957
7222
13125
15838
10446
3469
4495
2836
13530
5012
4020
13250
9898
9911
1376
7110
17562
4321
3833
3524
11705
10129
10364
1438
19238
10125
6364
4827
10535
14937
12957
8907
7293
18275
7060
17462
2141
14397
17064
3083
7971
7172
1395
1426
11183
7175
2823
8503
18934
12760
10008
14214
3652
7399
8802
1955
6416
16995
15164
17132
6023
10752
7017
8289
8247
8773
17622
9414
9624
7279
5863
8370
4531
1042
9838
2812
352
17962
7353
9896
9211
15995
7378
13256
2229
18661
4489
11800
14163
12742
11898
4418
3205
14506
18596
14508
14729
922
12950
10641
1894
15368
9890
13700
3820
15104
14426
15181
17739
4889
8779
4244
6317
8988
6372
17147
10971
4414
2739
2423
936
19233
2736
19067
2650
6714
3076
14611
19065
5990
12135
16985
12288
15641
8348
10939
14820
17118
8083
3251
16248
16542
11587
14321
14015
15868
14292
12188
2584
19318
9111
2517
11552
8493
12461
15113
6705
10126
2083
5540
9399
18583
12447
1370
13473
10689
2322
6080
11134
4556
9307
11508
823
17863
11639
12683
527
373
14572
3731
10208
2790
12213
6458
3261
12244
15873
16976
1228
16875
2360
15444
808
7917
754
14414
2782
9380
14162
4430
17484
16288
9757
15440
1517
17789
12337
8965
15743
16413
17959
14515
4342
6780
16211
8337
3592
14219
4098
1576
5152
3716
620
16158
15829
2277
16331
8398
14884
16560
13856
10421
236
17901
6020
9045
8205
14507
9924
10804
5954
17842
18895
14361
1900
14680
15855
9548
7842
6171
13275
14230
2953
19017
2637
3949
9672
13422
7054
1243
4671
18962
4621
8887
4217
19298
15114
18869
2043
12759
17397
12049
10337
2049
12484
2834
15908
8052
5467
6529
16428
9112
1320
13167
8444
8696
12705
12315
15664
12830
6549
18623
13259
2048
16024
7815
6725
4293
8467
3400
15969
8917
9298
4772
14865
7196
16719
8273
9160
6385
14335
1176
16090
14470
10850
8569
6252
2386
7308
16733
8305
2865
19061
17567
11069
8404
17791
16226
10184
4310
3713
11984
10141
13399
1125
1769
16284
4148
4343
5940
14396
15591
9348
9781
1685
15367
7686
12798
14648
5030
2429
1821
3061
15237
18457
7673
6642
6790
10904
15912
1974
1165
7888
7314
12210
3832
3483
3090
11867
175
8576
3275
13498
881
2885
4389
10444
10550
18046
15602
15988
1498
15608
2654
18280
8170
17121
2671
9076
9694
13450
11322
12951
16636
17573
16918
13555
16417
16402
8407
9319
4507
10098
14485
7233
2907
11559
3080
6711
15475
10680
10378
12518
4018
17945
12891
17478
18322
10922
18719
2933
7718
11257
7288
1020
1906
3538
14984
13215
4938
5028
7859
6288
19157
12343
18450
5290
6727
15656
10
2979
364
6359
12960
5141
10925
17706
3641
13806
1825
11811
7393
11186
5312
3916
18606
9254
2546
2269
3291
9065
11122
18382
11426
3910
16873
2976
13549
17862
16177
17722
18530
11389
16112
3431
14298
6794
11677
19043
32
17624
9110
12330
3720
1574
12505
15205
19222
4017
18154
6879
15064
3489
9126
4041
3548
19341
19195
10912
3562
15128
15776
16052
18298
17262
9581
15096
11995
910
16783
18831
5374
6765
13122
12762
15761
16336
817
11446
16625
9612
5170
13160
16743
11750
16655
2828
3863
628
3576
17732
9055
5894
10661
17642
14275
1588
16425
11726
12636
8265
3530
8138
14782
17921
8732
3757
14486
349
18800
13045
4425
16543
5305
18273
12218
18029
16332
17190
7662
9374
890
14631
15951
17469
10966
9961
12827
2547
12014
1392
4421
18757
18592
18612
1956
13932
2018
1842
5787
4908
2065
10847
10698
6947
18660
9533
6413
8465
11066
19171
16067
3889
110
3536
8690
2432
5903
5965
10445
10362
335
10905
7047
945
14753
1221
13486
4162
5046
8597
6419
15332
13792
2756
15763
1303
8957
2947
8822
2848
3171
11850
34
19170
15313
10251
16220
15415
16782
11417
7226
7225
15874
7203
8255
10404
1972
18854
4985
19207
5032
16901
5581
1215
19248
2421
5497
6600
69
959
15904
1677
743
11453
12908
17371
15755
14577
19242
17667
4771
7445
1045
11813
8039
13769
17408
9458
16831
16411
388
15197
19421
5675
1096
18074
10767
15079
17662
5679
12623
8762
5576
6685
12608
393
3753
3245
6836
3486
5670
13406
11909
16419
5500
15091
880
18882
15025
11286
3699
2182
6986
4828
13168
9907
13596
6921
9174
5337
5711
7471
15112
11303
12011
10742
8050
10386
12117
16667
17133
8148
10955
7294
5668
11431
6791
1626
16383
13607
13766
709
10433
7800
10113
10233
18704
8470
15774
6418
2351
11595
9154
14649
16013
4560
9574
9133
13734
7587
15323
5740
11142
10711
13483
13978
15103
16540
5310
1301
19155
15529
9428
11822
12127
7781
9245
18518
13298
16942
2998
7414
16890
10586
12388
14806
15138
14762
11619
2191
16961
19209
1725
12800
10547
11180
938
3354
3269
10001
7876
15043
1612
8953
3048
16811
13391
16057
14316
5225
18482
6985
6429
18594
4301
8352
8012
8462
14892
6832
3602
13179
1120
6695
9191
961
17393
229
11564
16086
8117
14701
17005
8541
11749
15080
8154
3781
3563
16862
8063
8369
10050
11719
12613
1875
12698
11725
11483
1328
2208
18636
16628
8946
3883
9314
8263
5100
11050
18910
6508
8034
3225
1907
13140
17409
2364
9469
12869
444
12347
9666
8729
7924
2023
17810
5287
12974
6379
15334
7920
6322
17036
7322
7731
19139
1987
2105
19317
16662
11795
8832
7600
4036
3668
13579
6668
10169
10774
7804
820
2540
17383
11877
5795
3721
5726
12056
16076
7639
2569
15350
9782
2597
17671
10398
12937
4826
1783
1938
17013
3703
8421
8927
486
640
7485
6636
8303
14099
6509
7687
17976
9615
11445
10197
18662
6142
3408
16740
7102
6256
8113
12302
6233
12125
3425
3795
15046
1123
5644
7711
12451
7433
6582
7121
3976
2430
16302
17016
17971
7652
3112
14770
12899
19297
9649
18270
8940
18365
6137
4105
4624
15685
12920
14761
10495
6327
18348
6383
228
147
14495
11128
3963
14456
5427
17877
5994
14166
6206
6527
15769
14499
6036
17073
14121
3739
13775
17472
16600
19232
13871
19169
1391
383
17200
8287
1240
17798
2642
16940
255
1480
2295
668
8405
12137
7634
2298
3694
5805
12080
17202
4613
8061
17764
5763
14599
18050
2532
6318
15022
10500
18737
2465
9479
6838
8214
17126
15198
7198
17705
17282
5873
4171
5411
16592
6099
911
19086
5173
13389
18613
13669
7309
3421
7390
17889
19441
3842
4246
4643
6179
9156
18874
1593
9398
6979
195
1046
15631
13642
3893
9850
1744
15192
19393
13055
210
16983
13889
7589
16099
4178
5708
5151
5537
13502
15244
12539
14181
8750
5865
7453
2974
16218
4467
15168
14966
12724
17881
7103
15845
8635
2240
19313
9338
5165
11494
10222
16863
14124
4957
1180
12693
11738
4954
3140
12558
3558
18699
14549
16166
6395
6387
1563
8365
6763
16294
16702
16709
2969
8412
8326
5655
11298
13851
1197
2022
17857
17006
396
13340
13547
1920
6094
14635
532
7825
17053
14188
4240
18057
17303
19425
3639
7043
6278
11609
10302
10834
12948
5366
4045
15038
14905
10819
9763
13482
11372
572
13097
18421
16889
11419
13609
9062
14389
18746
11391
8001
19205
16114
14153
8776
8617
18703
2867
3391
6556
7761
13346
13588
1590
18935
19344
11651
6974
6519
16462
7576
6959
12799
10989
13953
6896
12075
1553
14528
10410
16775
16590
16178
145
6980
7214
14633
16019
7020
501
15790
5446
12868
7961
14616
973
6537
9983
15972
11085
1773
14849
3553
16420
422
5703
451
7037
16699
1280
14254
136
4384
8230
1837
1407
5313
2245
12541
14362
4654
1528
678
6730
18655
11182
4233
19192
14342
16568
4793
2004
16672
1089
15092
12656
2893
15604
15540
1114
849
12913
17355
5550
13002
8464
3071
18591
5435
12682
14086
15850
17504
1611
11482
6977
6870
4611
8481
11655
4325
2308
4605
17693
13415
16117
6857
9769
18718
13521
3093
14327
2424
12934
16494
8731
14081
13051
3724
15160
10047
14561
380
949
7190
17384
7008
5296
11799
18536
5327
3252
10590
13983
804
16202
1490
15369
7473
9914
3671
11147
2180
13873
1357
12661
1179
6132
8216
13448
410
16634
9856
3108
18522
17690
18675
10707
17096
8155
16093
13383
19154
1314
1979
9475
2745
16841
12633
1739
2557
16569
4312
15039
12959
18341
14875
7199
18754
2385
8591
9176
1288
9928
12141
8424
2409
5082
2527
11730
10788
10934
4975
13040
15963
10024
12089
7333
16765
8243
18992
9353
1863
12929
16917
16637
9864
9275
16007
8588
12154
14231
1305
17986
8351
6513
2280
18525
7568
3684
7744
5472
1430
11324
10561
10203
2487
12849
4705
3101
8756
10354
8971
16500
3784
4006
9217
16042
6121
15511
15659
16800
15586
10873
11706
7497
18308
7092
17866
18509
2301
5319
7459
746
15915
15716
7635
8734
8319
4910
4357
1355
16164
11713
16427
16842
9063
19180
10949
18763
7869
3153
16096
19102
4055
5048
4179
3867
5035
2807
1385
6226
4067
15794
2270
11388
17644
1063
17304
3823
17735
362
13884
10152
13653
12375
3912
16833
3748
8930
18352
16727
17102
11003
4919
13209
5797
16768
6635
8427
8017
19088
15516
9035
5838
10063
15853
18114
13519
5662
13047
5642
18283
8489
19123
693
6667
10292
1853
14823
14293
10894
11512
19165
4077
16736
5444
13367
16315
13295
12048
10893
17652
14052
13756
1717
10933
1797
10758
10564
338
4260
16239
8575
8922
9659
4516
18907
15583
8457
9601
3651
912
2938
5775
17558
12875
17139
476
11473
14612
14460
13762
6263
7816
12720
11776
11675
269
16388
6623
9865
9599
8727
18240
1940
2470
1904
14583
2190
1578
10884
15105
3121
14082
10972
6933
16507
6310
11421
16362
13735
4697
6702
10303
15556
15982
9230
12145
6785
6299
11087
8237
17874
11831
17368
14710
1124
8863
1895
3151
17455
5705
13701
17582
11969
10483
12285
15869
5257
15527
6276
15837
12129
4558
12100
4991
10533
7223
17833
13686
9141
14925
1477
16856
12208
11709
13554
3975
3996
1136
12975
18531
17781
5440
16561
7336
19076
1436
5973
2512
11929
6451
17399
9729
13016
18622
13341
16354
2927
13149
16229
16867
13195
3445
6580
226
1901
9052
18051
14359
5095
776
17369
9778
7595
6133
9448
7963
7083
14994
10370
18952
6876
17012
915
6912
723
775
17499
4660
3257
19404
18900
16880
8304
10909
12079
2887
15563
1444
3848
1393
1746
1944
9486
4447
4814
5271
2563
6861
8272
12772
5779
966
2809
4298
17966
6241
3922
11381
4255
6199
4610
15994
7818
3921
11175
14043
16053
16071
19206
4765
15239
480
1199
3855
8596
7062
11402
11517
19408
13866
4245
14084
13219
6433
10857
11930
17274
17744
12919
6782
18674
18238
7042
13597
5239
12791
5469
5571
14090
2908
14436
2224
18389
15707
1461
4595
1408
12776
1548
7811
17288
18514
6266
5203
16050
2968
16493
12697
9639
15360
11255
18877
18304
11413
18004
18368
8999
311
1382
10268
141
10171
12204
3193
18549
8894
4461
1414
15507
15037
15436
17885
6542
1672
17925
2585
16845
18309
11880
17550
1918
15592
10729
3161
16252
1375
802
11193
3032
197
14758
9015
11700
5060
19151
2723
14059
12719
18208
16642
5819
12316
18682
18551
3192
15418
1734
19148
5871
7828
1178
6753
17957
3741
7733
13048
1441
3700
13617
11137
12017
238
2924
10295
7791
3286
3987
9918
1086
5219
17995
6371
10511
11284
12410
14187
184
16812
18487
11912
19129
15569
11321
14051
6490
10493
2259
16892
15692
14751
11073
2292
9385
10772
7100
10841
521
6674
10408
4878
2994
6589
10313
12114
4939
18975
12046
2673
13538
9025
5887
6764
14417
17436
10944
13824
15907
10512
18485
8563
3413
10326
7896
1793
17556
17747
7848
13599
16311
18255
2703
1968
9218
14717
17830
8294
4482
2731
15715
19269
12069
9057
11638
17066
16270
17723
14157
18621
18031
18574
346
12927
425
7383
18597
10875
11464
1269
18198
6208
3599
2081
3457
13989
6641
3870
16136
18771
589
15854
1834
8331
5820
10282
16087
3506
2931
10754
391
7200
12190
9993
12944
15374
17897
1720
6312
6653
6357
16414
14259
11583
16316
10133
11346
992
3944
12437
8842
19156
10383
13226
7620
13314
12576
16914
8975
13909
16182
7284
17933
13717
12246
15450
11021
10201
5681
366
6560
6892
6043
330
13908
15910
2902
1402
14371
17614
13505
14730
5176
11869
18602
9465
7730
232
15115
11047
7173
14667
15139
17333
8627
10230
15486
12354
17719
399
7839
16081
8884
15672
6625
9857
1666
4475
16023
5651
15180
209
12754
4329
17926
4952
11166
9242
12516
6428
10843
10686
9221
14270
12084
5091
1683
10921
3654
3438
9167
294
14585
11960
11524
13368
13902
5909
13300
2285
6031
9709
619
13192
14386
11190
13662
7327
1227
11158
2226
13898
15760
797
2704
19096
10127
2393
10544
11773
7456
12694
371
18409
4803
9932
7633
5358
6150
10679
3487
13210
2037
11150
3442
8933
8264
1789
9463
1152
10852
11826
18033
4549
8675
18855
406
15171
6346
2353
10256
15932
14475
7358
17940
13487
19196
13110
14726
5953
4488
5231
17083
15698
2344
15509
18144
7164
14636
6273
10945
2560
16325
3755
18816
15042
6497
3774
13038
7150
16550
507
18380
18946
6119
17390
18864
15477
5422
17061
15101
16430
9433
8959
10123
6663
4717
9383
14100
2420
7462
11521
3203
765
8281
10257
6849
9877
14212
13443
18740
5049
6611
11806
18516
8943
9172
4094
4631
19290
12377
2847
4124
2618
4268
16907
18570
1356
6903
10346
14541
17120
3523
10502
5371
8145
17783
2467
11803
1354
14524
332
5123
3555
3045
4364
14778
14164
8850
8416
10026
8744
9409
654
1536
11509
8314
9497
13514
11334
1073
5633
10705
11084
19263
11312
7470
2951
11472
13369
15235
18233
772
14004
13417
11598
5620
3138
3733
17972
16196
18756
7908
14215
12535
12492
11928
18971
14186
1556
16888
14276
10490
17186
17949
18082
17350
14542
12599
13193
4911
6008
12076
12323
6888
10943
582
8611
1425
8864
13853
4690
1805
12812
12356
15944
16253
4958
14809
16686
2578
12977
7192
1387
11337
18473
10280
18586
17497
7698
17290
18428
11842
3528
15339
6956
18209
79
8271
9560
7623
8789
17505
3854
82
3794
2332
10807
15719
19038
2709
14805
19019
18600
14931
10324
17858
10254
3669
13155
12856
10718
9228
6236
3525
16556
14370
9952
4249
4219
13896
10164
13026
18084
8778
829
5793
13726
16937
11491
1616
7619
1823
9858
6305
18787
7930
7649
4627
11176
17171
12253
8238
13683
1345
15302
7790
6816
3189
47
6363
13974
5998
4283
18709
15086
6913
12440
2687
4359
740
3050
6787
2343
3320
13838
3313
7764
18415
7165
10632
17904
4594
8980
13439
18777
16438
4239
12738
8112
17024
3969
9206
4789
13841
4609
276
17784
7494
17230
10224
3778
18609
8819
11578
7452
10042
1966
7748
11323
2645
11327
16468
13749
2877
18026
10624
14039
1286
14076
5375
18043
448
5665
9552
10764
11211
14512
6096
8335
17020
329
5611
6062
16397
17271
7640
8896
6223
11480
5824
15859
15214
12514
14120
16629
18780
2568
11060
12894
17381
5240
11101
1559
7298
2390
1248
15843
14814
10973
6859
14671
1162
1791
15453
3566
18333
2963
19417
4999
652
9948
11660
5643
783
15208
18342
17065
15366
12517
15385
3879
5526
12434
4429
13131
14502
17474
13520
4517
2941
15518
4657
1433
7422
4185
12555
2192
16819
3680
2361
1952
14868
6834
738
9720
19384
16256
3125
13528
8893
4661
15194
17668
9096
14358
7289
1582
4824
18276
2050
1076
3812
2279
6746
2272
3850
9741
4767
12352
18041
873
16884
17923
11947
16386
523
5386
1359
17965
14373
1591
199
3224
7241
18925
8403
15191
4812
17528
300
12924
10917
17235
8824
15024
15997
10980
17440
13828
6221
5727
4754
9365
10464
13746
7254
9538
8738
11213
142
3860
6073
6049
18809
7028
11736
14638
7195
7641
3787
13578
737
15431
18505
17337
4081
8515
12507
9746
16036
16886
4108
4320
1516
19264
15589
9945
18507
6533
2986
3094
17294
14661
11904
10206
19377
8152
18635
9266
15186
83
16905
13042
1510
15439
19075
7880
1934
16269
17888
7509
10456
6144
13813
334
12500
14532
6091
17062
17560
9641
16204
585
5282
4106
14968
16498
17009
214
5999
2742
11536
3188
791
9087
9691
14529
8220
16864
642
8725
17344
15745
14799
3477
15333
11566
9667
10523
4992
14075
4498
3084
8010
7845
2985
13801
5262
18953
9535
3449
11174
17414
16342
5951
9117
13595
18692
336
7599
16877
969
6267
14338
11922
9742
15870
24
6831
5724
17834
13454
5770
6072
2008
17197
4290
3165
15667
5567
11316
7417
19267
3756
728
8436
1499
16739
4881
5837
16974
580
12425
2345
12933
4149
18985
5202
4656
14410
14739
16381
18432
12757
17718
4578
16779
2236
6951
2672
14479
5827
3872
3122
8554
4070
1932
15145
4962
12965
17130
9333
13146
7184
3359
8007
3608
13144
19395
14297
11752
8180
1753
10306
9518
5558
5307
11937
9375
89
18814
14602
13255
6340
15076
14113
11233
13858
11746
6755
18524
5910
19217
7305
5552
14170
19397
16149
3177
4532
1379
2094
12380
18980
19367
9670
4419
957
4062
5516
13961
16970
15078
13050
9437
2627
3533
13812
6190
7796
80
9295
1493
17552
11067
19116
2179
370
8324
14891
6579
19178
17379
7084
18981
12180
10330
223
10311
11933
5759
13173
2829
2150
17664
13808
14696
8883
1364
2082
7685
18373
3909
15705
14425
17286
6178
9166
14698
9093
12928
2223
19438
18758
17728
1997
15903
17650
15060
6675
16993
16043
3331
15067
3199
12712
13807
8833
8434
9514
15016
16826
12993
1006
2084
7442
16047
15448
9347
5645
14384
2341
12155
10842
17627
19409
8025
15689
6652
15892
1687
14687
3186
12068
853
16103
12609
9152
6194
1131
1802
12789
7374
15889
10744
15190
10415
3929
14985
11732
18734
3146
18478
15632
18698
14798
11943
9711
15050
18684
17806
9686
9277
11156
12485
10576
19078
12508
8147
12702
4673
15433
2103
16882
14282
534
1669
10731
15626
14332
9320
6610
9831
3574
12009
13272
14458
14472
17715
12765
5885
18562
10193
3991
8258
12339
4930
12292
13366
15606
15342
13485
17035
1416
4428
18244
2186
12102
12695
10497
18723
14207
14773
19378
19275
8955
6754
12638
18191
16246
7932
631
12956
4132
14255
12843
17252
5947
10261
19064
13764
6336
18714
638
14845
511
10494
4955
9336
13398
824
11028
9436
14193
11319
19307
10612
6503
17401
4879
16835
11622
15879
17975
16082
18431
15851
1104
8514
16620
8581
2122
15849
18413
2305
15027
1353
18135
6658
2121
8031
6434
7513
9722
8204
3265
12230
13968
4136
6436
17891
6439
19376
5417
45
6776
11594
3537
413
6281
6547
1295
1337
2872
4593
8601
13304
18668
14715
13649
18003
468
18272
15750
16221
15840
10570
13816
13731
1283
4565
11604
13679
13011
2905
11326
14556
7141
2099
1274
18588
279
2539
12634
3342
9917
12305
17887
2398
11393
583
13444
6292
6566
11495
5677
11918
10979
8168
4327
15952
4173
8156
10536
8889
17283
10077
11571
624
10736
1651
10537
14996
3057
9115
7821
3373
12479
742
4299
5816
16793
12741
17343
17292
11306
1589
2157
11224
10447
4583
3040
4943
3418
18458
11593
13781
7808
9030
11878
1964
10528
3
353
19
17553
504
2237
10291
18587
12369
4014
12259
13203
3596
10226
11001
148
9895
9474
17608
5575
14184
18331
11621
4086
16822
12457
202
16038
16971
10542
10440
5259
4029
7889
9107
12744
5568
10773
6365
17947
11056
5532
7122
15676
1190
16373
9981
1758
12119
14441
14009
7253
9897
3961
597
18083
16154
7330
7498
14019
14323
10622
18647
3995
15387
18938
12236
16188
15681
4663
17086
3096
9234
240
3578
8932
12866
2349
365
15066
1600
19016
14448
12045
16030
7504
2562
5991
18264
10246
11874
90
1138
2608
591
18745
11954
8594
8184
16977
9397
3868
17008
16615
4566
16078
14836
10300
11281
2726
2948
18366
15075
14615
3242
14375
14829
11051
13847
4183
7597
17169
4264
18654
8202
14790
16390
18555
1962
8338
12583
249
16185
14563
3941
16363
7770
16351
18132
1702
9423
1887
9674
4277
5205
18416
13765
14623
10975
168
12564
3239
1039
16784
16186
13752
11486
15917
17779
5336
9934
8666
11990
390
2519
8890
8371
2197
17182
4677
13352
10088
8874
11582
1156
11283
2380
15670
6396
1538
8551
11076
15658
9879
19270
18038
8511
12727
1847
15129
14597
7380
1958
7489
14935
10902
15459
8506
6650
103
12922
11694
4743
8451
8683
2786
7075
18793
17076
983
7557
12037
3869
1697
14686
2117
2374
4356
14697
17914
18468
7853
8664
4810
13692
5388
15026
10992
9822
8529
7031
12781
11770
7499
13440
8595
14088
7591
3618
11335
13944
9640
5070
14950
861
14159
8830
8840
16189
1088
10473
16704
17052
6377
313
5557
10477
18245
9244
13240
16614
13541
12386
1562
8086
9982
17279
17375
7846
3198
15030
14803
8561
4830
9876
1005
13627
1898
9071
7034
10675
6007
14642
17432
15312
3439
12734
11636
2638
7912
1807
4689
4234
12888
7631
18148
2523
15240
3847
16228
9094
12001
15573
8473
16003
4330
2903
4392
17402
13382
13481
19022
273
16512
17246
9874
10849
1990
18086
14439
16966
17953
14965
3066
6935
4880
11563
17329
192
17564
5359
6390
343
12081
6362
5704
11493
17029
12263
10663
15784
5050
17071
16960
2357
13784
867
16724
2586
12331
15582
13107
3259
7572
8349
17109
9863
12342
9069
14520
15277
4010
19023
633
8231
6827
12936
15117
9138
6925
5009
14939
9139
1147
16329
10739
14489
1512
9593
5897
16742
14539
10290
3174
4187
7738
6338
11273
9391
9989
9430
15464
15375
17166
14733
121
13870
6739
2098
5691
2311
17539
10348
17275
10709
4345
19423
5672
5115
7107
18206
13267
2492
1923
1903
4303
17239
15990
15916
326
14540
8993
10293
7561
11152
15948
76
6063
18905
9032
17257
12911
14874
51
4761
13212
2737
2871
500
18707
17345
16484
18614
3311
2454
12282
4089
15770
13883
7743
9144
2116
5710
7573
16563
10770
4800
16409
17588
11368
6480
7699
1448
9610
11601
19044
8867
12553
324
16697
8142
16519
606
11439
8297
3324
2692
12443
17007
15834
7674
3131
17193
18543
5800
16360
18289
14177
9059
10437
11226
4546
6735
13187
1340
10750
7754
16586
2904
3109
2660
19427
3844
5431
17048
12872
3634
7705
4436
12055
8552
13077
18669
284
4420
19310
9568
11102
10959
14429
3039
8188
1456
10323
16261
9502
12097
16767
17594
6098
17000
13865
17932
12313
17201
10403
6602
7079
5839
9992
14847
2053
6155
19336
16537
17952
13078
13835
13820
12085
8870
7476
10623
3429
7960
10070
5554
14643
8960
15291
9445
2112
17523
13111
13890
7954
4818
13229
10371
18160
1401
10538
16227
13358
8386
16115
12088
9098
13390
17236
11400
6361
17485
16127
18040
11618
12486
533
8751
15986
13253
17568
14136
15327
8085
3972
15979
18828
1754
4165
16684
10829
1313
13484
17426
12222
1707
7540
10130
5855
16846
340
6559
6550
5102
6910
1307
1655
6170
9726
14525
7030
3166
12357
14459
13949
5168
1696
19091
17027
16280
10318
3531
7229
16109
1877
17212
4046
5416
6375
14796
4588
11545
7287
2658
14189
3318
4084
5086
18875
7140
1970
2657
10281
2706
2274
16580
17307
6587
9576
6090
16923
6455
8425
15867
3770
10954
13281
5861
17473
5728
9756
15165
8956
9053
18984
3545
4352
5025
8488
13910
3678
7384
1418
7123
7137
4740
11712
14899
11471
10443
29
7563
18836
15098
8688
6605
13357
14852
8803
17861
497
10621
14728
18335
4584
17117
3659
15126
4921
18670
4483
3658
16789
8452
4601
4596
272
11294
18879
5658
18720
19177
10065
11276
7550
5364
9564
10235
36
13309
4163
6003
158
2842
16848
11456
1698
17774
12917
13706
2410
15345
7162
15325
10259
1342
5866
5648
15819
2625
13407
19235
7802
15597
10474
8415
9308
14087
5263
2854
2365
18049
6639
17958
15956
4696
14932
7313
15109
15032
9569
2340
11394
16385
10727
16357
2391
9039
9921
6065
2662
3510
7683
9697
9892
92
10228
10662
8118
3238
5739
7519
6747
12930
13665
14443
11352
13742
8364
5230
17108
10249
3023
3802
15015
16355
12674
6840
2242
11356
18491
7360
11497
18290
10367
16925
16029
17018
11129
923
4130
11823
7827
8241
1599
16528
13345
14232
12617
9888
5922
13516
4305
118
6117
18231
2520
12237
6071
9751
17750
748
12497
12580
10389
1703
4568
8951
5445
11351
16992
7455
9823
18196
16110
9602
347
13799
7458
10118
5961
1515
14007
7701
8201
3135
7691
14672
13655
6087
378
3307
16866
3686
19198
8293
2819
2068
10427
7464
15575
6945
16193
9703
1876
16759
16361
5649
3209
15303
8625
18546
2550
18337
4235
4864
13233
18821
11189
8691
1765
5243
17977
10666
8748
5007
13310
6941
4913
15051
11143
1682
13901
11258
9792
18222
8694
17391
12664
7704
12855
8565
4278
3124
17950
18801
15543
5016
7312
6551
13150
8087
5667
6275
2896
16823
10866
6633
13972
9449
16174
10649
8720
2061
3292
9743
3443
7015
14902
9913
6472
7388
13096
173
18901
3897
4140
9259
11089
11234
16711
4897
3788
14118
16048
732
8760
9136
428
11370
3296
9078
15968
16232
18402
5974
12463
15520
9759
13034
2895
8954
11467
10706
17509
11141
11817
2275
10749
3169
5154
18297
5671
15443
13747
16639
592
12779
14098
13181
17452
14032
19420
5959
854
7849
5650
7114
8633
960
17129
16365
6973
4083
8164
12008
17575
14268
48
14074
11406
12648
5470
1390
8811
10860
11379
2497
4982
3501
7567
5542
14317
4779
8060
17655
4338
17697
19203
17611
14534
13280
10674
9608
4574
12383
5796
16730
18954
14420
15885
17353
900
512
14290
18736
16582
8082
11737
7454
6127
7213
6298
14442
1930
568
5255
13478
17892
2135
18151
17450
6284
4628
9935
10485
10560
7271
18449
16698
4056
14689
5291
9332
16274
17306
18640
10527
14908
12748
14280
12333
16756
12062
3236
7809
9648
4433
15225
6963
5860
16299
4397
16401
7964
19080
10380
12926
17427
2839
5024
7644
10617
14138
12658
18496
16978
13676
2195
6242
11889
11330
10677
6795
4263
10387
1794
3399
11366
502
14265
3643
18000
10067
18268
15430
12464
8501
18956
3935
5798
10329
17352
4
10881
6478
17931
4970
8378
15472
37
14251
11396
6770
9362
4385
3060
9464
18446
12838
684
13994
5527
2579
4038
11568
15900
3873
15587
5164
4473
15178
5354
19200
6683
8823
3246
4500
12619
344
7432
18627
18462
5904
6552
12444
17524
421
1260
1644
19256
17081
15691
1884
2000
4811
12232
11125
4540
17270
8929
3383
15452
15800
16049
1327
7404
2088
12130
6923
12401
3532
15789
2917
7899
4877
17442
13868
677
16673
2656
17325
18750
687
4775
11648
18608
610
5682
4318
8536
1503
7133
10507
11167
9798
18672
219
2162
9537
12420
4281
16260
19335
13270
19071
14066
1253
12914
8740
1839
123
12687
3983
8916
10984
8700
14017
6445
1192
19230
19124
14267
9027
601
15519
9869
14521
12817
7861
17429
6759
1757
18150
16400
15384
1614
12197
12362
60
2926
5142
17247
11606
13380
18319
12545
482
18835
17031
17818
10373
8885
2290
10642
5101
8211
11058
752
11934
13513
2831
7946
14131
10459
8686
17689
9484
18239
4491
5309
886
14533
9056
7119
19266
17049
12525
14500
9124
13414
8924
6070
13815
4629
12454
12324
7181
12175
9985
12301
8210
19006
481
7763
7332
19294
15397
2928
15724
1554
818
11838
119
14959
8714
18314
12864
8809
14476
19012
12028
14455
14399
11249
4016
11293
2955
13677
19007
18435
14408
4976
8177
5700
8174
12593
470
5834
17142
1592
2735
13737
1103
17481
15219
7277
16045
16092
9951
9654
15242
8685
9882
5595
3156
5090
2876
7478
1660
12749
14844
17489
12262
14437
18751
2330
18571
6687
14978
14511
1694
10867
11487
5264
389
10818
8648
19213
15756
940
16898
7810
11474
3887
8342
10409
12857
16710
2399
8301
17884
937
2287
18034
15802
2565
12605
16851
16159
13971
761
2369
13137
5582
13186
11824
19260
16392
8853
5178
16308
13285
8512
17361
18917
4602
14092
11573
7379
17424
3937
18712
15504
12403
14320
8129
9817
386
17498
18914
9194
15176
5062
15100
8244
10899
8630
17162
1504
1763
11103
4981
9158
6200
13020
18939
10345
1384
6570
4920
2939
6825
9953
17599
825
215
13562
13279
2038
12707
8935
918
712
18805
3247
8796
8140
16295
5019
13158
17907
18991
1067
16481
15844
12019
17790
15954
8125
15457
6274
16070
7629
9664
18639
5034
17439
19184
16911
17589
13126
13959
126
14738
9178
15035
13976
19000
12679
12873
16442
17163
974
10672
8507
5772
196
12397
5560
11280
9273
19059
16441
10061
8855
13854
13495
1214
10195
17973
17635
63
19191
10107
18963
2617
8882
17792
15793
1462
10974
15804
18638
2451
6665
8875
14550
5157
17911
12709
6743
2860
10961
10210
1680
7080
10426
6473
15144
9567
1302
2437
6964
19234
14401
5283
19291
648
3451
17019
13880
15188
8259
16242
1294
323
18838
7741
7274
9072
16696
13584
77
18676
7596
10396
5888
17785
7962
3367
10702
10470
15570
18267
9372
16237
5900
6212
4646
6481
13326
2957
7709
19348
950
16589
8045
1429
8064
17708
9022
3635
17423
11668
198
5498
19014
7073
8820
9043
7316
18225
15199
13199
11846
5702
14407
11710
9184
1736
15566
16689
15488
7756
2570
8006
14478
7988
94
14605
6656
3749
10479
17217
1552
16134
16588
6403
18126
18553
18688
6692
1670
5722
19072
17150
11958
16594
13008
13461
13991
11384
18629
8171
14328
15532
9987
4266
162
4545
9563
15965
8810
17663
5880
14469
13466
15077
7249
19143
19079
6996
6391
17609
17464
453
15545
1916
8787
6880
13152
14557
8330
9619
1338
14740
15179
7401
11704
2760
4863
327
18978
17082
7994
11466
6319
9443
15373
7265
2412
11004
15040
9316
13330
19084
6738
14538
1226
18062
15044
6981
14245
16037
15111
5767
18481
7317
12235
17477
8589
2751
12653
16066
13183
19211
3280
5130
14117
12678
18113
10907
12250
15150
18679
13673
6769
2696
6308
5200
17039
17243
2299
7580
2289
17997
2056
5071
15500
6218
2035
10090
6684
12408
3911
8544
4410
6539
7755
11860
11416
9573
1098
8925
9446
8277
16896
2883
19411
15831
4604
5738
5150
10475
6109
17213
18396
17536
498
5340
14509
9164
12834
5528
8715
8572
8841
10205
18646
15185
11666
3433
15123
14101
13859
149
10217
9498
14286
18950
14278
14519
19292
8046
8385
2932
3082
18913
11945
15299
4001
8413
18786
18998
14914
4861
12942
5103
4853
4522
16031
13151
16632
176
5014
10351
13105
14727
3333
5717
19231
12004
7325
8871
13095
25
7408
11291
4311
6571
18177
16536
9810
9582
726
9201
5822
19435
12668
212
876
16883
725
13946
5911
16553
17939
12160
17746
13031
17846
14341
18192
8788
12429
13262
15033
6432
15121
16920
12271
13471
15274
11428
19380
14481
3695
1069
12389
9501
17266
15721
551
16745
9182
18716
10255
16095
11401
10869
8435
14505
8904
3317
10546
16683
12625
6420
11348
16205
16567
11459
2859
11961
11989
14817
1595
8942
1751
17412
7267
13142
18983
4146
17610
16825
6631
13197
12173
17373
18926
11331
7036
3803
8090
6774
3519
18453
1594
1169
7109
5377
14907
8312
18931
16997
14995
6160
8317
14137
14625
18112
18653
18512
16476
2684
19204
8939
5093
8056
13937
1374
7411
18878
2073
17251
4667
11586
1489
4100
10613
18266
11443
14040
7129
7019
18500
13315
2498
5479
5661
13674
15204
18358
10413
18715
16514
11230
1719
1620
10121
10607
3630
19047
13526
4887
15501
1217
12865
9715
10322
387
18247
18632
17836
1483
9940
5845
4815
19331
10868
1721
17813
8524
7297
15508
6716
8153
16263
11106
6097
2973
19405
16601
1764
1928
6328
4798
11760
7295
12122
98
8827
14416
14058
12681
17179
1341
9197
5481
5545
14301
17237
3750
1412
13887
8644
6255
15808
18680
16460
8755
12787
5215
14041
12584
18223
1649
8426
2630
18286
7278
3621
2395
546
2822
13647
1459
11884
1539
12359
9866
18673
9550
12790
18563
11782
8137
4151
2992
7624
342
15653
16483
18451
4885
4819
16559
6417
8232
2326
11585
26
2499
1854
12995
1806
14021
8862
9819
7427
18072
289
11005
2982
13316
7776
15942
9232
15503
17317
6464
8166
9412
6575
7516
11562
13573
10469
6885
5761
14956
4511
11045
112
12098
18579
14033
11625
18111
8697
281
19060
868
19029
7421
18271
11511
395
4866
5970
4097
12473
7441
2119
10577
18340
18862
13271
10908
10060
401
1106
15233
1662
6123
2151
2058
3732
12612
9476
2273
1849
13438
11581
5415
9364
10687
9121
11753
8680
6858
3190
16448
7143
13771
2732
3284
3549
11740
11788
14368
12058
15813
8835
18214
4417
12325
13918
9692
10691
14158
5687
15925
7909
3540
19265
3646
1455
12522
7033
8985
8869
18717
3965
15946
18593
5534
1931
11514
4515
14543
11994
16959
6994
15648
15257
17717
14462
5105
3274
2444
7291
341
16778
18832
13776
13467
19034
3701
1704
4379
10639
12186
3145
16750
18846
11377
3894
19273
5454
6528
4990
7224
3075
9401
8353
18454
7144
2291
5108
18840
16953
14951
12652
10504
2795
9522
8527
11591
19083
12065
16753
14221
9728
11392
4211
15950
17533
13947
894
19166
1110
9058
12042
12296
15053
13198
11774
8309
14708
5513
13698
2870
10384
16643
5186
8983
2647
976
12419
13073
16641
9342
18508
7766
667
13899
19323
15580
8275
662
11532
14423
14288
17727
5158
1603
8276
12931
9894
18694
17510
14287
185
11364
9571
13191
17372
9292
14858
17093
18427
12510
19251
5544
16497
2535
9190
12166
18498
556
11733
6565
2817
1119
7992
2589
2356
9042
16094
18889
1193
8945
68
15331
11263
989
15408
19252
9075
11146
5344
10388
10896
15365
11490
10985
3836
3905
18929
13943
6701
15370
11242
18075
116
17826
9012
9083
16223
17070
6498
13265
7440
508
7359
18888
8806
8127
2995
9355
14228
3656
5194
3069
307
6918
12144
7227
290
16501
8217
7324
6953
1864
16407
5017
3903
5036
15962
2581
18088
12499
17763
18890
18047
835
16583
3865
855
7407
17963
9954
14012
8523
11264
17059
2184
12338
11693
8605
6183
9480
18128
14161
2561
7926
694
12575
9130
17578
7347
13118
972
12673
14842
4499
12223
5132
16172
5247
11383
5346
15458
6829
10136
9851
14140
12115
17565
2752
12782
19371
10726
3142
17419
3058
13529
12538
4901
12426
8797
8780
5482
5958
9327
12556
10267
3196
2462
6492
6406
9596
9235
15909
5716
15858
5214
15379
6392
10620
15638
18195
17692
10824
5605
9586
15348
3631
13377
7085
4252
10393
730
19106
19334
9028
8037
8793
2683
15801
11344
18017
14551
9938
11268
407
8743
15865
7368
398
16089
12954
13162
14622
8708
7385
3300
17367
15394
6306
7188
17356
430
4374
6618
5926
11905
6456
3667
11786
4895
4307
14731
1485
16936
19216
542
2959
12133
13630
13041
12344
10439
9842
10751
13216
8035
1222
17905
13881
6564
2494
6622
562
11035
4706
1113
16169
13941
19433
11791
10817
9614
11794
13431
11063
5289
2787
13582
18067
16840
7117
13023
5943
14045
19431
17856
6806
17628
19328
46
5248
18262
11624
18377
17557
2016
14938
1935
4492
15864
1755
6316
5843
1686
5804
12900
13986
8814
13626
6182
14421
13235
1450
1963
7910
12963
4617
11950
9991
6437
18810
2019
5447
5541
4407
11588
4391
14013
12015
11
12498
14882
17448
16062
6843
10759
19262
3240
19293
2324
5918
16444
13583
8880
5666
17358
13427
3012
13739
17837
8157
10676
4622
16955
12753
14870
799
7559
8126
3063
17382
1235
9556
13086
2915
16194
18480
19028
5126
6262
10460
14929
1640
18056
8878
14344
429
14888
17691
3495
3693
4580
767
13690
2014
11282
15055
688
6289
3022
17404
7116
13712
615
271
5466
4232
13130
571
12226
16447
9377
17878
14562
15383
4381
2869
11308
12005
10701
19077
3598
18229
9000
11251
12909
12151
8058
16474
7893
17178
12887
10177
1951
543
6466
14609
15428
14336
15130
9473
8240
9427
11768
19311
18731
6149
3345
2964
17835
7677
18847
13874
13489
2378
17089
17111
14856
1082
18332
9588
17277
16508
7435
2264
13356
5521
12531
2435
8557
3760
609
10489
6010
9630
3352
17677
4012
9663
12051
14337
6938
3248
71
11963
13327
6835
4640
3758
6696
8766
6370
18728
16887
16691
18434
8711
16827
11923
15650
10583
17738
9500
8742
8321
12502
6139
19146
12882
17496
3956
17055
13059
5326
18790
4459
19073
9451
15184
13218
7879
6606
3768
17386
3762
14226
11444
14464
14388
15276
16327
7665
17590
4739
1265
9128
6693
14854
15875
13826
12424
11376
12985
12561
5732
18
8448
8636
16998
3843
18141
16894
7996
6939
3876
794
17648
4172
15376
19159
9536
14952
14305
13282
17752
13468
4405
181
5347
16671
2675
15084
3954
6788
11157
2335
13194
4786
11034
14432
10836
10458
13397
14673
18054
14801
16732
18338
16950
7048
15426
7372
13810
17643
4189
7646
15062
8099
4984
10013
5906
2816
19125
213
9021
16735
17894
6742
458
12326
9241
13400
16418
3458
12446
5238
3908
952
12544
11214
13844
15890
6342
8067
4993
1508
5089
10103
17075
17044
15883
8663
16251
14050
5320
11478
13534
7290
16755
14808
7621
16648
17549
14457
8631
3447
14918
1965
4856
18351
13184
12680
9239
4138
4188
7588
11921
13758
418
5978
6297
18326
16545
18599
1501
12087
5476
2372
2233
15372
16591
4213
16891
17153
4432
3215
3735
4947
9737
15747
3560
2375
18391
10942
17502
5099
988
277
14947
11944
18254
13014
14776
18697
6253
2115
17729
3141
1999
13114
6905
11857
4980
5574
7543
1550
16705
17161
18936
15832
7244
11130
3297
15846
15056
9033
8186
16668
7315
19145
17240
1150
15863
11612
16073
1749
7975
9100
6833
4063
11807
11987
2708
7857
16729
13297
5184
18881
16225
10730
3183
11687
17188
4562
1850
11854
13115
66
8327
18650
15146
4974
8320
7762
14554
17968
9246
5163
13507
4862
1954
6351
2729
12053
4543
394
8048
440
12978
2914
15629
1466
4051
7891
17040
15455
9261
1767
11201
15640
17741
11479
16077
16083
9416
581
11442
14405
7959
8438
18133
16844
11123
16596
2767
14311
3105
17817
3892
8160
9089
10457
10182
736
13261
6360
8621
14660
208
14403
7886
6015
12295
8979
12845
5895
6999
4476
3054
15264
1648
18656
13251
1790
10189
14920
1084
10055
7159
9119
18990
11172
10757
15897
11523
17852
15526
7965
3776
764
17090
18628
2212
16585
1957
13124
3535
3675
5279
7864
18347
11044
6032
9829
5785
13378
9912
2724
11285
15767
3593
16980
5914
15416
2204
308
6211
2804
13228
1896
4195
9175
7881
8908
7248
7737
14627
9373
19240
15958
3942
3597
17645
16014
1615
2785
16056
10271
19015
1139
3913
10670
2956
5752
8592
10846
16412
6887
15221
12809
13543
13633
997
7027
1866
13156
6081
14962
12064
18896
19381
12807
7628
12345
5110
13190
6393
13542
2830
8791
12349
14795
15346
11002
15256
5360
9546
1027
6454
18951
12387
6397
2021
15228
18550
12918
11411
11403
13644
3179
280
17322
1219
11127
6140
478
12268
13637
5854
12588
6101
2278
8815
15616
18799
2697
6597
2027
17703
13929
5632
14810
2878
18645
17992
16028
10919
2631
5867
14364
9157
16838
17500
15852
14296
8111
7855
1298
1560
3463
2165
7684
1080
15054
5529
18827
2400
13882
10558
10602
9802
14466
18278
11049
12493
8747
15344
12433
5493
5916
3136
14688
14046
16334
9359
12478
16459
11870
9702
6993
14588
15363
12411
12118
4496
15718
12858
17659
14357
11408
4121
18305
15466
6648
3825
16769
4571
3363
3767
6502
11014
2040
11679
6111
19362
19261
2483
1454
15548
2744
301
10272
2282
12905
8136
423
18441
18061
15786
9901
1363
4859
1712
15435
12527
10669
10286
17340
11787
14272
15442
9862
1642
221
7250
11772
4874
13606
85
4759
14005
14380
6332
1496
18619
17948
10310
7566
7841
17030
10450
9795
8615
477
1268
5801
16610
2093
17370
18932
18168
4355
1373
8519
18781
10030
18169
14127
1346
18820
12740
14617
5505
2983
6488
18996
3878
19199
2537
863
13463
16565
2518
11783
6245
10007
14319
14191
17829
5664
8355
15005
8915
14663
3335
6291
18355
6891
3326
16065
13388
15029
3360
11448
18564
19432
9941
2510
7892
17603
6878
9889
3830
13351
13301
19133
8450
14772
13518
9846
14465
1804
18580
5565
19337
18052
4641
12491
11641
18940
15878
15899
12161
17453
3601
4615
10128
9841
7257
9927
16713
3594
17942
17146
563
14544
5460
5598
5433
7669
2312
18127
10151
9470
16916
16803
18216
6535
17867
9996
1381
12932
16461
1782
17392
2850
9629
2798
1097
7115
3556
16271
6907
14579
8023
1943
10653
1290
4581
18464
10950
3797
10832
13185
11910
649
1247
5676
19398
13566
17238
2230
17045
18299
16919
4742
11200
15182
15069
14271
13436
18762
8225
999
17043
7076
19117
1273
17522
17915
13322
14595
10253
186
4592
15895
14143
18436
3679
3955
11216
13044
4422
8419
5098
8668
6033
18250
4275
1446
17326
3636
10190
3496
6841
3428
15536
14886
13246
16366
18829
3520
5777
8754
2628
18376
16339
14862
11688
12200
14446
16320
7053
6805
10240
10719
1927
11572
2244
14229
11879
14546
13283
2484
3864
12490
10913
14816
15906
12406
15847
15357
828
8095
17258
6125
2325
50
17951
692
1525
11382
3543
3828
2898
3990
10887
15175
13423
12078
12294
977
18972
8422
15167
17868
19149
17098
6
10619
15002
15202
3029
17033
18090
18129
4506
13182
18087
4444
17253
3277
17840
12935
12121
12240
16350
12755
13639
18761
12597
15469
2458
12066
14988
17437
18306
18098
12947
5751
16517
3564
17088
6169
13561
16850
4332
16455
4059
5591
4144
15886
1070
8984
16245
10800
13416
3450
9748
9002
7124
12099
10789
14324
3202
9095
13252
12432
7038
6402
7844
9272
9655
8274
18143
172
1083
18398
2222
11179
8577
14831
12385
15131
5285
9258
6620
3293
8652
10231
10833
15766
7088
3087
9732
11513
17512
7969
1555
450
5096
12026
13745
12892
16359
13907
19004
2845
13392
16511
2309
8681
6852
6842
7978
17514
6349
4465
11222
17745
11173
14393
4439
11288
5492
9836
11441
17357
16297
10722
6425
1950
18384
7998
12150
13681
10000
11468
2719
11429
17299
13743
16389
919
18961
15752
13855
5393
7106
14909
17853
14026
1883
9368
14027
17872
17811
17422
15177
16027
13930
10356
12225
16341
9262
6380
16352
13393
7493
14576
5457
7708
7526
6294
10626
2439
17366
12976
14705
18973
2051
11099
18642
7822
6521
14385
6415
15125
7581
13965
5956
18211
9490
19277
4143
17080
862
1464
16688
17873
826
5187
11210
16069
13049
3805
17173
13648
2576
1750
16377
4371
1335
1778
15634
14668
12422
1695
18742
18176
10220
12622
3609
7204
1497
12970
16224
18970
14079
3917
5232
6626
7659
10115
9696
3214
15894
10506
12211
18059
351
7426
5464
2416
8839
5191
18484
13942
4079
17058
10071
5040
5580
19383
5836
4316
18390
1297
8937
53
5692
5719
9003
4457
8782
2152
8772
2090
4115
18908
16516
8660
2046
14463
9061
2945
5288
18866
14042
15347
5379
14547
10821
5993
10659
2003
2382
17041
15841
14258
2722
13082
13499
1728
9710
13247
10087
18941
4612
18839
19189
44
3977
4763
13317
9510
4191
7341
6440
16967
3272
10618
6227
14220
3052
6906
17927
14999
19021
6581
49
3948
3810
4474
18499
19074
5917
3886
10211
2446
13386
17260
10073
11270
16006
12880
7506
9761
6238
12994
12610
9477
1676
12404
10855
5976
17937
6197
14447
153
3217
17825
3801
12964
15571
3322
16279
18519
17362
12547
12871
7056
4519
6628
8445
17802
6745
12312
2201
11492
16140
8477
831
1449
18381
10844
5361
8278
5204
2189
8587
11546
801
5412
14569
5348
7967
12624
9675
7059
967
16206
13421
17360
12390
4956
4951
5053
1074
2120
15017
9753
7183
9402
10519
2521
16432
13373
9193
6219
14768
8069
15806
5332
7418
14566
15964
14269
11936
11373
1168
15541
6124
54
19350
10029
6192
16080
14749
550
12728
19218
11169
10721
5874
8783
14526
9018
6398
11901
4723
18554
913
18093
12921
12823
9243
9208
4916
14315
3283
11235
16133
19351
12475
16843
4591
15494
7747
14048
15489
11976
1170
1092
5174
13273
7935
6279
5556
31
1409
2144
3904
3120
16708
3064
6352
17960
10053
18183
14893
10214
12696
10170
13721
13732
2906
6271
17331
5426
11657
13136
9293
11590
1546
2676
17678
5439
1549
13360
11007
2007
5328
19302
18193
3472
18269
505
10886
16167
15285
15001
2698
15102
17816
1945
8109
5621
17272
7466
10801
17850
6259
8447
8455
11008
830
12614
8002
5862
13177
13585
6800
6654
3000
18850
5657
409
2946
13604
14072
179
159
17620
10837
1514
792
7300
9562
7987
4349
6188
6703
1133
4060
2077
1613
12003
513
14630
9626
13509
17617
12057
10072
16091
16482
3952
10486
9503
8200
9226
11506
4514
7950
14024
5410
13453
5585
17838
9919
5628
17680
18738
17206
5430
8964
1570
10993
11253
1815
18353
30
18265
711
6001
15322
10569
9313
15351
13575
2909
1949
8040
774
15381
14695
5120
8525
16802
16466
6461
4073
10509
1398
6147
11107
2975
6828
13879
4212
4248
17341
12020
18886
7851
903
12851
2293
7760
16138
10520
14261
17762
7191
5092
15884
19104
4728
5094
17285
1714
129
8886
14653
630
13224
12416
1723
3035
15321
4925
16403
14910
2525
5619
8537
14826
4535
827
14618
1255
5757
14516
18110
11145
8795
5607
7539
9646
17458
814
19363
19109
3517
10683
17025
12642
17749
12360
17666
6677
16832
16479
1270
3315
15193
11979
12713
7556
11342
350
13426
1487
7778
17323
7086
811
12379
4638
12585
9406
2861
17349
3182
16975
11341
15521
10798
8761
6412
1738
13979
834
12368
590
8556
14945
7717
3110
6823
5281
948
18037
10970
8300
607
1210
17592
2653
16626
384
15975
9970
3964
8721
9379
17421
7406
15728
3638
7537
18506
15161
4570
4839
10159
12938
11415
4534
14490
3471
4454
12590
1748
12
2689
9265
11792
17786
17131
160
1507
14054
4563
11065
8495
10657
18251
15805
445
19386
4463
13924
2664
3527
6853
7512
4932
5892
3073
2477
13740
18657
5020
3882
2005
9268
11418
5745
11254
3302
6459
15683
7006
924
16330
1978
8520
10810
10319
1878
3191
18378
17022
10915
2615
16310
17079
19130
10204
1066
16731
5674
17444
12030
4000
5957
14304
14053
18423
10025
16445
19070
7607
19110
16458
17920
5503
16881
3344
17769
19062
2575
17712
9997
522
16046
18359
16375
18778
4965
15605
12320
3881
16499
14530
16694
6067
3390
13286
16847
15213
4039
12238
14034
14523
787
11975
9591
11246
2879
6162
15797
895
19332
12348
10582
7689
9972
414
8080
2534
11848
8892
2471
18142
8150
14629
6201
15645
16243
12586
5806
3321
14626
17300
436
16717
19219
2962
8848
10132
17793
19182
4674
109
7329
18535
9392
8649
1202
3328
4004
18207
19197
13736
11805
2990
2139
17546
6482
5941
15815
8879
2766
1652
10574
15288
14651
15795
9161
19414
8800
647
5080
4102
14234
15083
8928
14682
182
17185
7218
10366
1706
18502
156
10521
6339
19339
958
2377
16374
17264
17261
1770
8066
7570
8574
12134
6931
10809
10781
11949
15704
16275
7413
17893
15330
15279
12016
2368
810
17987
19268
5112
2294
7187
3488
7707
5949
10608
5933
19131
3613
2506
1824
8203
15799
6877
2411
12774
14154
18102
1924
14797
15329
6018
18279
9745
6057
14568
13843
12983
4317
3213
2788
5968
13993
354
4579
15498
14833
3542
3959
12274
18259
16906
2743
7979
6706
10108
5925
14116
194
5468
13610
2302
6638
16199
632
12248
15119
13455
18414
12946
292
5718
12805
1308
11126
8024
15711
616
14552
6758
19276
469
8055
11404
16515
16107
12907
14702
1406
3595
1132
16538
4451
8873
14955
17665
8970
7416
17128
19031
10250
4829
9356
17767
2507
2774
5129
6448
1621
16395
15047
3790
18873
8659
18849
12551
14057
13860
13818
3159
2052
15816
7724
9386
19227
13885
9652
16451
15953
2980
6034
1130
15361
2253
6954
4969
4333
18560
13379
7348
3775
4273
9400
9561
4693
11272
17191
13381
11121
3233
6856
1678
10930
7423
1331
10783
8022
4684
12651
5802
1844
6897
16184
19284
14934
2248
4865
18418
7153
12266
1780
896
2993
6066
3008
10275
12769
1848
1155
4888
10018
16554
14645
11634
17572
7771
19150
2784
5660
7186
4276
3372
8093
9634
16552
9068
11110
10969
503
13395
7155
3358
187
14784
2730
15189
4941
16247
11982
14285
11827
17378
9925
6166
8103
13656
13718
14372
10735
18573
11816
11507
17860
9330
18634
9335
1994
3804
13636
18103
6011
15980
15525
5590
8485
17918
3279
16836
5725
2463
18066
7354
2727
10690
18403
566
201
6016
17698
16044
6721
7331
4126
2844
1836
18215
12002
14306
8723
6282
2107
13384
7057
19032
13703
15581
12915
4109
11148
8860
17999
1277
13056
4726
1451
2193
13030
7363
16282
3459
15821
17232
6426
7779
4967
16290
1475
3866
17782
6998
15893
18844
16510
10405
14387
4319
19285
11019
6128
850
12138
7983
11759
2034
2136
16012
11690
10144
17417
3434
5456
18993
12456
9739
17649
16849
10076
16929
12506
13863
9181
1619
11908
19167
13242
16144
8291
17964
5721
14468
4066
14997
19113
14839
9870
16450
3988
6544
864
10765
7500
12785
8329
16032
12034
135
14861
3226
1522
14145
11973
6151
8475
12234
16333
14483
18989
3092
15134
15675
15961
5207
9779
12035
15070
10191
3126
14023
5669
2749
2882
6446
3134
7296
8913
8768
15216
9752
15621
4485
6553
518
1841
5786
193
9783
6110
6058
19115
18117
3067
15340
7858
8650
4279
9189
14122
15034
18048
17207
4002
7746
125
12370
16039
13982
14037
770
1867
5919
11801
9747
3839
18795
18848
19147
11301
6141
3791
8677
3565
8344
8606
2480
7753
5548
4111
13496
14767
5004
6604
2856
1279
11437
4050
15688
5413
4977
739
9413
8798
12381
5063
6093
12290
4176
13000
4335
18788
4287
15355
16337
14038
2720
19085
17633
12846
15009
14482
5736
17268
11927
19226
11006
17896
14195
8387
1623
6285
7630
15590
6215
10325
7813
4857
15059
14494
15012
1236
16147
6854
4402
15412
8759
1693
6911
16658
2283
4942
1855
7528
13809
5169
8397
3329
6476
12052
14167
14659
13129
250
15798
10963
16475
17415
4529
16551
13201
3734
8642
3645
7010
8212
14685
18903
18465
7264
10179
9387
5002
6862
16651
4486
10360
14637
3103
9859
1362
10452
16431
9835
1223
19416
17803
17998
15740
8701
6293
10209
1881
12686
15775
16664
13517
18157
1440
305
11407
9658
18892
5566
14584
11554
2296
7715
6287
11953
5335
11999
13995
12839
4712
17570
4849
13312
12094
15280
15353
11232
3440
11159
12162
2651
10741
4370
9037
17651
2404
3507
11353
14115
10825
10926
12746
996
15454
16868
17145
12376
17711
11560
113
10247
11501
7884
4119
17351
13067
19368
11450
17755
7551
12881
16928
19114
9122
11678
5626
18032
4721
11252
11425
13075
13777
14837
3049
16276
6148
1862
1520
6826
17471
2455
2460
14986
6405
15154
4206
17641
7346
6761
5562
2367
8926
11765
4783
14069
4472
9337
13523
2070
15723
1479
13894
14392
10448
4748
10516
1860
18542
13472
15753
11828
2691
6487
14936
12904
558
1128
18343
11741
19187
14031
11218
188
9544
7885
771
19370
3780
15999
15823
4184
7209
3149
1453
3212
16777
7135
766
2670
10215
14781
1547
12940
656
13508
3404
19050
13954
15572
5273
9637
11711
10023
18408
14598
9611
11361
10149
8653
8261
11458
12688
9271
4950
19142
5329
11092
7856
7676
926
10746
1851
4005
10988
4326
12407
4966
16068
18153
2
16124
11673
3172
2802
7877
11309
8411
1859
6778
17906
10791
10438
5543
15506
5935
6084
12596
16932
10401
17241
2954
10708
10636
15249
8510
2655
12107
540
10187
10878
10424
12482
16338
8578
10747
3852
16064
10106
6076
13684
8641
7648
16981
18226
2996
5449
5391
4254
18217
206
17908
16452
2549
904
12201
17194
1160
6000
57
9949
6929
15565
11528
14774
11082
18242
14777
19369
9405
17038
7735
10916
12212
11120
4799
11241
2039
14132
17165
17336
13531
12409
17327
1237
17596
16116
18681
4225
7326
7356
8728
11423
7211
7193
11646
14198
838
14650
13207
1207
9685
7757
17095
19107
639
17354
17310
7734
5709
9916
3648
11248
4871
14510
19225
13005
9627
9570
18448
5948
9958
8356
2997
1312
6643
14196
5688
325
1343
3984
15048
1784
4998
5555
12532
12006
17023
13693
18426
6156
4416
427
3682
6798
3853
15319
2239
19326
13940
1998
1127
643
17924
14381
4526
4403
243
18100
9343
5641
14461
435
4537
3539
2459
17281
10157
17674
9142
1566
17778
8029
18108
13804
5372
7578
13339
2626
8432
16640
1664
16946
18422
15211
4533
171
12202
18741
12191
3923
13722
17278
12998
10265
7243
15230
15949
107
7492
18002
15579
9539
7171
7163
8402
9740
1942
13915
15643
17595
13318
15336
14325
8834
5979
19287
10274
15269
15232
19434
3926
10376
18997
19385
4987
14591
11013
12123
17681
15090
10650
13263
17720
7642
4493
