1839
3112
2259
15372
2324
7838
12478
12540
8387
5508
18068
18628
17204
14057
9385
6800
12615
5961
10404
13361
380
15344
10565
9929
1793
17417
17568
7100
18051
17366
13204
18873
5705
18289
17082
8397
9966
5691
3629
1327
5675
13048
9013
18322
12674
5971
4810
330
9741
17838
15471
16427
11453
9732
1477
1464
6778
13136
9938
5115
6364
13700
16209
8054
8964
607
10780
7884
1918
7103
7338
16797
14611
383
18498
2094
19178
18793
12947
12054
12595
11228
4582
9769
10679
16460
14938
12001
15053
9209
8427
8444
4797
5234
1527
9686
2165
17367
14287
16852
12754
15879
17943
4779
4789
8961
13144
18876
15643
14265
14512
6258
3849
7865
196
1514
13804
2939
16043
15975
5990
11294
17911
5690
16906
10132
16643
13390
1553
19283
7841
5717
180
6293
615
594
1136
11612
7225
2845
10796
16727
9048
8267
693
13196
3070
7509
5382
18148
10252
18534
12455
2053
5609
5314
5838
17179
3700
15036
14214
11973
17035
272
2418
15741
4312
8470
12719
8688
13714
2549
15121
19440
18239
8187
7417
1429
6963
15842
4188
15139
5650
12390
15478
5954
10084
14817
5887
16062
16331
18922
13020
9522
8261
1691
6710
19226
16037
10367
17609
11200
12041
3169
6702
16381
17018
10292
6629
15026
6880
10490
16694
19044
5164
9715
18000
19350
2597
8257
2286
5703
5914
9163
481
12973
18646
16667
5101
7265
15983
4981
8630
7902
15853
16144
18736
7347
19277
2829
14753
7165
662
3359
16920
2953
11560
17636
7724
12516
17965
2008
384
3489
6828
6523
18435
5262
17920
9778
13471
17755
5774
4058
883
4471
15154
11937
10235
15198
1456
8436
1006
7580
11173
13979
3449
10711
5375
14770
13318
15039
13993
3472
10344
14170
8210
14558
11913
3795
444
7665
10722
147
7859
4239
2197
2529
9484
9417
3288
6445
249
6654
1549
17617
13043
2645
12702
4098
2492
3425
13709
14186
15835
3060
11867
9858
18535
15989
9879
9751
6688
10988
4060
3317
10327
17337
10256
12741
9689
498
4772
16754
8740
16963
17897
11787
1107
378
13142
1234
1779
10311
4123
4465
19290
15894
13520
17109
17159
9589
16783
2191
10050
17455
3748
4975
12242
5631
18612
8488
8276
10809
13362
2446
16479
15346
12130
8002
14882
10866
10510
9363
8552
14839
8747
18709
15032
4106
18049
8278
11398
1343
849
11853
14417
14978
16400
18769
8938
17863
17739
1979
3858
11216
15565
19106
1214
7763
11491
13868
15021
4277
12655
15994
16560
7556
10326
10318
5800
10106
1042
14360
1804
15115
14552
18530
1277
13016
11375
18890
3908
11280
14200
17288
18682
14190
17834
10499
17030
13866
14013
5957
6662
2018
10657
17927
8862
6505
13075
2613
1862
16220
16935
3302
16762
18225
399
1782
19166
17647
17764
7047
6829
3290
12897
11253
11526
2914
1580
10688
13341
12805
16730
12612
15438
12122
7921
2292
14054
3776
2822
19061
9477
814
1623
13082
12766
17790
2560
17382
2391
19078
16931
10321
107
10770
18697
16006
10133
17274
6636
3961
4627
9882
1847
15403
5392
7341
1444
12995
17477
16512
4057
15055
3454
17372
8954
17794
14536
14585
7466
1791
5452
7171
16726
7264
12510
1346
14317
6737
9175
10424
11972
4801
9242
14031
16276
897
7640
12315
12297
13487
17118
4317
5165
17092
4283
19034
4778
1582
10859
17515
770
15239
11049
18799
8211
11323
11707
16897
12584
4529
10129
11196
13809
5347
2909
10582
451
3126
7802
7771
14466
16599
12119
9065
9483
19256
18395
3445
14951
15675
507
12097
19302
5708
10518
3120
10654
571
2244
18273
12056
13973
7054
8457
11168
14124
919
13627
16023
7187
9770
15766
18453
3224
8999
7910
1312
11512
13015
6701
11581
8842
10436
527
14099
12752
16238
11265
16064
14816
6428
4444
3196
5346
4261
13047
11868
18195
1401
7597
14809
19332
15599
6794
8355
14680
14630
12956
5897
10506
5413
3093
10477
16610
3656
16027
1201
16883
15153
8951
17674
4729
9925
16596
341
15048
11251
903
15047
1736
8449
19092
13559
4217
6552
15013
15429
6674
10772
2696
14810
5819
10470
14019
11854
8230
10606
10725
546
1256
15079
956
14393
19177
16601
5750
15181
13416
16536
7060
7691
16294
19266
9389
4771
11946
19258
17356
2351
7124
16905
14668
2274
16826
9870
7322
16413
5773
742
6962
18290
11660
878
10799
8749
7596
16337
16332
1152
19151
17013
15784
15516
16628
9512
7162
8576
2279
7321
9552
2189
9990
14622
10259
8275
11445
18954
12848
4652
5953
1088
17973
11727
17182
7553
15329
7570
1462
6805
7478
16001
12937
11045
2985
6425
6541
1721
16591
14021
9124
3671
2518
4380
11187
14335
1190
9387
11795
15086
19294
13481
7434
5444
13107
6622
3501
17178
13684
13233
6807
13237
3286
6891
14027
19205
12845
12865
6938
16759
6010
5120
18447
10945
14137
11285
18223
15902
414
2035
16639
15211
5815
14371
14375
13408
11637
13508
12339
9159
4119
6525
12929
16708
11408
3247
11034
19214
10190
69
18259
12248
2277
18380
17508
1890
8142
9279
18704
14328
16200
19216
6071
6648
366
9224
18500
7513
8766
235
9198
18175
14667
3233
13745
2838
7924
110
12404
12498
2938
12714
7316
6705
11794
10832
8568
11904
2812
9246
2429
8619
10004
15328
14533
19155
313
10800
7799
13960
6128
7638
3084
828
3496
6753
1669
2841
8280
18855
15232
5969
11467
16007
17299
15208
4115
15765
6281
5015
12800
8882
11713
6559
12353
15180
18192
10538
10251
4932
8400
12138
13051
1217
1393
7583
1467
17150
2950
9779
18715
16909
17132
17480
16991
18422
1660
6602
7041
13937
7204
6924
7819
9314
9328
114
13946
12871
6127
13137
19273
924
89
16545
13352
5710
13924
10205
4026
7299
4307
2340
15606
1656
2498
5004
7822
754
18919
6994
3484
9059
8235
15046
13382
8129
3469
7137
7075
4604
13497
10883
16188
5170
3963
11947
14905
18574
18816
3962
9075
9078
11923
14046
9153
1222
8955
6096
10764
8232
1957
8685
15113
17595
15939
12266
5879
18781
1941
738
9282
11594
12872
19416
4432
15965
12829
1046
2538
13851
3856
7010
15834
5163
16590
9745
5371
18970
15083
5020
14804
7296
3174
6487
12244
3077
3909
17415
16232
12208
9451
5538
15794
8403
3503
10427
8666
8357
1073
9608
13784
5976
3517
8649
14531
619
6377
11261
15392
616
2686
14268
8424
11803
13351
3912
10455
5041
6289
2345
4957
4195
17811
1932
14174
6625
952
12853
13398
423
7717
15958
7167
2722
5082
7129
15067
6317
2081
14413
247
8536
8979
15755
11154
5860
9007
12969
5759
16795
1373
17061
95
8413
17828
2458
6480
13659
16848
3852
8811
7020
11146
2005
12729
10849
12491
1589
4693
19192
1714
199
9025
7595
4916
14626
8932
2482
6002
4079
19380
17907
17664
2871
7055
14017
9724
4318
589
1698
13191
17720
19248
6183
16472
1516
1097
13399
16185
14405
11522
6055
15016
19209
11725
8855
8988
953
17163
1341
16173
8064
8755
1802
12293
13294
13273
1863
18294
14902
17286
14718
3457
8926
9456
15486
11711
13614
16872
9316
300
10905
12904
4379
10300
12998
16375
2449
11391
8835
16679
3527
5694
3663
13472
6459
771
17064
19297
17690
7418
9126
18533
1294
7852
7821
10067
5248
19311
18477
15023
6758
12051
1510
3354
9546
5580
4842
13894
12765
3049
9337
7764
16681
6957
1485
6492
18925
15222
12334
7707
6605
13293
13422
9995
12190
12267
3916
2833
17924
11400
9599
284
7676
5134
10459
11356
11204
5337
17272
6562
3252
13525
973
4605
11214
9241
18991
6149
3297
18868
4644
6208
2585
16664
16206
16239
1496
5264
12614
15375
3238
5568
6032
9296
13118
7699
6885
16967
8066
9232
18210
18763
3668
2451
9498
18608
13052
2162
11582
18093
7183
4027
7499
15875
3234
9008
10163
8184
18495
12857
15191
7641
14666
250
2507
15810
9876
8890
11084
2625
8226
9144
9591
1086
15253
12596
291
14257
17649
15243
3949
14208
18314
17429
14569
4322
16511
2993
9529
14362
387
5837
1570
16847
10020
3063
13764
15371
18905
10932
9043
3182
11634
17652
2083
1170
14740
1228
17738
17528
9749
2182
10791
7426
6285
9419
5320
4622
4394
19062
673
9099
11050
11390
13743
17437
14380
10521
2460
13275
15015
13664
389
13523
13326
12618
5562
4436
4942
11625
13841
17665
16248
8205
16544
7194
7218
2275
13977
8451
7305
14408
17642
12385
18305
3100
9596
11474
6842
16015
8992
19060
6043
5203
15504
30
18377
15221
5745
8914
3535
18537
3191
5230
16701
7735
4728
15851
16812
10608
3356
11983
811
4950
18485
123
7820
7919
15897
16704
8168
16691
12721
14945
7718
3530
503
14542
14029
5716
6877
10569
13259
1611
17788
8732
14103
17478
17968
18746
4754
6738
17296
19344
11770
7983
8511
9757
14188
14682
3510
12921
9675
14919
859
12211
14160
15769
17322
13486
18877
13078
19264
13935
470
15515
13393
7141
16055
6765
11
11030
16550
2651
14079
15077
6008
1595
4022
15607
16032
2390
16933
19363
2535
10267
19069
15590
3293
15278
3440
17962
16272
2212
6791
14368
11471
17722
15727
12774
14921
1712
15090
12585
17361
14136
14613
13055
11945
6267
19199
12952
2058
7575
16766
13189
4433
16528
9630
18750
3929
5781
13114
12930
16618
5854
8940
9800
2
11953
17553
35
17096
13089
15249
14995
11736
9958
12233
19423
842
3894
17703
18770
420
11402
6537
2193
6533
17997
14541
12760
16846
5764
15602
15129
16953
9518
19127
17167
10137
14998
17631
13454
18548
13002
7511
18371
9954
17723
13968
5767
11448
11145
11404
19230
15355
2387
16167
7864
367
9239
9796
14583
1384
1430
12864
3675
8416
10821
18135
11270
4966
2660
10452
13726
16948
8351
16252
3393
4851
16735
2539
4890
277
3458
1821
14829
11099
16075
11776
8981
12204
10182
9819
9945
16676
7290
6284
18333
17192
12561
10254
13681
17474
6841
13903
6325
16647
13029
9443
10801
639
10701
2626
14922
8421
8939
15216
8340
13517
2119
15883
1203
15740
3938
15845
10250
6724
18062
11813
3073
9835
450
17124
1177
3830
18893
11959
5388
14650
15754
10088
879
14566
1326
14642
4235
19289
8291
373
18636
14937
14430
6276
15440
18647
19202
11396
13566
4430
15548
11630
11501
13129
9267
16341
11021
11927
13952
11393
13631
17857
7243
1755
12254
15501
3621
16499
18415
14092
10236
18514
4298
13633
19237
4016
12241
19006
10493
1098
2239
6123
10875
9327
12395
1852
17106
10645
8132
4549
9243
17231
8633
5722
14232
12160
9324
7421
10577
15903
15288
10421
5451
17522
14733
18142
8689
17023
15982
9115
18064
17093
13126
5987
16048
4089
5842
3735
7791
4002
11807
4827
18084
12075
14801
19441
17714
5433
15753
3767
13235
17039
13140
6273
12386
8701
10600
17275
10752
15681
13156
7880
8959
19019
11760
18302
10838
11622
11341
10731
15443
10676
15591
3452
7210
16408
13537
8191
7132
18182
8110
2813
624
2465
7356
11688
11423
14730
8241
5119
5911
3462
18350
14492
9740
10700
11248
969
4405
7551
1147
16288
3774
17208
8200
10226
2561
9401
15428
6171
14519
4689
2831
4144
4062
3738
19142
10342
1236
2023
18792
6066
17698
18328
6754
16501
15150
12473
9117
5290
15134
15520
6079
6542
4721
19310
7143
9035
961
2970
9034
9434
9052
4488
18052
8765
3034
8246
7045
16417
7868
8466
13679
9164
10101
15887
11880
18448
10592
4475
18066
12134
14964
4183
18508
14955
14988
7226
838
13879
15974
6049
12351
14712
4512
17006
16651
14627
8434
533
16045
7416
4349
198
6973
4592
14985
11989
13749
7850
19389
7523
17263
9176
1466
1903
2644
6210
19043
3428
9710
10073
179
15383
18866
16971
4234
13435
17891
10415
3703
18848
6933
16189
8265
14714
16458
12259
353
15041
11003
4020
18973
5010
16958
18778
7853
15082
9846
6140
12725
11568
18423
3043
14358
16428
6057
1264
10547
1832
4125
3964
6283
11156
2139
2837
5319
12319
15037
16475
8127
14189
14546
14372
4303
13724
8902
16406
15863
4476
17731
14114
9158
4506
13186
12788
14966
15353
17717
18144
6597
19072
12166
5152
19022
11507
17310
5544
12099
2655
6476
10141
2656
5273
17763
6143
7491
14758
10874
6064
18269
7623
6716
1390
3775
1867
3751
9694
718
2404
16222
17998
1683
9996
4019
18714
6270
896
11524
13889
17987
9640
15776
19276
6212
4705
13531
16012
13765
16172
15704
2019
5017
18459
16815
16081
9758
16127
16739
18245
2355
3069
4180
11382
15450
14572
13396
8148
17291
2854
15453
14108
4253
13216
10602
17029
6913
7961
1288
830
6080
3217
14032
12009
16423
10268
1167
1178
11005
2338
8965
11710
15377
17728
4102
17475
15680
6739
10014
8839
6925
4111
6677
10960
2817
18150
7359
7591
13460
4372
10062
17762
6727
12556
11558
15932
2592
17734
16760
14796
17440
5071
4364
15257
12575
16104
16904
17847
7221
3342
10222
10896
7738
9473
6631
12728
12454
9445
16223
3707
1652
9562
16024
14918
4316
18835
2631
1825
11468
18255
14929
3749
19149
8238
3245
16416
15342
938
16728
14226
7813
3947
14034
1997
14033
18963
12970
9703
17362
4003
6287
15214
12980
4244
15244
16955
16890
19021
17130
11732
9639
8761
4440
15543
9391
3156
3032
6747
9510
14005
10782
9223
8525
12279
17500
11373
12019
12648
10842
8880
18088
5232
468
6971
6340
3421
12407
6870
15750
436
4473
3050
5396
7954
5607
10030
14416
9874
14475
17524
10944
15123
17476
4943
6
16271
480
10836
1075
3071
19107
18951
11135
17668
6087
12389
1313
1881
12680
1536
18266
9154
11674
12535
6275
9889
17958
1816
10716
5058
18621
15541
7979
10946
994
9037
11374
8949
10881
14460
14220
8140
6478
2374
19252
13813
12013
8830
1290
4448
4983
2947
4875
9261
15425
13641
2848
12499
7360
7779
11606
9721
10066
6776
9097
8512
192
11072
3203
229
173
17836
983
11583
7333
13340
13110
16411
18642
694
16066
10979
5282
15585
238
8044
8040
10184
13130
13257
4628
2506
15464
17519
11921
13639
15563
1545
16237
7560
15819
17217
5251
15256
638
12915
9003
3941
6363
13606
7295
12695
14840
2464
12152
7816
10543
776
7920
18347
17637
4840
5348
16700
19130
19116
19075
9563
6806
5931
7079
9696
386
5391
7383
5641
18151
7405
8927
215
1703
2562
17407
8668
6773
5289
7987
10355
19222
5863
2107
1279
8087
13357
14191
6790
9720
10704
7414
15204
5591
10854
10029
12088
13264
684
2784
4993
3995
8725
14482
2959
11152
8289
581
945
14900
17510
8714
13496
18829
6000
14967
16099
9114
7935
14095
8295
2709
6236
6749
11085
4343
4381
4109
6539
8563
88
18381
10713
11019
10605
10512
10360
4982
16547
8031
8506
1241
8694
4998
2233
15426
15159
14009
1680
7190
14603
16552
6827
12525
6298
3186
8493
5865
4717
16864
17732
17226
10926
14202
7017
12295
15122
19150
18562
7464
7757
6141
13623
12425
14130
10665
8138
1385
12076
5168
12445
14122
15500
7516
16245
4011
4417
212
2689
16260
6419
12422
2264
13392
12900
11540
3891
8305
1160
6160
17188
10024
13954
10098
1083
16003
11106
14290
13972
13907
11580
4684
1240
16227
1257
2608
10170
1295
10850
13909
12911
17049
18828
4910
8575
17381
16843
18976
3645
14262
17512
7123
1576
4526
16467
8294
18904
5445
18549
13339
10612
2222
6565
14685
18838
15024
1559
1551
11600
3694
11930
10719
15312
18057
16898
1904
5651
18846
16228
5386
8589
4972
3054
9602
9345
12358
3805
5305
83
8485
13050
9330
4834
4416
11554
18207
10632
9535
13735
797
18913
10473
7086
9838
654
10899
3794
11284
17031
17333
13562
16226
4826
15752
10407
5582
18417
11676
4938
8272
17183
10706
4743
11012
2767
7256
9361
2271
2290
18352
1481
11665
8309
10858
6954
5141
9033
19351
18788
14772
4039
15289
15210
17076
904
13367
6785
7224
9626
7173
10659
14297
1099
530
8659
11801
11916
12924
15415
18854
2276
370
13898
8985
13933
13560
14523
174
3246
14087
388
17867
6720
9979
2332
926
6402
7411
13543
3678
12286
12046
100
7572
8369
4108
8621
4124
5537
5340
17729
13160
8150
5726
5192
17760
2257
5404
3666
15545
10274
8750
6451
8970
11372
8556
2570
10047
4029
14928
644
3977
333
16342
13203
3648
3885
6190
18814
195
7445
1740
17189
7629
13329
18031
8670
18098
13535
11636
3192
1937
15916
7178
7611
9071
4463
15720
17926
3315
13843
15357
1940
9412
8303
16798
4554
7708
9208
14313
15088
17862
2187
16014
15786
10081
17087
14875
14098
2629
5885
3739
15269
16998
18918
2830
7121
2692
18284
11461
17839
5564
4100
7099
2792
15323
15955
19028
11055
2615
11723
1070
12354
10535
15895
8734
11121
9464
15038
14384
18034
13777
15583
4799
13424
2527
5934
9218
732
6571
6367
11961
783
4574
11038
7828
2098
14470
8228
12705
12873
5881
3423
2974
4486
10638
12050
16377
8628
5550
772
18471
12382
9502
2099
15604
6714
17939
11572
16070
8802
14159
15324
7080
18795
12940
13607
18283
11421
14345
12236
5813
8370
7076
135
11706
18341
8301
13025
12984
18581
9057
4678
2668
5669
5084
7621
18947
15103
11249
8220
4265
14508
13079
9895
19367
2038
1219
3877
7348
15596
7284
9119
6510
14354
15241
12284
6628
3275
2673
15091
17357
1248
7323
18572
18507
11668
709
1193
18771
10394
6795
10507
8889
1958
8273
13250
18832
14075
17896
17252
10009
2915
11738
2084
11150
16498
12006
10453
1216
7200
15529
14831
12314
4389
9571
10765
2809
11460
156
17791
12894
4859
5499
10989
3213
226
17810
18599
12707
1156
18271
8039
16923
6812
19393
2896
3706
10774
18675
10942
6787
14437
2011
7561
11138
17255
18655
17571
17145
8180
12593
11530
13371
19117
12129
15157
2954
17813
7423
6076
17277
4511
2061
13096
11232
15869
15040
14285
7648
119
4696
6062
19307
3797
6743
8661
6142
10984
14066
5271
10824
8442
7433
8527
18782
17119
15988
3591
15319
8452
5205
2851
17822
149
9272
1748
13195
6825
15756
11838
1573
7851
1
19182
15721
10915
6528
3713
2022
8887
6564
17499
2270
14992
8017
11332
2883
8780
7317
8933
12827
16329
11377
13477
11344
2563
9211
339
731
858
16376
14088
1045
19147
18383
18330
11765
10658
9857
2326
10804
14382
15648
11516
227
5085
15205
9913
4059
14935
8055
7687
6836
1678
17628
17040
18110
17497
15715
511
12379
15888
7377
1896
3868
14538
15691
10928
1525
14599
14069
7619
2052
1155
14173
2647
769
3320
10767
7249
11621
16873
14852
37
12798
9449
1150
9674
3553
15325
11504
9872
188
2305
6111
6896
9149
5209
7309
3523
5910
1877
6547
5786
15201
6197
17239
8838
9093
643
16685
15327
2494
17378
9107
4970
5194
1614
16372
3578
804
11075
1763
11273
5307
6020
19029
7349
7959
14305
3029
15966
9704
12772
9634
18286
18208
11288
11417
11482
9423
157
3538
17655
15138
1517
18864
5818
96
219
15950
10902
5335
5394
14773
15570
642
18326
19261
3609
19146
6461
8971
2733
17067
12420
13246
7228
6667
6220
14925
15061
1374
4491
3064
31
5326
18680
5578
10387
68
125
12493
4165
10007
2708
4786
14559
3532
8419
14664
18509
16650
4540
6023
4570
15362
14440
15100
10873
7912
7815
7557
12098
13984
8338
8803
13511
349
6665
17648
1765
8337
13330
2869
885
810
17012
15871
12477
17212
5036
19288
15629
9072
12432
15711
421
10924
11342
12638
3450
18253
12348
36
18754
5174
17304
15057
1207
3080
17065
10443
4479
8321
15078
8895
14503
3781
12935
15190
17901
15953
2706
3870
3593
18462
1068
8118
6385
19331
17251
14785
13739
2120
19079
18710
4097
12172
7723
9307
3544
3920
2253
14219
1340
7808
3257
8115
4276
5917
15915
14890
14962
6360
3561
11675
6211
10934
794
18319
7886
15874
11956
16092
15797
3838
10076
15957
17619
14698
18554
13193
7500
12681
10736
11441
17866
8258
19204
240
2703
1850
3291
13215
8023
8864
14704
10528
13827
6413
15145
16572
16395
14550
865
7315
8541
6205
17751
687
13582
11381
185
9581
14551
15956
16496
7186
5958
17654
8157
8103
3188
18169
2046
6804
8156
16811
3892
11183
11153
8344
4805
19023
12133
16355
15861
15084
14586
13812
1392
7893
19037
4565
8651
6028
10201
17426
3897
12866
11051
12268
5655
17448
10211
14210
11936
2142
740
4584
11148
17041
280
13333
16424
9588
554
6764
5632
18985
14746
9952
17201
9928
7653
6178
19000
6770
58
11984
17643
15025
3873
16537
974
2575
18082
14399
1719
509
18001
7294
15494
15449
5553
12419
11954
1235
3952
13742
4519
19263
10750
16640
3181
10022
12507
11619
10395
16205
8324
13969
6606
13665
19145
4607
3481
2236
12291
14734
12260
12856
2289
14193
16966
4184
4862
2568
534
19433
7192
9096
3959
14716
12175
2272
5060
18268
4031
3545
16655
7698
10173
12218
16554
6910
3185
13478
5105
19287
4047
11982
13530
6494
11432
2519
13956
9654
1489
15610
8769
2112
13426
19187
11605
18355
19370
17055
11975
955
11979
13356
12496
11238
8829
3618
3057
19369
19411
1453
9139
16193
13035
10982
9894
9271
14091
18038
11295
19298
5765
12191
19267
13549
8569
12368
2992
19067
16942
5617
11473
7378
18926
1171
11957
6090
18163
13263
17343
12858
10930
1260
16300
9355
1069
3790
16743
6935
17102
5777
15821
14653
8871
14858
11490
10474
1418
1115
14886
17471
3881
15789
11901
16660
14072
6838
10025
5628
2904
18280
10970
8225
17370
8342
18588
13251
5173
9479
8599
14761
4320
4176
13292
14378
9322
18773
14182
19180
17666
7980
2093
7760
19218
1247
4944
15745
12545
18701
3879
16253
9380
7962
16138
1020
6345
9430
9842
9582
1843
1357
12494
15374
17294
13542
7336
8754
305
17807
3905
4046
16891
9452
18353
18270
3125
12783
3598
15332
18402
11976
8022
3823
7543
5484
18454
6473
16500
9666
19362
6951
8186
15189
2365
7689
16397
11744
11416
10210
7363
1146
12411
17269
19269
7568
13865
2719
14203
2630
8566
13253
8330
12826
12482
5202
12135
13746
9180
9761
17307
18661
18725
2065
18602
14337
6906
2955
390
19207
12345
18306
18101
2157
630
12678
19345
1501
5909
18482
6526
13976
12320
7889
15574
16470
18311
8617
17396
12753
2229
17462
13552
12156
11233
10667
13197
5256
18593
9371
14819
1648
19217
10847
3855
2463
15944
486
10104
1492
14677
3613
11709
14844
54
5792
5666
4423
7275
3674
19102
5930
14385
3740
8317
4190
11004
15454
18935
7066
13884
5804
12085
19010
11431
15808
958
2520
3883
15109
4130
14529
11082
15439
12567
14286
3555
12003
18997
17640
8161
7302
6901
5692
10152
6232
11884
12909
6157
6527
2916
12035
12342
18633
3136
9397
14327
8984
17166
15962
1739
448
9217
16548
19432
12492
13824
9338
4321
1769
5003
10354
2467
10072
3082
15302
11666
17653
2821
11193
19084
1218
3133
12302
1754
16165
17582
7870
19340
13256
11401
4481
15070
17786
18183
4818
5725
16053
6119
13240
1998
10157
4162
6387
5601
5384
1494
12479
13031
12000
13568
15069
9320
18316
11585
5490
16357
12325
14784
14116
17798
17373
9533
17949
14909
17266
279
16573
19054
8845
19228
1581
17405
14282
11044
12107
6986
9244
9743
14868
2684
17952
1794
14571
3023
5449
15279
18992
18369
7528
3741
1157
13687
14673
15618
17278
15376
6169
182
15192
4451
3081
3226
6641
3390
5126
14931
8822
16733
18043
17345
2004
9524
13161
15286
18587
16825
11109
14431
12037
15384
6774
13874
11772
9646
7254
4466
15111
2742
4579
6759
12634
11092
3567
16382
12693
5610
14041
8815
8412
25
8477
7288
11768
17706
5843
15168
2510
15580
16731
4342
10378
3160
4179
1744
5030
4017
8968
4911
17992
9221
10121
3731
1039
17133
6819
11644
12686
18179
41
11934
1751
4748
1953
82
3399
3716
16683
7730
9112
15889
4084
4419
2247
12723
7998
1082
6432
11446
1363
2859
16695
8551
14038
1306
3248
10959
15054
371
4482
18073
8936
5365
9084
2856
7135
14485
13073
11823
3576
16563
16349
11556
8283
19242
10042
336
11327
8074
986
13483
3560
11929
13982
3072
1376
8406
11495
8025
12932
11799
12169
14644
15019
2037
8000
5644
12154
1627
3318
17408
9273
1515
10346
11626
14736
3652
13285
9448
543
16988
9353
8625
8445
16251
14301
3400
18606
11910
4152
2073
8877
2007
4865
4384
1243
5718
5645
18586
18942
12224
12530
3507
8063
1655
13626
17781
18550
11226
17589
8034
17197
16823
9156
2344
4146
6044
13825
5476
4083
13794
14515
2293
7184
7729
7592
12572
1180
7512
1269
521
3284
7069
16637
16767
15458
16911
2586
12609
13775
2117
19238
7571
18639
12363
736
18515
15402
2234
11786
49
1591
8916
8948
11231
1461
4559
881
19064
9886
2941
2243
11346
1441
15771
12005
17238
17960
19213
5552
7926
14477
153
15098
10060
16570
281
289
16562
9855
2477
8510
809
8439
3096
14563
17630
14509
1734
7388
12852
14082
2658
8385
13295
17861
2031
5595
1202
5056
13199
4086
9983
2039
10358
13368
11111
15184
15527
7490
16782
4094
4138
12052
14984
10144
16515
7458
7705
15631
13000
14965
17033
11380
5648
11655
14814
16157
385
14131
7109
7028
8878
8332
8854
9763
9474
9892
14458
14612
14580
11157
12658
13315
4742
7932
10917
7203
15531
8642
3506
17017
16886
10664
4539
10398
13788
19292
13943
7630
9016
17144
10973
15412
18609
15951
15331
3183
9308
2861
18464
340
14161
2398
10077
16468
16367
13019
8813
14255
145
7742
9089
9189
17557
10429
2531
5906
14312
9993
1592
15946
12032
668
4831
10680
9058
12375
8080
8907
10388
14386
11719
6835
10672
11281
16442
10497
3667
14370
11137
19206
11201
7122
12164
18674
268
10939
17950
13575
17537
6582
7451
12599
18111
15397
13771
13463
19291
10717
8297
7354
8561
11741
9083
5246
13941
1923
11334
11791
16507
17644
10028
7643
17401
7142
301
10730
2917
13648
14660
4233
15382
16758
2924
540
13297
16270
351
3543
3374
12338
12938
9092
4278
16983
6125
4761
8904
14526
17019
601
9088
7070
15885
7890
7988
18267
4921
15978
2911
19303
13489
14084
6902
16959
19405
3151
7725
17682
7620
6246
3889
6308
18153
17323
10448
9673
4136
632
8114
10171
12449
17981
1682
13944
10652
13088
9174
9436
14207
13853
15616
13282
6262
16077
7701
16425
1978
13762
3076
13653
4829
7181
18561
5593
11464
8069
8611
4359
3363
16736
1183
2263
2928
15698
18836
17627
14180
12977
17083
8776
16143
10125
13105
14489
4331
10789
7986
17129
13412
16234
18664
13034
4848
12951
1132
10746
15804
692
6263
4327
11944
5035
15370
19139
6335
4583
5158
17386
11128
4326
6638
18449
8869
3307
16282
13267
4900
10337
7566
12457
12914
2975
2368
1879
6054
14115
13023
11117
11586
10204
6587
10276
6570
6191
19397
18275
5664
8378
14645
17213
16559
10059
5270
2297
3687
12778
15126
7709
18117
18662
16095
18389
16583
18313
18573
10468
3524
7406
3634
8711
11842
16828
13229
11816
1972
6144
5986
1738
18747
505
8113
18809
3404
14216
2844
14412
7860
3549
17225
11693
11968
13473
13383
9501
7538
18950
6117
10846
11578
1556
1111
11990
338
14058
3574
8331
8471
18473
1687
1350
10650
19339
7888
18157
11840
17931
11680
1934
1837
10127
6156
16769
9045
5028
18342
18046
7404
3760
10026
15062
5089
17825
1298
18564
17914
7514
8010
18496
13876
13309
12983
12936
16019
9863
9911
7038
6696
12243
10810
12016
3391
18800
4266
4428
757
6033
2425
15101
6097
3519
19224
15964
15688
8012
4543
16894
4537
14448
12065
779
15893
12102
210
16851
1465
7795
11348
1757
6011
187
5344
560
5197
3536
5100
15935
17349
14648
16649
8778
2707
4225
15060
6290
14140
2050
11949
5835
18649
5479
12068
6763
16914
9437
10560
1191
3988
9252
2295
15445
5903
10249
11827
583
17511
6816
17014
5862
17902
10159
6876
16203
3483
11366
18357
16334
10438
14806
5516
18532
5822
9258
17467
900
1348
18450
9491
4602
13210
13887
19167
10759
1287
19203
15322
6675
94
2316
4990
3383
469
1572
10833
5556
11037
999
8170
16454
14163
557
4991
5833
5178
1728
8795
1986
8108
1005
14652
1876
4385
17390
13346
16882
11905
14631
9948
1963
5700
18966
16932
9939
160
10329
8038
16586
18553
826
9167
4780
13221
3577
16065
4879
1974
16494
4338
18039
9178
12252
12387
7904
6354
12544
15130
12526
2672
9607
8217
9670
8367
5094
9098
7289
243
3733
13149
18017
17830
18692
16038
2223
12485
3121
5926
19014
16747
5470
7250
13255
8166
19414
16090
10281
16451
14687
9722
3205
18596
18040
11478
6966
7413
2804
15271
14782
18840
12553
14604
152
6390
2240
13983
98
4977
17942
14476
13327
16516
10855
13298
7368
15160
294
9885
7567
2617
2926
13386
8454
9422
13736
11908
13518
15125
10615
7399
11596
172
9532
5994
9049
18640
7195
3756
9056
11857
7381
17745
13752
13899
11211
11442
19426
232
523
8935
1952
5918
18731
19082
8016
4955
4257
16918
15990
9935
2245
12804
2724
14423
8539
2961
18480
13175
5956
855
11234
13146
17433
2739
14880
17452
576
14316
5590
10776
7091
12739
1849
16589
12038
14053
8881
15064
17793
12517
2796
8372
7647
15308
14805
5667
912
516
2424
16213
17593
7898
11646
5900
11846
9015
14196
290
9237
11330
6693
10590
17371
5820
17562
14007
17261
8282
7034
3701
1446
2546
4660
8883
11450
18298
9888
15640
4661
17419
6454
3147
11179
18862
9181
3789
16284
10509
18155
4897
4038
14387
11028
12017
10489
416
18721
7059
10006
16449
6888
12114
13756
14649
9373
16204
18996
12330
18387
6310
15508
11319
3533
4461
5935
17868
15009
12312
12426
9664
16705
11241
17421
12920
10151
15358
19337
5002
189
13438
15186
8601
11376
12100
13226
1270
141
1297
9569
17549
13683
8809
8177
7471
17186
1951
7007
5157
19129
17633
9500
7950
15114
6352
7887
18428
3179
3659
15582
344
11498
19427
14132
3058
15949
14637
9222
4254
12442
17344
6826
16719
3926
3876
18476
16029
4355
13384
18853
15536
7909
7199
17964
18891
9873
12123
4657
13768
16177
13835
8675
18684
5662
452
7989
1968
13033
8029
3803
5219
11013
17608
15245
12490
18808
19410
5092
19285
18827
4716
18614
16514
11068
7539
2687
17142
11624
8931
5070
19171
19074
15621
13727
9615
13902
4105
14415
11151
12321
3695
8091
2103
2879
1767
9953
14074
558
7325
5186
14884
5521
12049
5045
9130
19065
2627
8489
8660
13703
12617
14602
12436
5740
4004
14562
7390
14490
19156
6911
13854
15340
6687
14722
17940
17352
6695
6589
4090
7278
6755
14534
2382
17253
13011
13541
5108
7996
5069
1784
12480
14556
14218
5456
14605
14696
8708
2839
7272
326
8492
9662
13499
4919
12608
9087
1320
17894
17088
4516
18176
11001
18895
13590
792
4677
9110
13698
14544
17481
590
16836
16078
7737
803
12045
17779
14505
6946
14234
8728
5372
11122
15161
7581
7308
2288
4293
3542
8605
5571
93
2504
6383
10961
7498
15525
14128
3999
14076
16163
11980
13421
17754
14293
14870
3854
16013
4354
1677
11089
16840
17513
13194
1694
14011
9560
13311
12082
12232
7994
14086
13798
9030
11252
16333
18394
15287
8426
9776
11517
6853
6018
19400
15347
13634
1783
5007
13693
14994
5801
16984
10290
17306
10868
16360
873
17622
2807
17850
5204
8796
16447
5053
15345
14198
10519
10103
7053
15351
10955
19124
8501
8155
8915
14959
10995
3820
16833
12964
4036
11141
12746
16928
17395
16757
12188
7715
15177
10834
11331
2360
14721
14914
13619
10165
1425
14952
3770
3165
10495
17482
1383
4371
5091
8863
8592
16269
15644
18742
14708
5154
7372
18055
12201
15444
17318
2040
2878
15849
5364
7374
8943
16893
12755
9335
11750
10690
13492
3161
18258
13833
1406
12697
12588
11740
11351
911
4913
9277
18384
3376
7110
863
16620
512
18240
10469
2965
6067
16218
6388
5566
16588
15108
10376
13452
13965
9433
1362
17404
18061
11459
15521
87
14455
16779
13391
16229
6833
6245
1686
18379
8956
950
19073
18825
2671
3138
14278
14729
7967
10275
4319
1168
6001
11737
2743
2823
5287
16420
12817
3812
18745
10164
13855
15182
5225
11143
17925
12583
12532
11898
2691
15042
921
4264
1547
4984
9503
12352
19170
18940
7300
10001
10626
9245
8287
17016
14899
3471
118
676
17972
15813
18484
8411
15457
13870
13498
8928
12839
725
7209
18278
10647
7931
14727
9612
16109
8174
13772
17888
15194
9383
15373
18233
10363
877
4533
10758
12356
18978
10021
2116
9157
6618
9558
16592
2882
11480
12502
15303
2931
6684
14311
8993
7168
6148
14507
2372
5624
5627
1331
15977
1966
647
13306
2905
8801
14910
6391
17036
3734
11392
16274
10622
16497
10408
17048
14597
16011
9650
10641
8281
6294
2136
14269
10486
13644
12547
3793
9063
19336
13747
3867
13400
12802
2497
2697
10734
4374
4930
14615
5441
16999
11877
16008
7148
2980
18945
12451
10670
3970
18751
15672
17551
1089
1231
15280
2186
12486
9406
10293
14511
5099
19342
4148
2049
1851
17953
13686
15798
169
13179
9275
17546
11648
18199
7083
12437
7876
10633
10537
9259
12456
2982
6566
17746
14407
6440
6832
12799
4624
11545
11009
17565
19408
12058
19409
15718
16344
14555
4023
9922
17045
14463
11063
8636
4718
8798
7067
6680
7043
15653
8327
1884
11130
16962
16629
14799
15171
19349
12200
9877
13656
11695
10689
15489
12410
17359
2862
18888
17121
7963
2977
10206
9998
9053
777
7291
16358
15892
1402
11426
15379
16738
10118
8937
16654
17576
9618
6985
1764
8844
15076
11389
7188
13153
9611
1275
8296
14688
4901
12137
4474
8594
16976
3782
4191
10857
10969
5875
12683
8326
7073
13427
3040
11101
6490
18971
17336
19318
17025
113
11783
15832
17573
6003
1909
9379
12026
1949
7748
3599
580
142
3594
4422
18209
1426
9783
5993
16140
3008
4768
13516
13070
13228
176
18892
18011
7001
10018
9747
853
7744
578
18952
3965
15799
12223
4933
14480
1337
2493
17193
13718
4505
4301
18958
12580
18037
16487
5295
10345
4568
6344
6887
15632
181
16114
16477
13989
12460
10357
3090
17870
5711
19056
5659
10331
12274
7857
18903
2336
13655
11275
5412
7175
5257
5296
16974
15385
13722
12664
17873
15860
12994
9850
2584
10527
14543
4010
2386
2523
18025
17955
4880
10886
5540
2034
6831
16802
5328
6415
3000
3166
1495
2230
11065
14838
60
18717
8800
13086
2565
1894
14166
8160
4523
4407
16432
17620
4006
6174
11364
12335
827
9773
10544
7573
4515
7335
15233
8697
16158
12331
11235
15291
2550
9111
14591
12262
9659
17792
3755
17806
18852
1990
9293
16781
1084
10629
13036
15579
13995
6312
6878
1944
4560
10460
6745
18787
16753
3976
19169
14872
12014
9002
16799
16709
16732
13017
13271
17331
10193
12621
11202
3045
17718
8082
18630
2198
10843
7992
9555
430
12759
9991
7493
18149
13766
9460
7473
5464
14396
8137
14280
3843
17281
9123
11056
11687
18629
16050
1408
13978
5772
12807
14156
16524
14459
7957
15690
15178
16148
5941
13801
16850
12062
15770
13262
10996
12173
11147
1204
2184
5894
15261
16352
8635
11878
13381
8007
18519
13584
4211
17190
7713
18032
13974
9021
14916
9454
7379
8204
7774
5130
8565
2141
723
566
16455
2642
2298
16881
10747
324
12028
7631
18592
17042
10865
16688
19148
9548
12030
15099
18634
8259
17951
14184
4941
2732
19404
3699
17691
9561
12601
12673
16044
3122
10348
17693
5874
13951
9956
5255
13169
15844
7755
11638
13829
13690
13162
2412
8700
6742
15119
11222
10539
19076
8345
6297
7845
11730
11641
6897
12738
12928
15430
11237
10466
18902
7694
6643
6500
11527
875
9641
16662
19257
19231
9018
18990
13740
11822
15788
15059
2045
15968
2997
14837
3836
19395
1173
10272
6199
11571
6652
11543
11362
17022
10325
2299
6406
16430
13220
10364
17071
10052
3715
768
17113
11451
2364
9601
3758
19368
5561
17489
2618
5661
13721
17424
12346
1520
6984
18307
13576
16741
9947
4563
16461
16147
14663
7975
3982
9463
15963
14754
18390
17624
3850
8356
13045
2208
12893
16871
13585
16778
236
2444
11394
11532
17681
16907
7107
1820
352
518
16186
10230
16818
13883
13797
18336
5563
12522
12384
14351
2070
307
11353
18368
16603
1483
2945
9235
9907
5870
16594
3679
16076
10621
17996
9816
2456
9392
16673
1907
16409
9055
7661
8450
1497
17885
2269
15634
17614
5554
17957
5080
15867
12324
2637
18761
9642
16018
5755
7248
3984
8371
19275
1695
14158
18002
6339
271
17117
16208
3922
1538
9752
8188
14891
11407
1381
16202
11726
2907
8720
18299
3972
14239
14118
4706
11466
6306
3911
15723
12720
3757
18961
9136
14671
16740
17391
8083
12785
14288
12901
4335
13816
3066
14494
8896
15878
14338
16295
17833
688
10788
16671
15847
15868
13358
10291
2353
458
4050
967
2077
10373
13790
2115
3007
11509
12965
5009
11437
606
16567
14356
786
3124
10253
10921
17292
10925
17872
1842
14530
1780
4571
6905
17485
17572
2220
8793
13588
6342
18583
17173
16729
4410
17398
4951
12505
11514
418
9333
1693
514
16182
3681
2957
6858
8422
17803
13243
18651
4310
13056
17613
19091
12413
11186
13085
4092
13800
12081
5032
3067
868
14167
2472
6728
4782
13820
4954
1745
8848
7747
3969
8757
7947
6941
14874
19099
12703
11110
3680
2670
11126
15910
5727
4229
11493
18837
8767
13598
4248
16365
17141
3863
16577
5793
13316
1080
15907
14139
6219
7271
16052
1995
14528
12682
18376
2000
11352
10975
4952
7116
18349
11308
3173
18757
10729
15999
15477
7006
2521
3737
16327
799
13526
5668
17567
5281
12087
8665
1237
3242
18984
10739
7393
10668
1305
13030
3791
665
9568
13947
2662
12024
3240
9573
18146
10379
19348
1067
3259
7331
6255
9206
9802
6165
15313
8214
18531
8834
17153
18964
5012
17353
7144
4646
19235
17588
8264
10055
18382
2356
17635
4857
18227
1342
16946
5913
4874
2204
4726
876
11539
5253
767
17271
2884
13225
19417
13555
12623
3721
17442
18874
1311
6241
774
4496
5677
16954
12161
12150
5707
2872
14367
4712
8983
13712
148
9921
17886
15102
10162
6063
18505
12429
18807
8782
12851
11301
6666
16916
6883
10115
13885
16278
19038
13565
18358
5260
5853
12843
13513
12888
16574
12963
14996
15360
1554
3828
13279
3107
2499
15952
11224
13779
2727
15624
13283
532
354
14686
17027
162
6912
16856
17315
19012
14532
10919
12891
19438
11159
1273
13799
14635
15075
4850
6993
996
16614
1479
2892
2224
17769
10909
1927
11780
29
4403
12698
4093
3260
16699
18442
4425
8515
8886
4739
13369
12380
5285
18418
6005
15230
10950
13154
12144
16042
7756
13331
11918
11361
5706
18247
6761
18914
18320
6981
1221
17570
5995
5665
6996
2237
14212
18230
8365
15334
16464
16768
6854
10214
6357
2785
484
8923
2330
7235
7548
5095
10642
1106
7492
3094
18571
17692
14145
5649
18707
8240
8683
2177
19268
15299
2017
3312
14950
15367
14461
1226
18385
7810
18657
2090
7048
9539
77
12461
9992
10943
14468
10313
13867
10445
14127
255
16159
17000
5736
14147
13151
728
11276
14270
4357
13439
10508
15066
3948
3601
3987
13322
10197
9733
9127
5354
913
13281
11256
8006
3448
9780
9823
3565
2219
206
18065
14228
14751
18132
73
8827
17090
2547
16645
17384
1022
6034
3654
2557
8090
19391
12415
8147
15806
14059
7746
9311
10464
13407
13682
12155
16149
1619
12090
9671
6663
10741
6519
11107
13838
398
2676
1451
16561
3778
3839
5215
12343
5999
2752
5415
2349
19159
10851
6600
11889
13856
4887
17139
10166
4908
4939
11601
17283
966
5236
1104
14500
12213
308
14097
4811
16698
14934
17120
14623
4408
13669
3900
6668
3802
10231
4414
831
15526
19111
12782
10702
15790
12349
10457
13810
13456
12396
18228
14030
13758
6730
4691
14539
6471
5704
18321
8577
8348
8542
14353
14525
1463
15421
11538
16841
17358
1649
5871
12551
18128
1487
16101
6798
7978
4245
6725
7456
14625
16351
12452
16800
12558
5513
2311
15638
6823
4401
2698
2226
425
8897
16169
5682
15172
18041
2887
11788
12040
79
18889
8349
707
17598
13131
6398
11218
1815
18654
4980
18056
3236
8627
6238
2548
14495
12222
16086
6274
7489
16311
2979
17432
7587
7842
5922
11828
1114
5959
3597
7332
6977
8581
6656
15707
1414
7057
8467
10520
11223
16508
13529
18077
2654
11497
11415
4723
5238
3686
5048
9427
5016
17689
7093
12230
4793
9570
15884
15179
16190
10444
8789
6691
17046
17081
16788
8109
2285
8615
4815
3202
364
3269
8593
7155
16407
1574
13881
9190
8425
5417
15972
9897
1302
12263
5435
3844
18844
12538
7659
7074
14826
12875
17369
11965
14715
11494
14697
3658
209
2471
9166
18543
85
18092
12424
6380
11756
14320
9574
5360
4976
5816
4878
16338
14090
7856
4581
9924
11298
4391
17086
2400
14321
15226
4051
18147
10136
11696
5867
26
7470
5200
3832
5416
4871
7946
14545
8152
1133
3164
17796
6879
11008
6551
5460
12506
14279
14705
14516
824
9737
18900
10757
13431
1697
9405
16510
8048
3558
6121
12078
17340
5366
11559
9997
4173
16388
6328
419
9536
17171
18366
11673
16919
5768
7879
2476
8052
18466
16299
9951
4853
10963
8606
764
13573
1459
2105
16134
4767
5259
17905
14568
1215
14836
9917
12855
11429
2816
6282
5534
915
7578
3531
1503
12235
15296
13858
17194
9364
17202
11282
16965
9356
14986
4839
15838
5187
15749
8870
6614
10663
12210
10065
12484
8715
53
2423
12978
9790
597
7324
16750
155
6554
17495
6861
9191
2834
12908
16326
8924
13395
10102
9977
4631
18712
16756
19096
13961
1859
4397
19425
13444
18670
12313
14774
18871
8058
11142
9756
6918
9759
5001
4064
14720
17397
1603
5876
8929
11047
5518
5110
13994
10403
12666
9069
10627
2074
17536
18879
16482
7253
1141
7891
16103
14296
17890
18666
12899
9182
17881
3630
17782
5878
18831
15246
11190
11895
5426
5943
10384
17933
9934
11087
12401
15728
3215
9469
825
6058
14150
14617
14420
1130
8181
1702
6109
16517
10623
2720
17246
2021
3177
11134
12064
19334
12791
16542
4263
10576
5206
6706
18272
9687
13181
14739
323
17719
4697
17817
1786
8304
3853
3222
4889
17402
13587
9004
16242
12668
4803
5177
18865
1450
6988
19398
16680
17375
14651
4609
10766
17412
11782
14595
8018
970
9357
14469
9676
6979
17199
6222
8664
18127
9658
4210
4260
9851
4863
8652
5974
14723
3872
4492
3433
11108
758
10625
17533
5916
18087
16870
8908
5011
14245
7960
16302
18869
10244
6498
1586
17222
11312
16069
6194
1797
11824
6524
1063
13723
12974
14157
3546
447
15027
8650
10536
8788
4833
14701
1836
3882
3837
16105
10825
17587
15746
17079
7223
14968
15699
5298
14881
8840
2470
3152
332
4830
5049
8945
10412
9492
13373
5612
3487
17052
10116
3564
11743
18589
482
15519
12288
6581
8050
17829
8463
1223
4588
11112
17747
7037
3292
18292
11657
10841
16853
4762
9782
5217
12180
19086
995
6642
11856
6488
13890
18338
10061
4798
18409
3022
14776
16495
14487
5062
5026
1775
9762
1590
10735
4562
15488
11321
14577
13674
2322
7280
143
17977
15202
19262
17697
4411
14425
9672
18054
2786
3239
12008
11563
19265
2908
14618
15747
1938
9557
4828
16224
12048
17303
6958
15941
1504
15131
5670
6319
4816
18730
17995
3719
13981
9865
8572
4967
4118
19197
10200
16246
10353
15321
12301
737
12292
12246
17556
11455
16346
4332
14823
15033
1928
7885
9368
17802
9637
6455
14453
10169
473
12624
18875
488
18941
16386
6907
16221
7062
2225
6036
7858
16717
13147
18669
3537
9476
9663
343
4063
10884
16267
13557
1945
8704
2056
15363
10613
6434
11472
18748
8455
16259
478
3788
7839
15896
1612
7710
5278
3149
7276
16813
12830
16071
18801
7030
10546
18726
16519
362
10817
11995
1661
13830
1412
12409
5439
16903
3274
2357
9442
2242
18501
7
5806
14364
2968
7033
15435
9199
14767
6544
3075
6788
17080
14187
9586
12323
1562
17058
2986
5102
1139
1096
10753
5779
16067
9302
3525
16950
6040
9896
2990
19126
9230
6659
2865
14447
15925
4888
17679
7427
2760
7293
9748
7855
5965
18810
6322
8892
18238
12416
391
12960
11704
820
11848
17645
1773
5263
10130
17883
10908
11963
4854
18091
17257
19434
475
8810
18279
677
5543
10574
6685
1375
16418
17874
862
13859
11831
2410
11715
11684
3833
7104
8727
2367
15597
1584
15716
8061
17752
171
15641
16863
7639
10389
17423
12357
17906
14462
18426
18391
9667
19317
18282
3488
8806
13304
11912
3139
1920
2278
13548
14120
15285
4154
12849
13649
7607
15431
13561
6227
19208
12435
18732
2375
910
18728
11746
15185
9032
15018
18340
3563
15314
6359
12083
8310
13350
864
4629
4613
5162
66
9068
8247
1550
14340
18688
4598
19046
17767
9629
18096
4091
2395
10806
6639
11806
14329
34
9336
11593
18033
3878
12619
3515
16249
16199
5575
7005
829
11066
592
18856
13345
14659
8042
19376
5492
3
7408
18907
14359
4566
3331
10542
1113
7772
9100
15802
9531
8885
14907
16822
2846
10475
14258
12555
7353
5191
7662
7770
13672
12550
5379
8738
4615
17008
11749
6482
12162
17355
16714
2894
14499
18229
7025
15661
3012
14442
4690
1138
17725
17504
16414
6065
2411
6098
19083
4999
1970
841
16540
11149
14441
4042
1710
12672
1409
15864
168
525
16690
4078
16094
2190
12021
16960
6256
10295
15206
12812
3729
7176
11800
15219
2996
5299
4126
11299
14177
4861
6501
14336
550
10322
16373
12613
12121
17111
9544
13597
17771
17735
8557
14263
16441
5732
17969
3190
6416
14401
15760
2416
12513
13863
542
17921
667
11247
1398
5288
2885
10456
10683
1511
8447
7649
7021
7599
14181
17758
15333
15298
2787
15656
14933
15737
14018
18993
3103
1621
5674
5574
13805
16133
12589
8853
2798
6974
12679
5585
9849
19306
16858
13991
16947
2595
6678
2377
17575
17262
16868
8404
8154
2312
13642
4763
4987
11403
14050
17496
14915
8201
19016
750
4651
16174
13506
6947
15020
3924
63
9862
14467
3887
16724
7126
14861
2650
1993
10485
19385
4535
11338
7577
16301
16080
1440
2378
1347
10187
7721
16979
9094
334
11181
15775
1344
10511
5555
9079
7761
7805
1356
13732
2906
2309
5890
739
13908
17766
3461
12838
8975
4067
10189
11817
8386
10523
14446
2902
1308
16107
15655
522
17350
18681
5611
11588
11425
823
17327
12636
12514
19364
9614
6084
6715
8762
9416
16448
1508
17993
11031
15193
19420
10240
1360
8503
2478
16820
3646
8894
6448
14299
5739
13844
7061
4920
2335
7811
14421
17260
7714
18215
2283
6731
16325
17341
6852
6375
3039
16198
851
19435
16997
1548
16742
1672
6266
7736
4459
3730
13354
1898
18276
2731
10933
9746
5565
1555
3328
10869
10860
18650
16980
16281
7727
1179
620
13064
16553
10610
5731
13938
159
13310
12408
5176
12362
16056
9145
12231
4171
11739
6101
7559
8390
4246
10352
17663
8824
426
10669
13092
10837
10948
648
977
18463
2730
14325
13466
18613
18359
5893
7229
3142
4591
18619
17932
10620
9567
19094
2895
6137
16910
5775
7130
8312
7550
16703
17043
13448
11264
10852
11209
15855
15146
12072
6182
7159
13618
6439
17560
5730
7743
6518
10405
11850
16088
8024
6233
1359
3495
12475
16748
7330
3413
12500
18048
5474
14947
15029
19313
7704
7565
18960
16606
10773
997
16073
12656
6623
1120
11849
10324
1720
12080
1822
9480
14435
17840
11059
12079
16392
6045
16777
3607
11263
6721
14439
6486
12834
4925
1723
9538
10617
17638
3990
14205
17945
4617
15912
17787
19125
11337
9227
17219
15666
1853
13008
6155
4710
501
5034
14781
16684
15461
4378
17611
5529
6446
2385
11926
6252
14481
16262
861
2068
8182
7056
11598
957
13673
9690
1864
14259
6074
4480
19240
547
7346
3140
6299
2942
18465
19015
3869
9382
1493
12197
16686
19030
3649
3145
2308
7454
5968
15605
9969
15973
435
3321
4849
10225
11639
11096
5751
17009
19031
18254
6929
7213
2144
940
10237
3117
8067
13610
8820
4345
17550
8884
10209
19198
16179
12405
3129
13236
6037
3261
1931
1498
7576
15904
10783
17502
15626
4498
4143
10972
16339
1301
748
1833
10271
14624
4674
4485
10525
18103
13211
16110
3818
9717
8876
17379
3052
3636
15719
1965
15092
7778
8420
9831
12115
16296
6433
10179
8686
13823
11127
2737
7766
13238
17300
8402
10383
11774
15877
8495
10303
495
15617
16175
4804
12957
18672
16124
10191
15571
4077
3693
18345
13461
4719
4906
6158
14892
1546
17772
11590
6536
16256
4292
1650
4639
10257
17329
18673
7475
1594
17126
12688
7754
12912
9362
5643
17103
11933
7064
7206
15436
13278
9226
7633
16164
15001
7227
13828
10085
4640
11958
1543
2296
19017
17409
18910
15104
17509
16184
15105
1860
6336
15934
449
2828
11246
15724
3344
16875
3251
18934
1746
5309
12116
18264
8237
3195
13414
12748
3193
6481
4610
7804
9414
14893
2434
766
10649
1600
12434
18591
18570
10013
15705
9108
10128
13818
18860
9627
11303
3499
15906
13388
14510
12809
10046
12543
10900
6757
15096
12282
19383
8691
14045
626
5493
18327
10224
17966
9497
10000
14702
14824
1529
19154
1335
8957
13534
12443
9413
5605
2051
7642
1578
14324
3198
12769
15530
13880
17200
7908
13485
19189
6091
19115
9468
2867
11175
16389
8117
3162
10751
5949
5951
5467
19070
13111
11123
3747
9203
808
14576
8465
12917
15659
6393
1182
4149
10894
16290
18193
9334
5505
11950
4172
10541
10954
18638
13099
1706
19282
7453
2163
16927
7036
5481
15900
10887
9365
16622
2248
18113
6170
16648
15841
617
5440
12151
18939
14169
12734
18977
3724
3799
16059
5025
2735
16711
13252
13430
16819
15742
845
1916
8597
1455
13482
17075
8030
5046
9482
4877
1644
3184
11326
4030
3983
9912
2860
3944
19088
6692
19131
8946
10575
15589
8590
10949
8596
12868
14332
9537
13599
3592
1420
609
10371
15011
10380
14790
8787
9810
12433
16803
6014
11920
18114
5991
18309
17498
14414
9985
6039
11388
12590
3753
17584
16669
6931
14777
13301
508
15850
17936
18506
5598
11811
8293
18446
14153
13040
6735
5573
18427
9026
6658
14643
15448
112
1848
6799
10754
16849
11383
18365
7825
15459
15831
18932
15890
13769
1900
9564
18645
18737
14391
3562
18
19050
10063
9299
5581
16975
5393
1770
8401
6112
11753
4630
18821
622
7563
6253
5247
18600
18224
11067
3886
13077
15980
16892
15337
14272
18738
14249
16115
13906
9428
12966
12823
18536
3352
11158
10356
18723
10727
13423
8812
2774
13115
16466
5799
3639
10744
2964
8464
8906
14121
3447
7809
7624
3134
5301
5688
16926
11419
16827
4
17530
18491
13931
5977
8519
16831
8648
2572
10971
11210
11283
1670
4018
4189
3732
15165
158
7600
9836
787
6365
13602
18457
759
10807
17024
13986
11847
13044
8432
15743
11076
14862
3642
18177
17592
12882
7494
9866
6873
817
9709
17165
17959
11286
14397
17816
1823
5558
6304
8274
17877
9304
273
7150
16901
17073
15017
5207
18241
2744
8352
14725
16214
18727
4370
10
19195
13185
8832
2428
9265
11322
1432
16658
13554
3135
16194
3225
13222
13167
6333
17590
18668
17279
8667
2420
6466
15846
10177
11869
9739
5532
1613
3477
13949
19373
7519
1564
12696
6604
18699
15670
12653
13202
14361
18441
4578
6016
5660
12598
11277
11870
6351
14956
6437
102
12616
4709
9306
2487
3168
6516
9219
17986
6007
17558
10433
4457
6531
5633
129
10974
2581
11118
13910
393
16243
730
16884
18691
18029
8125
4420
13467
5258
2578
2877
12057
7370
11479
12508
18304
126
12610
7652
14261
223
5895
4174
10008
3329
13521
15164
2350
1416
18719
1387
8743
7732
10149
7207
6370
6549
17351
7644
4045
7991
14620
6849
18249
3935
16359
6560
5873
16636
17671
3277
9941
12239
13630
18474
18075
13781
11458
7019
2998
4204
3548
14456
8523
13930
4021
18408
3265
3595
10533
17268
4531
7869
13261
16316
13072
15854
314
12377
9981
1522
16696
16842
19377
8595
18343
13305
17860
1577
8112
15899
9797
15472
15475
2151
16937
12735
1664
57
14164
1165
14888
12250
18214
2729
17446
9372
17784
640
1127
10255
9343
15767
13495
4601
17240
17541
3819
2994
19007
9266
2180
15777
17667
14808
14183
17380
7784
16083
556
19133
10686
15043
14932
16263
3540
502
11566
18542
12881
922
18112
8136
11053
854
10113
14020
1749
11843
3209
8768
6786
4788
595
18102
12271
90
5150
16994
948
14052
10666
15094
15942
292
12369
5752
5866
14390
1523
19221
4249
11694
8540
5676
3429
18414
11679
10619
11994
13505
17161
8663
10992
6093
19114
8920
12316
11291
13021
7540
17871
1906
14138
1969
5861
1778
9268
2071
17711
15795
11406
13792
5620
16737
15409
13173
14426
6068
10458
12946
13377
7196
17232
17961
5761
13803
15469
2343
628
7827
365
11035
4185
347
3141
16634
3296
10636
1123
9028
17641
5657
2341
13971
14465
184
476
15782
14344
4504
8696
19032
17439
4005
13443
2408
6939
276
8537
14609
16580
19080
6147
14738
18580
350
16170
1950
14410
6337
6632
4656
8772
641
7241
18720
2369
802
12126
16862
12359
7257
7222
3092
12290
1834
15030
5406
5405
4140
9691
70
7312
16196
5096
10674
8917
11874
2847
5672
16030
11546
15300
18545
16546
17842
6859
16462
17889
16635
15167
3360
510
8126
11172
5093
10784
10966
5834
11370
14554
5063
6396
15398
14148
6535
1788
1370
17247
13940
7806
15761
1875
1128
14457
15608
14230
7153
2459
11229
13691
1143
1616
4909
16632
12933
10522
8533
3925
6379
7589
6620
3801
7497
12926
6630
18981
12905
16074
14381
8721
11371
18502
7114
19219
918
5687
5845
12913
321
8171
16390
8255
12117
13067
4439
18451
7506
11620
887
9818
5925
17235
11820
19328
4507
7298
14695
16835
4275
1345
8153
17236
12604
14731
2745
12931
12406
15240
16303
5560
11528
9847
6305
15418
8319
12742
14143
8773
9458
12992
16995
12186
1704
652
13177
6863
19184
7008
6254
12361
6179
591
1176
18758
14117
13406
5542
16089
2711
11384
4611
11537
11094
18367
17880
407
11268
18059
7677
12922
11258
16961
18956
5824
342
923
19323
18403
12740
6259
4795
5466
19233
13637
8462
9446
12749
3566
1901
6278
15763
2543
18741
10090
16609
16345
16247
18154
14535
230
7615
19071
17759
17835
14429
16582
6048
4864
17750
17066
17991
15411
8001
11069
2135
2983
801
3229
6921
13731
3682
7084
10441
6683
17393
16880
10366
11506
15381
1717
16844
13538
10195
14745
13611
11764
712
13152
18949
13360
5802
14717
5142
18285
6553
4493
5795
10476
1482
7537
15080
15128
968
5403
16855
8631
15961
9193
2973
10286
45
18694
18086
10994
5143
17325
15173
3061
12018
18047
15394
8899
193
6511
8329
109
9061
17309
6126
395
16888
17392
11115
10707
5313
5583
17594
18434
6271
11733
15188
3212
4593
14162
15022
16433
14403
13753
4358
7861
16672
13873
775
19232
9632
2802
9319
3104
5111
12923
10653
10386
15811
4641
15540
19165
5369
6395
1722
13871
12084
327
7440
4965
1377
5293
2749
16924
15144
9062
4255
11752
886
13219
3768
1328
19381
4121
15112
10699
10302
6980
16150
17778
11689
12414
14638
15455
5829
6610
8398
2532
9402
7476
17596
16445
18494
5482
10472
2409
13401
13547
5528
17354
16538
8339
5361
2795
1354
8056
14860
11542
13546
16794
1962
3750
17701
1480
10985
6338
406
17243
13397
16060
12565
12157
14392
10677
11350
8833
16484
2455
18083
6362
3631
8415
5151
8797
18931
2500
4883
16896
12212
4791
16139
9133
18242
10818
18166
5855
8093
8578
9197
7787
10391
2583
15237
6916
19134
14633
10228
13041
11879
12832
17185
13224
812
8353
8256
4638
15248
3408
5498
12993
6133
13125
6670
269
10439
976
15556
14820
13918
14113
1588
10570
18635
2819
17578
16615
15572
8690
16838
13468
8300
11174
5979
5541
14936
10242
16568
7267
9936
19053
2832
5097
18487
9310
17884
12573
11052
6843
8960
9633
15683
5880
960
16832
633
5431
14298
47
7442
2995
2638
17800
15044
6226
10037
3189
3643
16231
11456
5050
4187
16093
10362
10803
3917
401
16642
14195
3641
10798
13636
12471
12094
3651
3324
3109
7133
3300
18563
6580
17878
6989
7455
16481
5411
890
9781
19431
10893
3910
13837
11562
3785
16641
8724
12948
16142
9462
6550
5231
13862
10351
11413
1807
13706
17005
136
3848
11292
12869
15350
17715
8742
9655
8641
9932
15507
7398
669
9798
4765
18780
18198
1666
14506
18050
10867
4268
14478
7482
15997
1255
5090
15689
5836
2454
12934
11505
10285
3684
6349
1615
13695
16444
14015
3955
12181
834
9692
17774
1253
3087
13604
19335
14048
13680
8203
2932
15387
17484
13507
3255
649
17206
6346
15310
9579
8731
7211
17712
18396
17708
13896
9332
5359
3625
4014
14373
6132
10964
16712
16981
1154
3272
18393
11860
11254
8027
13942
4517
14012
11618
11773
4654
14037
6420
16917
4612
17521
9839
13524
12497
9298
18679
6458
500
5458
1364
11534
10691
15986
5427
13787
3913
248
13450
13227
6834
656
16775
5500
2280
2484
7420
16168
76
4107
3486
4279
11939
4497
13776
11182
8814
13270
4671
11700
3573
3035
17230
15162
14083
14719
1563
1169
9513
18335
2462
14025
18716
17749
16366
5825
16384
15773
6953
15650
4621
12489
8099
7279
6145
1872
2016
6031
15002
4151
17846
14294
6508
17289
17975
3482
6999
12403
11587
5131
5125
2175
17610
11169
12876
11536
19316
16985
5310
4281
16336
15231
7753
3439
12661
6456
4673
16402
12305
7015
10698
5681
18632
7776
4500
5686
9295
18936
2649
394
10282
16039
8544
9964
4881
5576
1883
2893
13312
2480
5947
798
18067
5823
19270
11250
17937
10585
16745
7029
19
8759
11690
14724
12120
17270
10070
13379
17264
3167
16993
15587
12234
8681
16034
7233
1528
6081
14974
6188
11368
5679
10904
18337
14306
12757
1878
17923
14778
12762
16072
4824
17564
10123
1303
10829
8756
12712
2652
5019
17629
10437
6959
8395
3936
13026
11060
12055
14016
8860
7703
14803
14679
16117
2301
13218
14154
19421
15858
17971
7214
11058
15796
10726
8729
1662
8529
13901
1964
1230
9172
2430
12127
14763
17053
15056
15859
8320
13692
1956
8516
14004
972
5144
7849
12333
9017
15840
7907
1229
11613
9121
15927
6015
3864
5166
10916
14100
309
2946
6332
9000
16320
15274
10718
610
1955
8086
12944
6862
14436
16697
4348
11007
4580
11943
15917
10835
18734
4429
8618
1685
15920
4252
15035
18624
12549
17999
5254
12968
949
2948
11969
13436
13677
286
12444
18222
24
13207
11595
17464
8507
2632
9342
9042
9152
7740
5104
14352
11166
8874
2273
17108
11591
18019
3539
10561
6316
1841
13676
5430
1805
7384
12042
5614
7917
17727
11759
18140
14043
13462
5839
2646
2675
2525
6162
12270
6405
8680
13389
1895
12781
12919
1673
4962
15829
19200
1924
3159
6624
10550
8047
14750
18777
16600
6041
15852
8873
10515
221
3345
8963
16483
8571
16977
895
2291
12207
6288
5658
13737
15658
14865
17169
13807
11999
13182
5728
14661
2185
13005
10500
9399
16889
14520
10035
9742
15532
15466
6733
18499
14598
12803
16280
12907
12226
12985
711
1519
2092
10749
4655
18518
7274
337
3037
11564
3456
1438
8930
4556
12844
19384
1987
17650
3556
7781
4066
12344
16178
5763
7485
2648
13701
15369
19227
17290
9814
1999
18108
7790
3921
14629
6464
9292
9039
14524
18143
18653
1817
2569
14039
18436
14346
18896
12925
13280
18786
5796
2436
4099
17892
16112
15674
11487
17852
8528
6952
17705
18607
13484
13122
10247
13519
2576
379
16465
6318
6151
16585
3283
11552
17237
8364
4545
3108
3333
18998
46
9377
6661
9170
1943
13417
19098
16713
10447
15197
3937
12518
19059
4290
5497
12633
7700
11189
5169
18524
1539
15005
13095
422
6857
7628
11073
7441
6200
17673
3492
5239
14023
4305
11443
17098
793
4647
8953
6077
8190
19326
16315
10980
6990
5503
5789
9291
12687
16082
8382
19085
934
15581
8791
13847
4365
13150
18579
8866
15277
16261
17282
17191
10426
5468
19110
2842
14472
17131
10721
4495
16385
445
13826
4596
16789
11267
867
15843
3418
5671
13697
497
14835
19418
15228
9970
16361
9854
937
127
572
13717
9234
4070
12004
14254
8037
8164
15664
8475
14756
2683
4329
4366
16046
16929
7277
14323
2934
1200
8481
14987
3313
8435
8520
3358
6948
15282
14570
1642
6579
5024
1620
429
8095
9184
427
17050
18980
4969
9734
7031
10071
3893
6503
15156
