2662
2177
17863
3549
2393
15261
4276
14170
8798
2007
1269
16516
12846
1775
7080
3181
2906
13942
18714
13454
3903
11326
11211
765
4831
10466
15121
2272
11321
3629
17384
764
14143
10065
15030
9446
17998
11613
16337
970
16350
17217
17874
9650
12615
1673
13968
15846
2885
3517
16394
16927
12389
5731
2107
11646
1966
18808
18046
15425
742
1703
2795
4697
19030
15948
2909
11021
18253
8779
5930
11929
11216
4225
15455
10538
11965
19385
16044
8465
5626
18554
4467
7453
1849
5032
15439
16708
15617
10583
17996
14635
7132
14985
3168
5738
8444
14568
7454
9159
15221
4515
11109
797
16409
3952
15037
16358
9773
9722
15608
14844
16481
2404
638
12728
15028
6879
6271
1114
107
7414
159
19411
6643
1326
6481
8554
440
6706
11014
10216
14361
6267
12507
12425
12087
16697
6415
4240
9310
18941
8810
17486
11820
6494
4588
4003
12933
9503
16540
17788
19397
2745
15230
14881
11525
11926
13863
15397
14132
15796
17257
13436
11156
11504
2230
10752
1927
9500
15055
19269
9703
11648
19096
4491
16344
18297
19289
11222
4083
17336
15158
407
8332
6007
17915
129
16850
12526
1382
12057
18241
13960
6579
13499
13630
4472
18879
15972
6648
6663
15650
13478
7761
4706
4253
15526
5897
16211
11254
9769
9371
1519
13467
16345
19126
11276
7804
19342
1955
18777
10450
15843
2350
17635
2934
1485
3495
7163
3656
3770
13301
1714
9567
12854
16655
16820
19435
10575
1451
18723
3865
15988
7553
13994
14177
11641
13351
9702
17567
18621
9020
13943
11364
12735
8841
3136
1970
4354
10666
9430
8551
12586
18031
15835
16758
9690
8902
12050
8863
10605
10807
15161
10472
14079
16199
10321
8723
16538
14354
10667
1045
11007
12866
325
5919
16888
4967
5056
4180
11918
5374
19267
7001
13528
556
6652
16848
1307
17475
17232
2907
13329
6624
8740
9164
5406
15621
213
17128
9469
8117
11973
911
6434
7225
1274
4019
14255
68
18280
10485
583
16074
10712
7047
6031
17608
13247
9864
17881
9405
14543
11493
19313
7176
10594
11490
4678
1990
1923
5757
18004
16836
8277
16942
4897
6181
17482
13397
12848
14128
17044
17665
15860
910
5361
352
572
642
2548
4439
8126
16588
11695
2809
2854
18463
6877
3293
4119
2139
4646
8320
10282
6959
7315
7271
2421
12169
18108
15210
8860
14137
6769
7790
5775
1765
4020
3306
19059
7129
6502
17600
13976
12173
15871
14216
16849
11210
10215
3842
16082
8689
16635
17262
11128
8922
12279
45
14196
123
6933
19076
3147
8627
11555
18680
14653
12044
13766
5526
18530
3591
15896
10642
12709
753
6654
12302
16696
17027
18055
10247
3060
16797
6398
18143
4511
10067
10921
17902
4102
3125
9884
9969
15040
15131
13824
18306
385
10843
9589
16676
2527
8150
1287
2678
16583
1573
16551
11595
8416
938
3785
13721
11406
2416
6490
13679
1721
502
13690
5481
6289
2355
152
14721
6524
4580
1517
19376
11949
14499
16884
18025
16524
17524
18747
16280
19256
845
181
10859
16441
11817
11559
9072
9602
7277
15205
17960
6473
5025
17764
19311
6954
1107
17717
8386
13954
7642
6045
527
15206
8948
14494
16589
13655
15337
1395
8230
949
2236
6259
109
10076
17771
534
2476
3328
17013
11999
1706
17168
18337
3990
15782
8520
18359
8688
4163
16738
6858
4718
7978
6480
15034
11356
11196
11564
16733
4895
13292
13956
18748
14358
5998
9800
17017
15952
15423
17341
1448
15640
15895
10971
3202
7056
11439
532
435
8565
277
15403
9641
8304
16067
15903
17840
17477
12117
11753
15013
6063
18981
3646
8907
7513
15944
7092
5020
11581
1943
17842
13421
10972
8314
12610
1576
6921
12653
15060
5643
15012
18789
15333
5472
5007
3720
16331
11241
11108
2892
11175
19189
212
5479
1691
3944
13860
2400
3224
4094
17397
6945
3358
16316
1308
3897
9004
2719
5595
5319
18474
10345
7499
9304
12471
4780
4130
17549
5396
12250
18484
15977
10272
12625
11152
9630
17570
1130
1843
8261
1892
14457
4329
17366
3443
7561
6807
14487
1375
201
8044
6925
7643
5152
15231
268
12844
16287
8225
2224
3922
271
7159
12817
4070
1612
15104
4277
5019
18096
5956
18267
7250
2655
14652
9451
18215
17889
3259
3063
14557
327
19078
15543
13623
17073
5030
16700
11412
10798
8680
14966
17323
7649
13816
15077
15870
11002
2412
7186
18732
2437
7233
7067
7195
13040
4789
8853
9433
6838
3342
904
14021
10996
17326
14631
16144
6087
8576
883
14203
11854
18613
2860
2957
1270
344
7335
10600
7314
5244
15507
5279
9981
16846
11284
578
13599
11344
11169
9692
11786
1546
15351
3203
1620
18057
8751
16001
13008
9035
202
4183
11666
7048
14412
13534
5565
6071
5797
15949
16838
3609
2729
11556
13431
8686
16170
2364
14482
6753
8170
326
14598
14552
17350
13455
1956
9948
3961
19302
16511
16582
6448
482
8475
395
19282
9637
4023
15869
14724
3289
13908
11954
9016
18612
5470
11068
5706
5157
2720
15894
9895
14190
1887
15428
10195
953
1210
7137
18915
2822
5556
14475
3886
3452
136
4571
6446
10403
113
7713
767
2613
11497
10362
15376
15278
5365
5819
1817
4883
13944
12447
19262
8335
16625
12957
15699
2053
12331
5562
11334
3636
17990
9025
13481
12513
10404
15088
12260
4420
5002
14854
13505
1495
5214
12696
9874
18398
10278
18720
3238
11426
19082
3487
346
9726
8118
13800
13812
11288
13758
6255
19102
18800
5835
18728
10217
19031
19198
19154
1499
17671
18561
14704
1523
5661
14612
4513
9234
18787
18908
17159
3035
17015
5545
4370
1615
9823
8525
2058
11816
10026
9568
4252
1176
6618
17165
15668
6084
6529
945
12102
4663
1934
1839
6049
11598
3599
12734
2549
11445
5768
3296
6587
9138
12533
14390
16932
5009
13051
8395
8155
14995
16643
14782
19115
676
2271
13310
13130
5097
3956
13673
11050
5770
11560
1115
10708
14823
6861
17288
15867
15052
18844
6166
6539
15228
4463
15579
13656
17564
16723
14097
10491
10394
12876
7085
18639
10003
2499
5590
7385
17810
19083
1459
16866
11773
14162
7631
2282
1359
3920
16546
14727
10612
2117
11193
17353
8148
14734
4241
17210
5540
16710
4372
5651
17080
14221
13543
6064
887
17039
5230
17145
9797
6678
10300
17093
18519
18240
17402
5978
3236
673
7015
7374
6979
11416
10944
9574
18229
6980
3540
4355
4765
3748
17867
10522
2378
17955
4195
331
4998
2295
1945
9795
17263
14861
9691
3039
9870
14833
4301
14672
5726
13183
12127
6091
5585
11459
15370
9359
513
5382
14918
14516
18502
7791
16977
8599
7796
1640
17498
13672
127
1009
15332
14081
14401
1328
9052
11552
8893
11546
15900
10641
2926
18627
1450
1894
6738
15346
14153
8016
17462
12918
8970
9142
3037
19409
8827
9849
17729
4644
7855
17083
17782
18847
890
11527
4827
7181
18632
8303
5500
3012
7413
1022
17173
10849
18727
7523
2451
4292
5289
3073
5879
7452
11840
19326
14647
14908
3948
9218
18368
16926
17727
12268
418
13746
8415
11361
1543
17911
7879
2245
8935
17575
13582
4779
10254
4957
5792
8048
8759
1693
13975
14414
7223
17934
497
8515
13717
8267
1257
1387
10443
18098
8436
3941
5348
9039
388
8641
14784
8916
5567
4366
18299
1578
6274
2821
560
7633
7442
8457
10625
11668
15387
13371
14951
4081
6597
8401
11166
11346
3126
12156
18210
3391
12803
15299
12688
10224
8246
19225
2311
171
6691
16976
15859
19233
12856
79
12230
17648
2707
9219
9953
4941
15675
149
19170
10624
14239
6404
7998
1545
14638
9069
972
10701
3687
2592
15889
12882
1747
3982
13466
17850
15586
10326
19202
17595
15339
736
11231
7921
3239
10661
1841
9940
13617
9428
17340
16731
16349
2784
11799
8125
18255
13753
8370
11267
18951
17752
1089
255
11120
14731
18110
8681
12457
11828
14515
19332
4543
15282
15504
12983
6208
18254
4274
6028
9561
17399
16021
13953
10727
6319
868
13233
748
12270
10613
18721
17986
16769
16198
11946
16245
16690
15965
18126
1514
16719
4381
11719
15574
2338
7457
18810
10208
5134
12376
5075
6009
5036
10141
19362
13443
3668
1507
15202
10209
321
1264
248
9002
4121
18067
3215
13281
5694
15978
18750
10922
14899
7102
17270
17378
15185
10896
8272
9858
16563
15849
9154
12634
14510
6425
2365
9676
17933
16813
9901
7211
3252
10274
14306
14928
8724
7416
11989
16828
7920
5574
18904
228
950
3801
14024
77
9080
12785
7288
13038
17835
10070
8103
4433
640
11849
6097
17329
17147
18692
6778
18873
4887
13788
10204
3149
15689
8651
16903
8766
9928
11052
10847
11250
6610
11751
3142
15651
10817
3935
18630
17868
2565
4345
1924
11787
15665
16428
10609
14157
7683
10182
1678
17268
13350
17424
4322
12766
4365
3913
1710
18114
17303
12912
16438
5802
11540
18001
15641
16133
17718
10543
1192
6658
16389
3977
6380
12739
4428
13088
15475
17533
10516
14268
10539
4086
678
10252
15159
1851
9522
16373
12161
9130
5163
3072
19257
18154
7572
18836
18226
18496
276
7193
16574
4507
13030
3881
18954
4958
9666
19270
14777
17331
3257
7881
7896
13583
11588
17005
10066
16920
3955
17679
880
8045
16395
13461
4556
4234
1260
14269
9222
14090
12931
3438
10883
3084
2280
14186
18453
5001
3634
18413
7571
9619
6290
17763
16614
8882
9227
6626
7926
10422
14458
14824
11146
10489
11726
4401
5386
19110
3870
4693
17957
3942
3567
12652
1487
14968
15209
5499
3145
12960
7674
2500
3645
2523
14038
12203
2676
17659
11051
387
926
17969
17760
18781
2651
16979
17961
10171
11811
2992
16190
7986
19432
12977
1503
19065
14382
7173
4416
16512
15556
126
6429
9400
16631
14245
8226
15545
4966
10627
725
5804
9308
6876
7409
6581
6985
500
17792
12351
5552
2492
12416
1559
4908
7909
17285
5063
3167
11268
9997
3101
11148
6110
17252
9254
13096
19434
9380
6935
15765
6518
12829
5934
6952
8665
6703
2346
2202
18450
17732
12252
14461
1588
15656
6403
8848
3879
8426
11605
10686
6387
2985
13250
10432
15581
18543
3965
9348
4856
2751
5610
16484
6497
17121
19400
8581
12508
1216
182
17088
16640
13525
2948
19056
16274
501
14380
5708
8485
13557
9245
15773
9885
11945
9694
4866
6337
1226
11441
17995
372
7557
2192
16691
16847
13194
7738
10950
9139
3185
1139
16269
15125
14609
2917
273
5686
15109
7578
2535
4862
5344
8596
4539
9819
19156
6728
8957
12049
8255
12500
9922
4118
13894
9550
16341
2597
16701
7196
12940
10973
8372
7404
12518
17738
16585
290
2962
15112
7360
14296
15244
2628
4093
11909
16748
5440
2723
2071
15032
6905
7248
8953
10009
8660
10975
14669
18914
16231
4805
9096
18231
6680
7755
5736
11
9696
394
14342
12865
18047
19441
7619
9816
15677
5935
8964
5861
1802
11458
6823
15092
12129
10632
18466
4560
7073
10290
5691
11796
18358
18679
1493
5649
17052
4497
14042
15386
530
16832
6918
9198
15056
16127
17976
5314
5307
11600
5763
7458
9640
3496
15101
2531
19044
80
16910
3975
16819
3734
5184
6636
6023
7391
18629
12410
1113
16055
13444
13285
12052
8030
1836
7811
7892
17106
16193
15450
11543
6852
14806
350
3492
13422
4356
10159
14761
3747
2278
17050
4100
12489
5543
15879
351
14214
11303
991
227
12905
14127
9163
2786
18801
1842
15868
13801
7187
6158
15382
12551
6721
8452
1570
15233
7762
17294
2721
7919
1362
12609
17723
4631
19029
11877
12013
9463
18596
4533
13105
16924
1661
13835
18876
10614
9099
8331
8404
4612
6142
18149
7005
10475
18244
16433
9512
6284
7327
18524
546
11388
14207
11473
13182
17480
9498
13607
17222
11530
17368
610
17369
5581
521
18199
1547
16011
18890
6989
6276
7297
12738
8087
5833
18864
6722
2792
2368
14275
1138
15587
7969
17238
19062
6812
18421
17813
8136
13147
18913
18111
4246
2732
16361
5430
4125
10894
10519
5614
17393
12377
4719
6547
7432
15288
1306
8211
12053
1201
12838
13791
3171
18462
17642
16703
16856
10483
2222
8470
19291
19146
5999
5561
19425
14117
9189
2193
17796
9934
2487
9919
13438
7210
11038
16036
16852
10716
9865
19177
1563
15310
19084
5492
4910
2654
8830
11594
16981
15111
8237
3926
11707
18855
2876
5100
13017
3183
14166
8851
6788
11138
13196
16844
14950
17183
12517
692
362
12337
6897
7265
10963
4778
15150
12308
6510
8216
5867
5906
12674
17327
8589
16064
11508
4041
9357
13683
12001
3782
18579
10576
14940
1143
667
19209
9725
10499
12535
5068
12401
3729
15438
7932
14907
11142
15349
10652
6550
13727
16115
9859
16628
4723
14083
3078
7884
13036
16173
3488
18364
15800
7880
17611
10021
18132
14651
12357
5632
14929
18389
18536
8348
3929
7321
14716
11087
1169
2823
13870
5687
2435
9835
1764
6941
13270
10832
13898
17274
9652
1551
12153
17662
10306
17692
7518
1234
250
13805
13606
4266
12956
16450
14004
5257
14396
13315
19303
3515
12382
19165
6183
15840
2088
8985
10442
15727
15602
189
11749
12958
14617
18635
15629
15500
1655
11857
5287
11265
11513
11263
1529
1794
3420
2248
15102
14344
13347
15797
9632
13714
1235
14280
9483
16725
3532
3530
17230
9721
17991
13537
3760
14603
2618
18269
18195
18515
18549
12723
16099
17866
19266
2538
11801
4848
14271
5273
14778
15983
1896
3900
17894
18701
19027
14138
1560
15435
10090
7591
16779
10235
17582
9464
12262
6305
7850
7099
16778
8187
3988
12118
9223
14556
11696
8002
14115
11085
10000
3205
15592
495
18330
5968
6799
8552
17948
12034
2534
13256
3122
8541
7378
18481
16705
16669
12624
17853
18580
2953
6094
12984
9912
628
10654
18737
8988
1504
2512
6471
8024
12115
2959
617
3247
8291
12454
3866
18276
14210
14357
16671
16528
12475
14040
7218
9337
8390
16680
3019
14561
7299
16694
16087
19130
11115
14041
8493
5069
10059
1207
5058
5914
12106
9514
6246
15374
26
12673
3855
16929
14642
16954
19307
15079
9092
15989
17107
16704
15168
3836
13595
6923
7819
17241
12593
1082
11181
2673
3000
1652
12017
9019
2916
16498
13653
10771
12347
8833
9877
9502
19069
8773
17680
10618
15873
13756
8721
12617
12616
15426
9998
6537
12210
7599
17153
19167
12804
7165
9375
4172
9190
8140
16062
4812
8631
1614
10169
13477
2290
15324
4955
9302
16048
9314
5016
13823
1120
13025
6439
2332
17722
16374
2390
2882
1951
8157
8804
8926
3345
8575
7581
12642
102
8047
3054
7155
13541
339
19235
96
8305
12243
18191
9741
1736
10342
16114
17476
8838
3593
16284
12213
1066
2830
14756
14733
12381
11937
16835
2775
5631
1383
7870
5875
16560
11293
11498
3774
13820
5716
5842
11622
818
16887
4565
15815
15538
10222
5326
12875
12601
15350
18418
12429
825
8086
13775
14160
15053
12097
4235
17947
5564
10318
1490
14698
16406
13125
10084
16620
11451
15463
1294
18011
19293
824
19104
7822
7893
2938
8855
7324
17458
4099
8951
503
6405
15742
14558
9030
2942
8074
10301
192
11130
11201
542
391
16896
12901
14052
16995
11879
2399
18451
6371
10645
13433
19006
5158
11235
5628
10782
8781
8895
5288
13871
16086
10387
7419
14892
4980
10295
9068
17972
5253
7036
10123
15377
19085
12720
841
13306
93
12253
10366
934
18103
9365
4485
18222
14541
10984
18599
644
16883
8205
4991
5750
5174
4465
18038
9935
6197
2264
1353
1867
3804
17139
19443
17593
15789
10623
4268
6825
15023
6419
9460
2932
10452
16299
18133
5836
10447
7701
3679
10163
8956
14323
8321
622
11601
3486
19187
15986
15525
16310
17421
17096
18977
1511
16826
5232
5028
6831
7142
709
7744
1965
12980
14512
609
4630
1862
11752
19318
7795
1586
5169
1131
518
14935
10103
9458
14965
1340
2767
10878
13191
12744
12473
8832
19211
18507
8164
8402
3739
11975
4537
15529
17398
4728
15690
17290
6974
18902
15494
12985
7640
10919
7242
4964
17565
18499
11428
8903
12024
15816
1616
14403
31
11522
2455
12123
16497
8931
14962
16508
7550
896
12857
6492
13408
11252
17310
448
8920
17751
18664
4913
13095
15019
13529
8387
9802
11928
17936
6912
4793
6379
14231
4640
7493
7806
8945
6418
18247
15178
13890
9890
15018
5576
13771
125
16065
3642
7358
1084
19116
17146
8533
7592
9532
11110
9654
2135
14468
9949
15477
186
1820
14525
16408
1822
16688
15269
8823
9017
12869
8263
8412
16590
9062
7593
12741
9862
6602
17049
1183
12923
1770
14264
15179
2884
13588
8228
17208
7184
16755
14838
2151
8636
11478
11001
4332
12946
2204
4411
14519
7600
17740
18734
12561
17822
13867
13369
8747
3464
12849
6711
5681
12089
9414
18609
15705
12223
2460
14448
17803
3032
8337
17174
5566
18217
19336
17711
16988
7705
4880
14234
1754
12954
19285
7243
10706
14027
1133
11116
7244
16414
8345
17830
10943
13779
10924
3621
17906
13035
15281
12263
12405
592
5014
1804
3891
18268
5413
18323
18032
6048
12485
1063
19231
8169
17791
7398
2986
3833
7711
2050
18761
1436
16711
5191
5177
6201
16333
9945
2869
17264
10930
4783
8743
14048
3320
2103
17289
9311
18284
8442
5959
15334
11277
18998
9579
13092
6554
4191
18782
2615
5995
6375
3324
7276
8615
11916
17745
4501
9911
7451
3494
13044
6464
14478
4875
18560
17087
17450
8527
5521
5780
3649
18805
1864
18250
2239
10857
9751
46
15899
18135
15180
13865
2556
15756
1580
8544
16626
17586
6840
10837
9611
13152
13495
18378
16019
16418
9518
5394
12157
2034
13212
14767
4563
2961
17715
4326
3133
18730
5110
16645
1976
12218
8767
8467
12823
16225
13050
1429
7856
811
594
19298
6445
18990
10416
4108
18534
10444
17626
429
14495
13314
6808
17530
14200
14845
5515
2367
4371
3058
5125
8201
15488
3872
7708
13642
15011
12762
7902
11035
9655
8420
8961
1958
10249
15130
7987
9028
17471
10354
1592
14620
18285
10166
16263
8778
12058
7203
9913
12335
436
18169
8174
9624
4342
9720
13261
10177
6342
14276
1763
552
2518
7434
6665
6221
14195
1236
5724
8528
19381
18970
18313
3096
11009
10439
7407
18033
6241
8365
14000
17231
5358
13381
6575
1420
87
8757
15373
7799
15753
15331
6565
7828
12703
17012
17439
9569
8330
4466
6559
10670
11208
13059
17109
16658
5670
16753
5779
14555
2697
14687
208
8755
8769
7961
18719
12492
8129
17036
17023
11045
5601
3987
12618
9328
14099
18259
2735
5431
8897
15128
8696
9894
3625
10521
5800
7100
12018
3751
4451
7007
9556
365
3573
9246
10386
4638
10886
6622
7723
2279
15330
5126
17767
1611
7808
7506
3196
969
5070
8720
6432
6466
10313
17784
2068
9221
12181
18886
8661
14017
19098
9293
17798
11912
8393
12920
18793
12752
12995
6767
11420
13161
8488
11947
766
10687
17355
4233
4335
3153
16098
2201
9757
17725
18972
2299
17029
16479
17216
10773
1832
17417
1907
13584
13973
19080
11913
4047
15458
18198
17981
1986
3352
18711
14337
6556
2647
6292
16983
1381
16096
16416
5178
19207
7967
4839
4819
18214
6605
5888
2197
1685
5878
3080
3674
18072
17081
9728
1104
13149
7820
15002
16795
19060
14624
10621
2386
1027
8516
2951
17793
18905
10509
12064
3923
18409
5291
6362
3758
10850
13043
16381
14749
6119
17447
5264
1806
820
4349
3110
10868
13156
5672
15749
1111
19191
3976
5700
7406
12695
8939
11884
12282
7317
1335
12343
14292
19260
3139
11056
14415
3732
2277
7703
19438
10869
6956
14720
14705
9687
13367
13597
16327
14974
16698
12314
18302
10116
4549
5260
18498
8611
13555
13828
3288
9362
7200
10236
17071
7390
9836
7401
2692
12338
10337
1240
14320
9034
5120
826
12162
4689
7715
8108
3949
16811
3292
8566
9932
17098
5490
16090
13131
15114
5702
8154
9770
5205
1288
13768
16959
14297
4562
804
13033
10803
14992
5256
10460
12798
13531
11730
15355
13931
14530
13790
3312
18084
13631
486
1773
2418
9889
12612
13724
18786
8356
18091
8635
1199
19292
17971
8259
18207
17499
10561
17186
14251
4772
3877
4849
13401
11593
3053
15589
11209
10311
13318
2583
14554
18056
11868
4527
4064
16295
18320
2336
17594
9972
14215
4464
4739
11348
3213
6685
3876
10515
1346
2945
8082
11895
10679
16967
7740
8906
18459
1723
3737
12661
15340
3778
6747
18881
8652
17223
17703
2478
15188
5045
15747
18636
6148
17959
19230
16072
13578
2011
6382
5460
2963
11651
18477
1974
4981
1562
6971
18373
18059
6758
3796
2008
14285
16552
16400
17312
11604
5445
16205
17455
9732
16466
4674
9846
11744
16460
2968
877
341
6126
4721
6476
4456
18273
8783
14637
7478
13322
7280
6513
8642
10474
9295
15285
13502
14763
17783
5255
13648
14069
14773
18150
12133
9170
13124
4079
4492
13833
8561
9755
5892
2672
14405
10053
19268
1426
11238
6957
7491
15014
6757
14740
6043
9898
156
4911
14205
12965
14261
8588
18270
4748
17352
11204
16634
1650
1690
6560
8181
14232
5815
6454
16303
1749
10363
15226
15396
18997
4885
4826
8537
10835
9938
17079
11470
13390
12246
4654
9368
12959
6508
18982
13218
1785
12446
10676
19155
9742
6924
18294
11019
18956
562
10214
7133
15585
10225
3501
14932
14455
13448
8577
13776
15464
18336
157
14947
6888
19079
16683
11225
6090
15888
5141
16877
17758
16174
8122
3374
16875
8744
9452
1494
11072
8138
13029
1392
475
16577
8765
14748
14230
9571
7207
3843
7175
865
18792
5860
5827
2570
2954
18500
11417
13370
11933
1821
17847
15090
5131
14880
1835
5170
15837
6501
9271
11803
71
16247
12051
12434
8835
11554
18192
19229
5498
3164
17414
13380
3165
17386
9059
1168
11242
1132
9012
9372
15861
17949
19337
19028
827
11301
8006
12433
94
16042
13772
15084
11049
2928
2933
15024
1069
15431
17440
18423
18932
14483
6819
35
6911
6112
16642
5645
16294
9936
110
5572
9486
12175
2322
17118
14389
1875
9078
85
14816
7042
4834
10610
16553
14679
14388
1780
2872
12346
1720
5658
18770
6566
11375
9925
17645
8617
12573
6140
11624
8592
12827
2099
221
6963
3538
19088
16911
11031
8050
16139
8981
9226
17043
687
8274
14644
4574
16359
17033
6182
12361
4073
16168
5456
15819
15715
18272
15103
8235
7441
12406
15750
2283
1738
6754
17877
14730
7876
15181
12125
7689
12913
859
12099
18827
16196
752
14663
16365
5558
14523
13283
13049
16935
11331
15760
12395
794
12204
17963
16756
5916
15452
11389
13844
18064
12079
6077
6953
17609
8202
6383
18442
15279
1595
623
13514
12899
18457
7540
6266
4358
17551
17299
13520
6998
3537
7471
2056
8840
12349
14058
12853
15457
19148
14685
15908
7742
4652
2756
16890
15996
19169
17872
2834
17055
11413
17304
10401
5977
2016
17048
5518
11230
11923
13511
867
11800
8069
12345
6966
8090
2950
5516
1454
10855
8313
6552
6147
8557
5624
378
17701
8819
15059
15312
16376
11956
18562
8697
17714
1669
19114
777
2115
2187
5823
1341
5846
2997
19054
16109
3234
4598
8782
16905
568
4566
7704
6849
4305
6139
8523
14967
11880
8965
2459
17778
12558
6773
2974
15877
2052
14671
9038
18023
12403
3776
8232
12486
2998
9510
16249
8892
4596
17617
5752
4255
10995
18428
12028
591
7899
18509
7388
18741
3081
11455
14870
4024
754
10285
10749
2744
2493
2671
12436
2896
7162
2387
13974
19151
16946
15774
13115
6190
19404
16971
14745
7336
10550
15520
1313
73
13206
14360
13202
13462
12763
13882
8667
11392
11823
13300
17888
13026
10464
18491
5310
10702
11930
9896
11679
18471
4290
10280
14486
1416
9175
11251
8543
730
12144
4092
16948
13547
5863
210
1852
10757
3461
1311
3463
19159
6790
18271
13366
12386
15953
2774
19147
14465
6531
15189
18144
6931
9094
12522
16069
18763
13257
5667
4661
6109
1589
5187
4920
5958
8889
18926
7393
8038
3195
1510
9639
7254
5384
12137
14580
3454
12235
554
5011
7621
9715
3092
14053
15664
9577
977
5641
6675
17126
7781
3602
12197
1722
4405
3856
19275
10854
3972
4325
8813
11590
10457
5225
10077
8618
12729
16252
12619
15583
5799
8025
1068
768
19423
8182
15531
16192
1390
247
10360
14774
6891
10633
11570
14754
11246
17219
976
14840
9474
11644
3152
18821
8489
2484
17162
25
9401
3794
9576
12757
14043
11351
5740
9333
8217
10319
8946
9761
7634
2862
2119
14018
12894
15863
15907
6589
5660
14701
1833
1719
4771
12325
14169
19364
19222
12008
12930
4140
7267
5080
7192
9513
9057
6413
6794
3094
17315
13293
17917
12038
14746
16991
14372
16424
7907
4532
10985
17129
15638
16963
13199
179
5411
8112
13798
18157
16447
14801
2287
13309
6236
15239
11089
16695
13031
16833
3638
9041
5542
8536
11687
18113
17858
2152
15570
12233
12212
11987
7466
1994
12342
14219
13056
3937
2931
9402
17519
5796
2090
801
759
12180
5789
9199
2561
3548
7346
2652
10259
4824
60
15902
18660
10833
16037
10851
6360
18017
8885
1456
8571
9817
11418
10907
9317
6662
16430
7737
17992
5248
16872
14202
8212
3174
18992
6570
4573
16672
13887
16554
10523
13078
8282
11805
886
13362
12604
10493
3134
13251
10784
3681
17639
11402
14627
14542
7305
6880
18725
5781
12383
15091
15511
7684
1218
19213
4639
1938
12037
11976
8886
13298
8628
12976
551
15082
14507
17886
15379
17261
15906
4942
13906
5293
10356
6058
14066
3618
12463
11474
8424
6580
12705
8039
3805
4419
24
12952
13227
505
3448
470
7222
10327
12202
6749
13424
10810
13991
15162
847
11380
7930
10132
15521
15243
9841
7677
6696
1228
9114
19265
410
18485
12362
19370
7606
12239
4115
51
16402
15975
13193
13579
8382
17065
19111
18676
3789
10506
17019
11491
7440
6298
17395
16397
13484
3173
9857
16544
4830
16952
6842
19226
14108
3577
10746
12150
324
12590
14956
13279
1435
10789
18869
13361
7293
5392
353
12740
11121
14999
15916
14535
14435
11673
7665
3671
15897
17914
416
13619
1795
7228
8708
4916
18350
2996
4149
6288
6854
6947
10558
10819
16812
10291
3103
8042
19420
5728
9153
8481
4320
18436
6716
7226
4763
16204
5971
16034
9079
1877
7787
3991
6005
13005
10510
7145
15190
5822
9724
18322
4938
14563
3277
15225
17407
16246
17712
12963
7714
6806
10960
2863
2865
12135
18088
19294
17862
10711
11059
17667
14997
18546
19012
9108
15575
2658
12549
5876
3850
7511
10237
590
1687
8353
15880
5346
3161
5165
13082
758
18495
15323
15177
9045
1231
14805
17816
5688
13698
5679
9306
14407
15115
4667
10101
18441
4617
17022
12765
329
8984
19218
5650
13680
4050
17131
17627
11486
17201
7954
3244
16923
15909
15194
19072
12746
7405
8035
14009
1301
406
8281
10448
7707
15314
8943
2045
11846
16501
7577
11596
1574
8095
2804
451
2463
11829
6746
8344
16270
15123
15942
14183
13637
6149
3483
4579
3802
6533
10606
15363
9672
9659
1377
14686
11390
12749
3523
13187
16775
12693
2472
3071
3823
16893
4622
16699
17271
11189
12724
4601
4480
9759
16411
6995
16451
1527
2297
10001
7889
9273
12950
15645
6191
17136
4189
5340
18712
10302
198
16969
19180
18910
10388
15443
12531
8963
1379
16636
17432
7290
18939
12274
723
10647
15182
16964
7464
10961
4045
12019
11826
5979
17169
8506
5433
8732
3889
18347
18936
5801
18893
18600
16934
11746
10915
6297
2973
15683
17286
5704
10367
11587
1248
380
7332
855
10226
4444
17939
3598
15844
15631
17256
11122
15096
4592
17523
9394
12
3775
16103
2924
2439
15201
12595
18340
4010
19340
11285
16014
18239
5529
10969
452
18427
9327
6659
18888
5421
11705
11770
13389
8022
6406
15049
13554
3680
1215
14738
12083
4440
8809
18458
14416
7093
15698
12759
11638
12839
6562
3447
15566
1872
3531
6755
11353
593
15191
2340
11381
17269
15160
5887
3536
11675
17690
10413
16561
8879
10750
4985
8591
8434
9675
9110
5627
14919
2861
14585
16234
10508
17800
16864
8876
11319
5426
17179
19232
13435
8293
18494
69
445
712
11516
19086
11257
5270
1783
2584
11228
7028
814
11678
11258
14305
6536
3108
1214
9353
9989
9825
11322
3186
11453
3135
14075
3741
11487
3701
8029
4336
11218
4656
13736
2686
382
1076
12975
19273
12947
2995
5245
13740
17213
16766
9418
8326
1124
6745
17589
15541
9296
11792
9197
17610
9347
2391
18940
5154
2813
10658
9599
9000
6335
19021
18141
18083
9063
13416
4696
173
5458
19205
18896
14584
15466
5090
393
10445
18275
1398
11179
3787
15516
3087
4782
7539
7818
16493
11157
12296
6986
17253
3853
2608
5953
1385
17636
17506
3023
7809
12499
4385
8690
16898
13573
4273
15347
17496
11407
7630
1963
12046
3376
4987
8834
8630
8913
13977
3354
14300
12851
18019
6828
11709
14776
17663
11460
7848
14456
15365
3682
7860
18726
17090
7030
6279
1859
19195
9872
6245
1712
13521
6270
1603
9581
19109
11538
6887
14586
13739
19371
11383
16068
10391
11585
3179
15025
17333
4307
15851
4474
15242
6372
14804
18286
8980
17272
4810
13137
3459
15530
4901
19252
7322
9335
15119
13709
1501
540
14809
1744
6826
12540
9241
8754
11625
7816
15348
10407
10014
5192
2568
16783
11335
1173
10801
5393
10688
5119
9856
16606
16862
919
13079
11788
7673
18211
6099
12992
12294
18227
7148
13712
16936
18655
9863
14643
11411
8716
12478
2326
3905
11283
16095
13111
3421
6401
6913
3869
17613
3283
8147
4287
11047
10005
1619
829
1866
9951
10939
18431
13075
12498
10531
249
2641
3317
14442
10500
6258
14485
1243
18958
13473
14750
14920
13317
4900
9056
18586
6364
3413
3767
15810
14101
16089
18862
8824
14673
6541
17102
8663
289
6878
12871
4655
10608
10899
7810
5787
12006
10179
4026
14462
12494
17120
4889
2349
6571
5665
10242
10527
3607
5254
15618
9127
3449
11791
16366
9406
12432
17383
17873
4906
13965
340
10721
15801
6354
9477
5476
18343
16741
2575
243
4078
17191
12385
10286
15375
7124
19243
6127
17070
15108
14193
615
17266
15968
17006
16827
8648
6641
14984
498
13047
11060
4611
14130
15066
4327
18993
14547
16685
3190
2142
19208
11425
13807
9747
11154
16712
18251
13873
1790
15043
15838
15790
16403
19000
6057
3562
1666
18448
12055
8606
15472
17178
4011
13989
14156
16336
11621
10565
739
18403
4759
7115
4391
2376
2670
18854
15444
5041
10107
3635
3820
11690
15067
1579
9839
10690
18668
913
16647
4219
8495
7119
6977
6910
17075
15676
12873
469
14182
8000
19092
15249
2410
12707
5166
18991
5655
7034
2098
14489
17423
6759
15287
13469
16507
8904
14914
18003
16372
18387
14630
11782
12236
100
4506
1694
2093
9338
15856
8927
16226
8791
15596
367
8463
17442
9356
7054
10346
19367
6143
18066
13229
4436
13781
10683
6132
8454
16609
17953
14597
514
17344
18298
17920
727
8524
3893
8010
6212
16550
8061
8569
16342
1594
17362
18570
2698
6287
1373
626
5721
5677
18850
15692
3639
15381
10650
15912
4298
7041
16648
15436
2070
17966
13856
9982
6761
2964
5711
6832
12396
14020
18853
14279
9299
6642
18265
5725
956
11665
18153
2470
4378
10569
9548
19129
18357
11055
10675
9343
13829
14719
13662
13993
118
10441
9743
12397
5885
3799
9482
2144
3757
15033
11398
6795
4057
16346
14623
8161
5871
3810
8793
7587
897
6220
12455
3275
14479
17977
14696
13837
17578
5263
13142
6505
10905
15296
18548
12477
6461
13806
16332
16189
10767
13546
14470
1480
6262
7199
10535
2796
7455
10844
16031
15688
616
14708
2456
9282
5532
11126
9434
18656
13881
3050
8593
6318
6385
13693
4554
18645
5717
3793
7418
13858
11507
16556
2760
13795
10842
3431
16990
427
13189
9537
7994
14341
13981
4185
4448
8933
14772
10781
17904
14785
15830
4261
15257
6067
10081
8310
11224
7551
5102
2902
14467
15813
14819
940
12974
18426
17239
11282
15737
8422
371
16281
11472
13485
14440
16702
4851
8899
15941
1900
18464
17838
5969
15515
15445
12864
6327
2521
2517
3542
6393
10852
2163
5505
7965
19075
11158
17504
761
19408
19070
17693
17940
16562
11151
1356
3076
7570
3996
286
13086
5084
12968
14150
13489
960
14031
4476
12679
4123
16629
3686
8093
6528
13123
447
6294
10396
2675
4051
12141
11542
550
4430
2787
13072
15853
7991
16637
14007
9686
16091
10469
18814
15928
17452
18355
15176
13808
2324
16388
509
9209
17436
12530
16632
17515
12697
6765
18482
8367
16116
1664
313
10560
17343
8240
7057
1993
13316
1789
738
14460
7062
11776
17391
15325
14050
4400
14736
2237
8439
5813
19038
1075
15616
2657
9491
7963
18758
7886
16994
2017
8563
12812
6174
9386
14284
4864
5682
7538
10966
6395
783
7916
18449
2844
17571
10537
2638
15448
19099
14886
2023
2273
3630
1374
4423
19264
13173
1197
18311
7992
13677
12683
7411
14015
3274
14353
994
7652
649
652
19349
14262
16517
4152
12532
16140
11517
5853
12094
9618
3909
15847
10934
18225
14332
13853
2888
14508
10665
48
5824
16202
17892
5772
8109
6215
3260
10735
206
15743
14882
1006
7426
14420
12994
9292
7865
10106
10904
16159
17666
5206
3456
15050
11813
1816
14689
14154
6714
7628
10231
13634
9539
4593
5560
19335
15371
1096
13192
11578
5112
3284
4615
18871
12891
17749
15069
7838
13509
14677
2116
2749
14317
6628
11856
14167
16765
14817
3154
750
9847
4932
16300
14431
18978
18771
11376
11461
14697
16768
11657
5583
19190
17952
3700
1878
12409
4522
14599
11898
19242
14649
1626
5046
428
13718
18402
13253
18640
10796
11147
8756
18778
18093
3535
11905
17309
16482
1644
2302
4002
2309
7079
1590
5062
9674
10281
18101
17630
13487
2343
10424
9161
878
3753
2382
7653
12681
14161
17016
32
4475
15966
854
17802
1854
12937
19386
13636
14860
7802
10582
11878
12948
10942
13498
10626
18638
8427
3555
14753
354
15021
4800
6170
14045
4303
9533
18266
16186
6317
19246
684
5447
8675
15478
1549
16955
17058
16802
6526
16444
16650
13937
7754
13825
18238
3166
12614
19410
8894
8054
10747
4283
6870
2708
9693
18681
17419
9470
11995
16423
9855
15094
15746
15048
18901
15667
2190
16458
18917
17673
5718
6500
8403
10
15251
8243
10322
12917
18573
5466
14184
10680
5239
12152
14751
15156
14868
4132
10144
1147
4673
1497
10233
18780
12456
13114
19368
16362
2027
3425
11509
8619
8979
58
11922
12460
4040
13861
16510
12788
17932
959
16073
14577
15994
17225
16239
18260
13360
11847
14925
11127
14864
12572
14980
16467
19017
15565
13664
7730
1219
18587
4017
7150
11401
17997
6093
7710
16080
10933
6000
16591
13538
8349
8324
10062
7821
14148
5619
1824
3912
18208
13549
5296
4559
13519
3217
114
18858
8877
6455
103
8421
7700
9443
14408
3433
14086
8419
2704
11466
16965
6824
16757
11099
12107
19363
2727
17836
12973
12621
11066
15604
1968
13354
16679
11961
15256
17596
5053
6
16953
10184
1807
912
2220
15240
4840
11372
11536
11200
1823
12295
8067
13175
15506
4651
10191
9818
13889
18308
12969
633
3141
11482
1964
11270
12809
13535
5246
4816
11256
12002
16038
19134
15213
16601
450
5108
17473
2711
13982
2898
15065
16276
2970
2975
8633
11232
12271
5612
8450
3768
7635
12897
6308
2035
14180
13437
2444
14604
8417
11393
5990
19113
1582
547
8214
11444
6451
14803
13596
14384
17691
18075
10127
13326
14645
11281
1677
9552
18545
14327
12254
18416
5150
10373
18922
14391
14718
13618
11558
11308
16573
12388
16925
10993
336
1083
15328
10713
10884
16157
4343
9121
17255
3469
5085
2004
13104
19206
18051
19106
6332
2560
15644
18073
17351
13951
988
13357
9591
14131
11468
7088
13271
9555
13286
15794
6525
8184
12081
6695
5238
8507
13799
10205
2259
7756
18592
8728
15026
11330
12082
5759
7676
9780
18183
6121
8656
14208
10028
11182
14046
16618
1950
1581
3172
16559
8887
3279
5527
6661
4514
10607
10638
7214
15962
11655
13769
18715
9383
12116
11741
3595
6684
16203
12585
10042
4605
11261
3735
16256
17829
10125
18694
5441
4213
8815
2656
4077
13034
4803
15761
11309
10830
10253
17546
9826
4212
5703
17678
2841
18262
2291
11677
17190
10741
18002
11711
5621
1740
14506
17040
18054
1217
14113
1046
11723
5451
15653
4982
16998
13517
15453
5949
9166
307
16739
384
15681
8447
11765
5843
15300
9268
5578
3825
1348
7126
12164
14629
15020
197
16610
18581
1538
19421
12207
16713
426
6993
13140
364
13179
16059
17427
16499
4717
9224
6003
16419
9479
13692
17113
13995
3212
8866
6293
15883
1750
10408
7194
4084
9307
2369
2576
9662
6958
10585
7253
13002
16311
11582
7504
14562
3408
10824
1314
16427
15139
19061
16465
5452
10087
18555
2990
15246
10189
7074
6223
9022
15298
17408
3169
12852
9313
18574
5745
11523
3357
15892
2798
11217
13048
4811
18591
5508
6433
8842
7861
12778
15590
1520
6834
2706
1438
409
15791
11807
17510
966
19344
851
15430
7841
477
9174
8473
8312
13153
7235
2994
13952
8188
13089
9866
6179
7061
14122
10035
6402
4018
10351
12583
18807
18646
2408
18946
15145
12211
14373
337
14536
6165
14875
15372
7559
6420
6349
12497
16149
2816
16007
7027
5375
14855
15740
17349
8455
14668
2660
14287
11106
15126
3269
10115
5913
1904
14299
7661
10502
5048
7116
6939
918
7482
10916
12774
6551
6008
7494
15232
10980
17905
11526
484
7857
17166
17380
1952
11214
15834
18966
12267
14852
1496
9531
238
14725
19348
8806
15723
5986
6701
2648
15910
18816
13311
3007
1401
16818
14288
2645
6833
7341
13264
18142
1739
558
10764
1384
2683
4761
15946
17045
7853
18480
13644
13108
4113
7784
17950
15956
14477
3839
8760
13902
19237
3151
17643
14570
13868
6390
3182
1942
19197
7043
11910
12354
19157
16047
7917
3156
16364
1931
15776
2483
2141
17405
7490
6674
11506
6232
16750
6066
18147
6032
19124
6883
6281
14124
2244
15070
7356
16124
7060
7728
15409
7313
15051
10292
14909
17167
2377
5091
3695
9181
10948
7
9286
17067
13259
5881
15591
4531
153
2983
13901
2586
12452
14566
737
11780
6544
3191
16355
16308
3233
11700
2136
13400
17951
3484
3724
9206
6338
6763
7408
2411
3837
1778
13590
15075
18950
12771
3883
193
7070
9026
1978
694
3
11994
5739
17629
7512
9144
13042
11382
9123
15367
18512
8244
15394
8464
13388
14847
13383
8679
2739
9456
17837
12565
18351
5422
6010
15129
5371
3854
4709
13734
14529
15804
8295
10476
13507
14900
5674
9763
3321
7399
9042
17018
3558
14074
6973
12413
6841
12237
18414
4712
18086
6733
14872
8761
13765
13122
3750
8273
5202
15858
13151
9952
6951
13838
9838
11076
7685
1555
9128
15344
11338
18369
13803
13576
12166
3471
15029
9252
338
6929
14229
18961
18384
9546
2357
3049
14381
15599
3828
12575
11112
11953
9734
11626
17785
3659
19384
4105
13107
13204
5818
14583
3566
15216
12240
14625
5369
7498
3159
7264
3596
1364
19414
641
8734
12288
9521
10788
15711
1548
17497
17259
1748
14611
8870
16798
7611
1627
5620
14712
76
15197
17856
16221
3029
3184
13686
14121
5951
2308
2833
6511
14005
14936
10128
16815
1178
15498
7624
7272
13426
18465
18377
12655
16056
10765
14312
11135
11141
3245
11374
13327
3121
6344
10162
7989
5675
3867
14781
5026
2049
8186
9535
5219
4265
16172
1920
3790
5010
5337
16075
8914
16565
1482
3462
1391
15031
13815
7957
7485
6564
5236
15362
9013
787
16028
10220
9084
2121
12914
8296
9996
16305
7029
14145
12370
5719
5360
5231
17092
9275
14425
12248
8060
2462
16302
9748
18608
8501
1444
425
11421
2083
14116
18751
3878
10353
8110
10691
2691
8149
6386
18176
13726
6800
17437
3852
2887
13225
18487
8511
6916
16351
10992
2219
18527
13460
2832
7908
6412
2836
16338
18127
3849
9985
5710
18432
6668
9739
4402
10293
11379
11117
7476
12732
15204
17584
13414
9876
10544
15875
5761
18245
17826
15995
8099
1812
2546
10006
11939
8114
11743
17724
7117
5258
5987
2084
1797
1481
13879
14023
17142
14469
10008
7213
3675
8915
16143
9671
17318
18949
3077
14681
8862
11316
807
13959
4162
14743
17206
4204
10657
12291
4504
4165
47
15214
4990
5563
1860
13676
654
18691
8113
9088
779
1220
11187
13333
7295
2519
2845
6889
1954
19023
5947
16271
8046
8975
8203
757
2240
4516
7241
952
10662
16315
2520
16622
6688
2022
6156
16107
15605
4628
3848
15408
5785
18964
3064
11850
9907
5666
168
18264
2529
17818
12151
5388
16596
580
15728
7206
19199
5605
13703
937
15412
13178
9119
12936
19125
5874
4969
18662
16654
15076
11394
11492
10240
4584
13665
6735
5617
8241
10025
7507
5173
4962
3838
2270
11756
16863
5176
8854
5417
16657
13126
6885
17664
14324
1987
8883
5943
8435
18074
18341
7110
16918
14526
12800
18380
7376
7164
16326
18918
473
5469
12363
6350
4534
10246
6205
17226
669
2353
9573
6155
12016
2449
10268
17883
16354
10108
3658
12791
7291
7347
5197
1483
16407
9076
4742
15237
508
879
2731
936
3755
6486
9607
12285
5538
11073
12926
17008
16165
7152
18175
1834
15199
16251
17307
349
11612
19107
14661
4319
6604
4943
13513
12075
7966
1686
798
11870
10113
16325
12597
17379
3162
16823
16425
13243
15719
5143
2446
12714
14571
11934
13723
5767
3061
10050
12547
9614
2341
18930
11295
16894
5865
5427
8275
10592
9476
12858
15950
19184
1412
7946
14057
17354
6743
5327
6873
3390
15360
15449
15289
14237
2179
11727
6798
13915
4414
4481
478
1338
2696
9413
7104
2398
1516
10137
12496
6014
6994
11352
8462
3719
66
14091
13238
215
3936
11737
6692
10190
18769
8191
12172
2915
15969
11431
12668
4331
19166
6248
14820
1755
3574
12032
16514
12680
15509
10698
11008
16134
14682
10511
9454
9629
8890
8258
291
997
8339
16260
17046
14259
11750
9497
9473
12742
141
9032
5305
6263
458
15518
14290
8510
18128
4317
12580
1119
6079
12636
9436
8083
10751
16094
18249
3246
11086
13235
5101
5730
13379
5557
10917
7130
1464
7284
812
7086
15666
2356
16543
1463
5372
9490
11927
12190
19380
17076
11362
3908
12753
3781
3418
5364
18989
10193
8674
6853
4540
9558
12440
14364
2967
18508
8814
9729
18333
9167
19283
18360
9754
6595
3520
12807
4107
7249
13265
2977
12122
9089
15184
5541
7294
4188
10964
5933
12138
1110
16238
12938
15415
5262
9648
7287
4519
13604
14893
4496
14417
1672
9646
2243
1406
2423
19074
2198
1268
2726
10946
7641
16470
13910
8340
16889
18331
13508
3882
10456
4429
6892
8080
11063
17865
14500
4505
13561
15146
863
512
838
2293
5777
1453
14480
19117
10389
18100
9117
15461
10267
8673
12411
18385
16476
8058
18506
19234
15864
13262
14650
13862
3947
9781
10149
6101
2037
9557
11456
6351
3592
9419
6096
10037
11094
14453
14836
12114
8542
557
9658
10865
9416
4133
18653
17870
5082
7289
9649
5855
9184
10348
1230
18838
12375
19373
18903
9021
16615
9417
11990
5454
16278
162
5974
14613
4200
4089
16724
8587
8247
5948
15291
420
12348
5313
16858
7147
3962
15582
16455
11323
3524
19182
13073
14345
3229
8064
4950
4248
18731
597
6133
14272
15157
13021
17192
1850
16668
6199
6034
12065
15915
19224
17277
9422
9711
16267
9100
16472
16229
3105
18697
13674
14636
11058
15823
8289
13222
2547
12352
4005
9237
9049
11982
6999
1305
6325
18371
18745
11861
8145
9831
1312
6962
16448
3199
9374
16901
7384
3565
70
606
7686
8264
3251
16272
10836
13439
6359
5468
656
15957
18929
16649
10909
2644
14032
11732
16789
13787
12651
5132
1476
11173
5854
13210
3608
3707
7983
11298
10979
3242
14220
1343
4643
17794
18292
5278
19389
9277
3847
8875
9258
16570
11005
15508
16208
18367
2650
15421
16200
17731
2361
19192
10371
5379
11636
12078
11712
1179
1697
16024
4279
18348
5329
17541
3112
13932
12543
4954
14311
5405
12315
18669
14505
11715
15963
2048
10989
1566
5049
619
8256
1152
2817
4232
8873
8644
2752
2122
11505
8085
5940
16917
11286
18756
15454
9281
8308
13880
314
13055
13340
19240
17275
8650
7016
8023
7975
2223
16660
2039
3795
8714
18353
10380
11255
9361
894
18206
5290
5793
10378
9792
18179
12978
7648
648
15036
2165
4
13000
135
11606
2458
12443
7140
11292
14189
444
8822
18996
10102
17381
16732
2831
8795
17281
8238
8445
15519
12482
4143
12201
14667
11684
12056
14459
1331
15392
11080
4850
8908
14955
143
7468
12359
4863
13575
2766
11137
4726
17464
4293
2105
3326
16340
5548
1903
7183
14367
842
6377
8091
8797
974
19178
18674
3669
18707
12964
4767
13097
19142
16417
18182
17871
10060
11545
2051
37
11464
11403
11264
6507
17062
13866
12589
18394
7980
2646
18699
3868
10786
12191
17958
4030
11842
9145
3616
18865
230
19398
2589
10157
11494
16730
11566
2420
12286
12305
7109
2785
7172
4483
1909
10636
10024
11514
13647
18738
13308
2871
3576
11249
16603
7890
16383
1295
1539
17194
16886
4454
13946
16224
2904
3546
792
12539
13941
8811
17236
2429
7076
9544
996
6693
15061
2848
16242
3069
14715
10211
16421
13841
1127
10187
14520
13685
8750
17359
2829
3818
16594
7372
4627
6572
4977
15460
3082
9798
10324
15674
6428
18848
15876
16567
226
10742
18077
8874
9265
10829
3528
10838
14427
5890
14033
17020
16046
14293
5756
17973
11185
7962
398
595
18335
4804
13177
19333
11688
2585
11350
16673
14865
12802
9087
15661
4275
4818
12394
5467
12919
3129
4012
19015
13971
14198
4126
11759
12435
14392
18889
13859
2477
803
7885
6018
17741
7325
18563
6988
1707
731
17846
5555
7904
12929
9239
9342
3043
14039
828
17200
8556
15770
5259
4972
18532
7776
823
13275
8180
13341
17833
6805
4931
1522
10063
10912
9538
995
7858
16475
8405
13524
4330
17103
11044
14315
16548
121
4974
10129
4859
19238
15276
17550
19097
8371
13659
4055
15831
4174
12712
1020
18542
5838
16401
5449
10873
662
15832
16136
11774
8539
10507
10072
15886
9259
15720
1477
12041
8772
13883
13236
6062
18947
4602
13052
14952
5332
1455
14270
5024
6171
3894
4975
2031
12312
1949
379
5900
15009
19416
14622
6316
9941
8993
15057
1753
4582
6903
13395
3749
9122
2300
333
10586
15342
511
12165
7868
7144
18518
10825
12360
15271
7623
18376
12244
10719
9634
1320
3553
5247
18166
12451
1757
180
3543
5965
16873
2895
10736
7135
4976
5377
4060
15277
4447
5709
3117
8115
677
1407
8796
1446
4257
18736
16213
18314
6948
5544
14544
1297
10364
13810
8871
13382
12608
10477
15659
3192
16049
2269
922
5611
11183
10800
6710
14254
10753
7139
4215
235
11710
6535
12787
18304
3684
9427
17422
10547
2263
11634
9562
7526
2837
413
4029
16555
9608
16871
6345
1508
9778
18365
830
14321
915
18043
5537
19251
5707
18634
6542
14533
11921
18305
3052
11568
6780
12769
12353
269
6620
7121
4546
3715
12072
12893
4854
3527
8152
732
10926
15440
9783
7662
14888
17371
8249
16227
12544
6282
15264
19261
14702
5282
17697
3429
7717
5765
15193
15548
15175
9115
15808
16933
15100
3363
7924
15418
12506
3539
7008
11843
1779
11069
7066
7575
900
14263
8220
2819
13297
13899
4432
19043
15308
992
13295
7845
13412
12721
8845
7423
188
5669
12120
11583
430
6123
18975
11253
2939
4933
10244
2112
12100
2182
10841
11501
12480
10251
17572
17053
11408
14191
14386
6002
7771
4228
13280
12479
11853
3291
17893
12020
1702
7747
5194
9790
6218
9448
9627
11396
13228
12224
14351
18223
2292
2626
2298
3359
14492
19094
2375
2430
4947
18
11186
11034
12330
17484
17987
13492
16794
11980
16537
620
6312
2812
236
17141
14446
6600
8666
11101
8574
983
14933
12222
2061
17502
7020
12040
3428
2893
16334
6656
3322
6222
9242
3784
2234
18557
18602
13506
4500
6151
17453
12356
3315
223
5573
19405
8398
13377
1805
16735
9822
301
2312
16117
3721
15707
1402
13155
10047
16032
12321
18473
1758
16841
5354
15171
3742
11609
5207
13843
3885
11680
6397
481
7732
11172
11229
6472
10121
15670
14595
6770
14710
12545
4488
13221
8578
12832
18342
8210
3510
2
8659
15321
15811
13184
1853
2184
14103
6065
4921
19219
5095
14524
16892
1649
15154
5186
12760
13598
2856
5366
8768
4992
4403
4493
19350
8449
881
7725
5299
18395
8929
13331
15821
12009
5755
12944
9279
4473
18832
4264
772
15319
7509
5751
9083
16651
4984
17150
14426
15503
5233
4394
8200
9710
17825
17404
11768
390
9966
5301
6070
14835
4993
1425
3356
17433
8177
13903
7349
17588
14987
1466
3803
15571
13930
15805
19175
15322
17652
8001
10988
12656
6724
6367
15153
8160
8055
19143
1552
15253
19316
10520
10151
7757
11983
18564
6210
16228
16214
16222
632
3964
6843
17345
332
774
12911
9492
6666
14286
1273
10133
16822
14839
3916
4970
6233
9444
14874
7421
17590
11377
15222
10344
9322
10228
6639
9633
8930
3138
16039
9387
2788
18148
1953
18907
2428
19297
18129
10376
3472
1479
14100
3300
15022
18034
11969
244
15920
1745
12888
1182
5816
1408
5961
14051
13762
14029
8691
10809
18704
15927
18945
488
10257
15001
3383
15358
5671
2578
12297
6128
17536
4217
6553
16105
17370
5156
4705
12068
16494
18984
7644
14013
11448
6365
3791
14688
19248
17644
16762
7021
13752
10744
19200
601
2003
13983
12932
14986
13129
4890
5922
11534
4657
14796
10954
14173
11738
15117
16754
18476
54
16970
5926
6150
15795
968
10759
3703
3333
6827
9733
10994
15536
3451
1998
17247
3780
9058
2242
2542
7583
18583
4529
11637
6862
10412
16077
229
17592
14256
1932
8351
9689
17896
17258
17296
12998
4621
3022
11963
2790
11415
15932
6996
15842
19383
12781
6436
3597
16940
10473
18037
18665
5553
17744
8700
9753
15167
11234
1342
4879
1462
15573
11874
13240
396
6254
4333
11563
10674
12015
10622
16147
1651
17918
14422
16662
19022
5911
3858
1881
5609
9007
5644
11082
2947
18478
4239
18160
14316
7279
4754
5092
17444
12098
12633
2274
16790
4944
18670
786
7950
13949
18963
11030
510
14147
14797
10780
10200
10358
4457
3503
5591
8705
16138
8938
7736
18193
18283
12449
116
12231
9956
16290
17089
13224
17025
14430
12527
1656
8829
13649
8411
12259
10866
16185
18919
14298
10071
5435
18522
5994
4312
3120
12925
14615
2877
4357
10528
6396
18840
280
16218
142
10970
13346
5034
10415
2333
9664
13368
8137
6731
10730
13305
10458
3832
18230
12334
2828
13742
8983
15173
10088
864
688
1898
11764
7330
10821
16996
3373
7059
10437
1572
17746
16301
13639
7589
9398
1556
15369
13211
14722
7106
15786
12514
18868
9685
10726
5347
873
8037
11003
13282
4206
13407
6188
17650
6242
4090
16907
16993
17279
12605
2162
5475
5862
18209
9172
16166
1039
18408
19288
16474
5017
4359
15016
14034
5970
7560
18049
7475
1290
7323
17478
11689
17573
373
16545
8540
17254
12225
11103
15459
9071
17367
8500
11125
1327
18799
10438
8896
14829
8801
15606
14550
8844
2360
5893
8800
19433
2617
14814
16728
17682
1825
10495
13542
13417
8352
2077
13701
19203
7038
12324
2040
2021
4578
8190
13252
14370
5089
7748
4067
11237
12130
9027
5732
13411
10707
895
16259
14356
1662
12313
19217
4930
2480
6785
4629
1564
13339
14336
13219
11511
6081
15958
17375
9391
19145
14218
9882
18925
6687
7114
1440
18415
18062
11539
1883
4939
10170
10717
9180
10395
3887
7370
14385
13979
6392
2733
11860
5894
12368
13609
1345
5834
10054
9136
17754
15852
8605
14082
5439
6192
8670
13384
6906
3372
13516
15099
14441
17937
18454
13399
1042
11013
17637
6036
3329
14813
3678
14723
7852
10494
18657
16432
7381
8477
8595
7380
6859
6727
3177
16206
209
924
12556
8940
1916
19331
9480
5142
2296
14418
9141
7778
2494
1660
19328
7422
5662
10261
6328
7548
16781
18976
18319
9272
8195
18795
16177
18953
8694
16412
17392
19127
4310
3983
13885
10379
9869
9385
7227
17495
16845
2993
7760
11591
7842
7960
15925
16052
2847
12537
7528
9762
4001
17580
1191
12424
12538
2630
9524
2120
14335
18860
9916
13220
12384
16897
5903
1465
15286
308
7153
6633
9851
14758
11423
1200
18516
14739
10165
1256
6080
17614
1941
6787
16150
17512
7825
11512
7576
17513
3651
4801
11443
3910
5105
6285
17095
18654
18092
14924
8820
11694
14087
2557
13497
8300
12915
13559
3652
18550
1204
11944
2471
17734
4690
12134
3226
13185
18624
12922
6670
8928
12026
16297
14362
4909
5580
1160
14084
16078
15416
10370
10718
3160
17426
10974
18809
12935
11442
4021
15198
7753
14267
17041
11704
8144
4786
15964
17528
14545
2908
4583
19310
1698
17119
13552
10570
10152
7615
16689
155
10429
18026
16262
11437
12004
8924
14338
17115
14768
17901
10649
11676
1593
15054
13181
17677
15721
7221
13267
17108
3594
15172
2955
15763
10672
9449
18041
6252
9918
17325
15997
16164
1277
13566
15144
12830
7045
18633
15854
7800
11524
83
3034
9670
5312
18435
14605
8683
10902
19139
9389
5727
18593
15680
11400
7844
9612
15672
9570
17674
9228
18514
13940
6227
1125
4348
15648
4775
18754
18065
5050
18622
17762
3954
9958
6306
9152
2351
17086
5910
15569
399
7746
15078
10197
12782
16449
1171
15893
8168
8925
7516
11920
12584
2946
6829
8763
1782
15724
13669
305
2191
5004
17066
12119
453
834
13099
7122
36
14159
7309
14531
17759
10486
15017
2395
17291
14072
4316
4641
2905
9961
16743
9979
11739
7171
3581
14226
11299
16641
8153
1447
9008
98
4091
2092
13743
4526
9929
8142
13625
4173
9673
3261
10791
7031
14837
11291
17942
14937
6667
17322
7763
10173
1202
10310
104
7353
17429
16101
11213
12188
19010
6275
16184
6509
15626
9740
10704
2325
3070
12845
19034
631
13764
16461
11483
2257
10659
18501
18422
19426
16777
11869
10393
1962
16201
10677
4604
15039
13792
342
7731
4792
17719
6549
9126
16515
10806
14588
2581
3499
17705
15383
4624
15766
14304
18666
4795
1229
1461
8669
17031
6519
19014
13144
11118
11957
15015
1128
18650
15402
17945
6157
9194
5484
12316
2743
14016
13496
16745
13472
16880
5774
12292
8601
3706
11450
14481
12900
16148
12698
15634
194
1680
1150
17619
8400
3146
17964
15716
4066
17522
4523
15105
14549
12030
16029
3731
14959
18740
4318
16385
19391
7698
13587
5941
18773
16477
8329
8319
14012
10705
3367
12921
2569
3404
3481
19345
13023
9880
3482
7734
17641
13935
9182
17885
57
3248
2851
16825
4278
10446
11736
17372
1550
2247
585
1363
4171
1157
11391
18892
14088
1528
14551
6516
10504
10303
4263
12687
791
18553
11273
630
4545
1890
7741
9176
3519
10700
16053
17999
19377
1279
3560
16782
17306
1591
607
7037
18278
7064
9379
2150
7827
16599
14294
13246
8503
16223
2226
14429
9015
7687
10355
5200
12942
11901
19334
16882
12461
119
15917
14572
6074
8625
13794
9232
14905
15469
12805
850
668
3476
11006
14576
10440
12014
2649
4056
2572
10617
14509
4888
1106
11740
10276
281
8280
8729
7083
17556
1376
14174
1884
9782
15489
9178
1695
11848
2802
7815
12776
16357
8685
16853
11102
13468
8568
3240
6178
10470
13610
9330
15192
2689
11366
10164
3008
16686
13345
8294
1088
799
18856
12951
13423
7354
3613
8171
1475
19
10770
14858
10834
10459
1449
8265
1935
17878
1876
1995
9563
13826
12408
15755
12242
6278
7556
2432
19276
17199
16526
3222
1441
6200
14011
13136
13391
13158
19431
12834
10271
2498
18177
14399
8701
11960
6304
10663
7813
17880
6458
6456
16729
160
2842
11660
17489
5820
5764
5503
13452
449
9892
16767
4965
1165
4595
5391
14328
14659
5805
8397
14140
3090
11936
1957
18709
6162
50
3563
10023
17907
9332
10619
3844
15951
10410
6725
10858
4244
2903
15890
12045
13483
14340
19123
15624
17171
808
7459
12490
7190
184
272
16237
8278
7959
7204
7888
10046
17161
19133
14158
9412
17861
1670
18594
8034
10534
8821
2305
1525
2019
175
1704
18935
15806
6791
11371
6417
17668
2038
9316
2653
507
11373
4512
11783
9993
10689
8407
12789
13984
16788
6836
3393
9697
318
1154
11341
18628
9230
16937
4109
5012
16684
15979
16592
15411
8780
10982
5722
7229
12390
18576
4833
14265
923
2539
6487
1642
3756
16030
14443
16519
16542
4814
9501
13020
18647
4421
1073
17472
961
10722
15235
11404
7209
14325
17463
14714
8880
401
18710
7639
19032
17654
5243
16931
10104
1918
8338
16483
4299
835
14890
19140
7580
13294
18788
2345
9373
10478
9291
17622
4000
10542
14503
8317
14436
1344
693
18040
7053
5444
7435
1769
4154
16727
6498
10900
15398
13918
6020
16006
876
9810
3863
15248
8802
4146
9162
5659
12826
19395
11028
5109
8968
11202
18533
5598
14163
88
9964
7774
16363
13169
9160
5593
15704
13933
6964
18960
7659
7379
5534
8052
7691
8276
15384
6625
19323
5146
10804
1347
8789
10468
8808
17898
5575
8960
5825
4410
11134
18087
13482
9243
7107
15086
2208
10986
13427
4684
14964
2482
4535
13565
17443
1223
3489
2867
16083
7420
16985
3663
2380
9033
15691
13854
9267
7699
309
13793
18537
7006
14212
12576
15643
13633
12031
2433
2703
6370
15274
17860
12672
16076
4952
14019
7278
2979
15302
13203
17382
9037
423
9970
5642
16356
8923
4039
17857
5954
16569
17401
7520
4671
13242
6039
7017
4677
12613
16714
17282
17446
17728
15885
16717
10669
7274
185
5412
16851
14114
13874
14856
11586
15841
958
1648
5115
2074
2737
17735
13398
8471
15563
18685
11294
11479
18039
1177
16721
14799
4791
6527
7595
2687
9842
16760
4691
1354
12088
5285
12379
17708
19019
5904
13453
6361
18332
6638
15245
15047
5446
17035
17469
6803
12085
12084
17926
9886
4380
2724
5204
17552
16842
13813
5870
3189
8301
19196
566
6946
3318
16747
348
18242
16092
2409
1370
3925
13804
5144
2976
2540
6194
3506
14532
15080
14916
1600
18151
11630
809
2525
9043
16962
16013
7839
14319
10255
7563
11275
18831
14695
29
6125
17587
6124
10725
7191
18983
7567
9208
5103
18382
11145
14540
2321
3716
12208
16870
6144
18849
13041
9324
6737
9745
10433
12658
16454
6363
8165
9364
13045
3048
6440
2722
9758
18716
11904
16188
4038
17689
12339
13548
15164
8425
10265
6683
49
18825
15113
1498
16803
15313
16800
7428
10130
9462
12555
9097
18891
11772
11532
4842
12042
12564
3265
16726
8451
19228
3104
13924
10772
11248
4798
9924
6336
2894
1227
11620
13016
15982
16500
18000
7779
1855
16330
6614
1005
2385
16392
11111
15718
2285
6054
10206
1536
7721
9601
5271
13358
16194
14054
19440
17681
1972
16352
7198
12909
13626
4874
10126
9111
17511
17640
15802
10436
1355
16008
14188
955
17924
4176
4254
16179
2225
2014
5111
10928
14059
16600
4031
82
5676
10013
7462
9875
18338
2956
8597
4124
14664
5457
5705
16178
14591
2846
13530
13737
14476
17163
7010
3188
13373
5839
11958
10799
6631
10574
17521
18082
16966
6310
7377
9201
3198
7103
14884
5336
1793
15741
7846
1193
6503
986
4610
11370
13386
1554
10615
7363
8127
18417
8327
989
12622
2627
5335
18746
3467
15303
15607
4594
3065
5917
18866
12516
1
11748
13330
12725
2709
9298
17975
9093
12062
10860
18852
13190
13851
4422
2374
195
5283
3290
7971
8867
3819
12155
2294
10020
2859
17672
2736
3525
7500
4148
3439
3045
10022
12320
4098
2883
10590
11706
5168
13687
1357
4106
5550
15083
5403
7859
5410
17505
240
480
13392
5873
172
3738
4138
3812
12209
16253
3917
11129
9193
13611
16947
16855
7912
14346
7620
8727
12054
4461
9235
4607
2180
4006
7568
12904
9075
18510
4036
7308
16881
16027
6582
14996
1784
18061
15134
19150
5129
15799
14233
2402
3797
8955
1141
16736
13070
9236
2065
13809
3578
15788
15974
15904
18123
1221
5094
17357
15064
13463
15038
13263
8287
468
15597
12238
5035
10739
111
16580
14559
13777
13884
2511
15042
13732
16681
13684
9776
3641
9987
13722
8878
3399
12855
12145
7368
8059
13695
16904
8881
1247
11312
17839
18381
7091
3445
232
17698
16464
18052
18434
5582
1103
11065
19073
13186
12664
16740
1928
647
17292
6238
19016
3219
11959
13700
7383
1997
14359
15655
12290
3892
2372
3654
13929
7025
7224
18326
19004
17817
1275
5690
14439
18327
18895
7338
18606
16377
2185
16070
9991
16568
14432
4062
11950
15186
8776
9564
5991
12414
4482
9149
53
16780
10512
3666
16793
