861
2627
3789
7164
16988
867
12892
11019
11591
3524
12919
11028
13392
3290
15701
9626
5396
14263
16519
9027
18336
19053
19037
4191
6826
15518
10701
7886
11294
15531
18231
1379
16932
12803
17027
10782
14021
5538
8751
6925
17873
7851
1210
18088
17703
16345
11644
9987
1165
10803
11382
11112
8034
10450
7674
15927
9399
15053
48
14697
12656
11868
14599
14034
6005
17121
10220
1477
827
16165
11705
9510
16978
8156
475
2795
4146
12586
15114
19182
14370
14748
11847
10515
15928
4908
16711
17500
12351
9822
12935
5254
8690
15645
14457
6109
8923
4326
6454
18087
17237
17405
12293
8385
8169
8277
13142
15361
18533
17769
955
10366
2709
13137
17639
7640
19059
26
17012
18564
13579
5460
14005
5876
16799
6459
4810
4342
7890
4058
2579
5168
16756
17800
6589
6604
14836
585
3506
12125
18092
12522
8895
194
11543
17741
1953
16430
9979
19266
4414
3019
8297
5244
13251
3251
11740
1958
7103
3636
19082
2664
7210
15332
12150
654
18111
15548
1714
8554
18837
2492
12984
5745
9576
3523
14069
14313
7235
18073
6388
767
5993
17055
451
384
14681
13596
13306
16349
14939
12931
16069
17351
11218
10345
7075
1896
5492
17987
6668
10633
2311
8237
18240
396
15688
17719
19363
19440
16229
94
4187
12856
14482
16977
6486
16117
730
13798
9949
15972
5861
2687
13562
15117
7790
10577
12102
14480
2378
18151
14037
18758
8161
6618
13841
18394
15573
8389
198
18656
14442
13623
10730
9176
4024
6892
11216
17193
13930
14164
1221
12673
387
10348
16668
13107
11504
8561
2950
17480
2994
16582
8412
14622
3671
15852
3265
11258
2333
9945
17066
477
12354
5619
15028
11208
9726
7422
15303
3166
7408
18935
10356
10214
17444
3081
6758
15329
18694
4998
3990
6262
8339
13630
10393
8935
3129
17266
2224
16101
18790
4105
13507
1543
14754
9781
11696
1256
1204
18449
6349
7358
12266
9573
9708
3805
14717
4325
12003
14753
1656
10996
4115
15675
4056
8851
1619
5561
8188
9743
10721
18409
14011
2278
1900
1649
12530
16827
12405
12537
1854
4
6580
13700
1288
17898
5028
8617
11646
2904
15371
3459
18364
1576
13195
15286
18901
12774
9956
37
1758
17044
7315
13585
17350
6829
15331
6383
13899
731
15994
11252
4119
18801
7272
9916
18557
16671
18900
16958
16736
7416
3447
17081
7475
1398
5215
14311
15111
10424
13854
17326
12017
2372
16193
992
14774
15139
18754
9365
1089
9596
14569
13280
7173
18596
4543
13561
2618
11451
4092
11787
868
19349
10493
9345
6306
11912
18692
10004
15020
3274
6395
17360
14630
669
17767
4514
512
9818
15084
9951
3160
16893
9456
11975
10561
9338
19232
4320
17746
17167
6945
13433
16083
7445
5655
6787
14297
14831
14528
3938
19006
12409
9521
14441
11321
17833
16420
19147
900
15208
16948
3913
3138
1160
16667
15803
11121
11187
17225
13155
13542
4264
6614
5890
16888
19369
1202
7684
2647
17697
2271
12959
18133
8763
11286
9997
16339
9882
1459
14046
9184
2336
16248
11750
14840
1364
566
11052
11828
3599
4775
5232
13777
10208
502
5126
2870
5466
14426
18177
7731
10337
17965
14203
18059
95
8772
5170
10415
1545
7856
5468
13974
14128
2236
13395
7947
13649
12502
18414
7457
14254
2760
8112
12048
13161
10623
17860
1987
14956
14731
13565
12805
17858
18691
14429
13498
9898
17380
9632
10836
478
17261
818
2817
17407
348
15288
16853
9448
12682
16514
4172
6873
9035
19383
1736
18039
10376
18715
4558
15257
5123
6843
4097
17300
12305
1881
3335
17357
5761
9836
5187
6132
7734
18835
11379
5976
19240
3239
14936
11085
1416
15716
14267
15851
10537
367
10280
13547
19381
8813
6716
4661
15475
8023
6746
4646
9879
17595
1449
6680
11456
380
6549
17356
12590
7348
17243
10766
9394
3054
4966
14284
18149
14618
17638
15769
16618
5879
5557
18977
1682
8395
11817
6340
7592
1725
4743
2608
13495
15167
10018
18896
15360
10950
15488
16640
2157
1695
3124
13346
12315
13478
7686
6390
6123
17197
15314
11249
6290
9952
1345
8393
11094
14458
17076
12976
13095
10422
19064
10380
15753
4185
19424
6790
5562
9862
576
6267
14947
10311
1068
17655
17708
16999
17329
2259
17191
2673
6413
16620
11820
14417
12707
915
6625
16569
7433
12274
12679
16645
14066
107
4029
8571
995
16818
14579
2909
1603
8309
9060
3192
4273
11229
9368
16088
5730
6338
4568
17215
4102
16237
1464
16562
8230
4780
607
4765
13686
1974
17278
9890
652
11849
4531
1788
1916
12094
1274
7378
15312
4930
4275
5755
214
16272
10244
7723
10602
9877
14966
1297
6001
16362
7902
3864
11956
1354
12344
1096
10764
6581
7223
11053
16198
19126
1784
15232
4938
6513
12362
16748
18128
4439
10225
14756
1467
10993
1592
17926
8601
14999
13655
19368
13932
14136
3445
10731
9180
13884
11542
1490
13281
16234
17145
3326
15982
3893
6270
11107
4871
8820
2437
8063
15346
101
15237
18589
19237
19106
2537
9474
2420
19127
10841
15442
14024
6587
16910
2703
10668
9674
16760
16226
7772
4609
11301
3995
1906
8791
12739
7302
3719
9122
4640
5009
8422
12651
13246
17596
1280
2967
8809
7537
19131
17391
18239
3737
11921
10035
14495
8781
1611
13881
17331
1527
11930
10416
11156
15767
4189
6018
3869
15128
13110
10261
14269
2653
18225
9914
11441
16074
11389
824
6537
7746
7321
6710
5427
12175
1907
11013
11295
16589
5609
12834
18553
19277
10303
15774
17942
6110
9374
8633
6354
6420
8961
2399
13521
6956
10618
7561
3908
13769
13361
16628
13182
7409
6999
10441
12535
4523
9469
14580
17115
15357
16882
8675
8595
10383
15253
18453
2068
16964
6798
8731
15845
2007
649
8349
12749
15986
4293
5112
8618
10717
6897
13844
11487
17644
5205
2931
9939
1512
19217
13014
19075
17133
18573
5553
1979
2675
6437
3117
16031
11248
6481
6996
15157
18047
47
17962
16076
3731
12674
2253
17204
7849
9552
13255
4865
18476
13529
8114
14543
5785
6070
14666
18337
7580
16003
15342
9124
1676
15698
2546
5101
17035
9589
13237
8140
4253
10639
11012
7015
11980
6652
19085
9462
14145
7036
8007
1894
2061
3431
12923
15571
8025
17862
4866
15526
12759
7271
19191
11225
4385
9389
16937
17790
10873
9627
13259
7008
17279
14921
6194
16205
12994
18132
3757
10267
12778
11807
3870
15387
10008
3272
17336
17889
1747
10217
15489
3167
17624
15869
19332
17341
13278
7001
16890
18716
5252
11523
4671
15888
16994
3748
406
10325
14538
19367
452
7055
14617
17349
6282
18904
10113
16586
4063
1508
1127
9477
4947
11167
10942
16081
6000
5394
17651
15059
12381
18718
18280
10625
3126
18773
6429
2351
4234
15962
14430
13614
1132
8085
18984
11466
3293
6971
12915
15330
712
15632
4562
13036
2798
9002
176
2499
8507
14481
4672
11005
6170
8878
18371
13220
17631
5897
14933
2034
12974
17281
11566
13415
6071
2480
2300
3136
8166
7152
5694
8527
14986
7892
8742
8981
10654
16185
13804
12948
16424
5291
11725
15641
9038
17648
12998
5469
9079
2065
18936
17729
14855
17117
18214
16341
11733
13641
18038
1454
17794
15624
2542
13242
14305
18003
1528
16359
18514
6294
6058
2151
7323
5721
8240
10170
12934
18396
5956
17953
13734
8090
12728
10946
3804
17793
5682
15171
1406
5440
1076
11337
16592
14422
8204
11527
5046
2402
4020
16389
6509
19166
8779
10666
12968
7839
11099
8933
12584
9985
16622
17514
19
8904
14255
2376
18273
7576
18849
227
12973
1356
51
2686
3839
6595
4381
15013
7195
12079
9564
9664
761
1661
8619
17386
17810
11408
14908
7828
12415
1928
17642
5328
4121
3071
2185
4456
9030
8342
18135
16559
16577
13519
13412
13739
14705
8621
19156
17358
4789
362
13424
15477
804
12702
6808
8587
2970
11525
9322
12839
5259
5454
9639
10821
14837
9981
5518
16769
19061
10759
16550
14362
16919
15519
213
5887
3865
6600
10525
15160
9230
6730
19015
17217
18228
17512
7067
18855
3342
4762
18507
19202
6241
9728
10691
19276
4011
11134
2862
6416
2816
18781
1046
12078
7016
851
13144
7471
11634
13184
4828
3795
1298
864
11137
9724
13183
4652
13059
7421
15055
13976
17061
14317
14951
12347
12869
578
1815
2471
9259
15221
18717
3477
3352
9608
4654
6659
5102
7019
9927
4684
3035
12259
13924
5573
10520
15920
15876
6770
15569
13865
18491
2726
4180
12992
7917
3469
9414
3592
14360
14153
1847
13727
11843
875
12204
16901
6988
5010
12379
14354
18710
1986
12698
9198
8451
10259
10576
3162
13347
15280
11472
2436
12564
7881
18629
9692
2589
8470
18376
11710
9433
2458
19262
8488
17813
9383
8295
14140
16826
14631
3909
14280
5382
18788
14436
3563
10127
17165
12286
13224
3100
4981
184
9873
3608
594
8444
11605
12324
5642
9347
19175
8264
4174
5240
17258
1227
7924
19214
829
4955
11214
18571
8568
17014
11752
10421
17868
17714
18917
2836
1042
17304
10184
16686
13994
11288
6232
19208
5110
6365
11021
11364
11639
10585
5090
3131
18799
13000
14456
12345
1243
13380
11169
16413
13228
12930
17147
15980
19110
19029
2957
63
6692
3499
15411
2847
777
18525
6473
4501
18454
15680
10550
1178
3209
8466
505
19418
9385
16302
16501
7698
7168
4511
17572
10896
5922
12491
17253
5970
7518
187
14728
1264
3578
14751
6918
6812
15172
1273
18862
12210
12049
18614
3694
7162
3707
4831
3539
19014
11954
18800
9991
15176
977
15302
2027
15103
11624
2995
4213
7583
14489
9690
419
12201
18650
19378
3461
4798
15910
17877
346
9892
17837
1706
15002
1313
5664
7673
12746
13448
11375
11604
1835
17835
18888
15088
3139
6337
18848
14443
5885
16412
19072
19091
18086
17784
2073
5550
14420
4078
3165
7577
9912
15912
1616
12925
15205
8988
6653
7876
13186
240
10521
2193
14127
8938
970
18148
1650
7935
1547
3146
9330
3183
5930
8661
15023
7965
9100
2955
19157
121
7728
12473
18985
16105
14704
16766
11824
19298
14552
6620
2369
6510
15323
5580
3799
8767
5089
14651
14962
6852
5961
18570
7633
17950
2269
14086
5688
16658
16374
15108
4091
16408
9096
11853
13726
4045
6254
16779
15486
17039
2478
17019
17075
15029
3087
2871
11237
1932
18091
18395
9557
7308
18321
18313
6935
15963
18043
8673
10437
597
9371
3682
11946
17986
6738
12604
15563
12872
8674
14321
50
11568
13226
12975
8190
18029
17443
15886
10265
2243
1678
16438
13611
16214
7727
12858
14848
11846
11298
16709
11963
12076
16202
16698
6067
10722
5865
4322
911
12335
9901
6219
8754
8908
15327
16871
13151
12284
16028
15915
4083
1229
6151
3784
3941
12983
17352
723
18853
4041
13647
2345
16308
14432
1228
4190
6248
9133
11471
4252
6638
6397
4512
4026
10458
11377
19086
1703
14388
16416
5421
8012
11491
11038
12908
19203
9782
6632
34
9025
12823
17136
13389
31
11324
13455
11524
6
13283
2916
2706
13906
3482
19384
2809
10247
8489
10003
4496
10905
9694
9039
17905
7853
15939
10483
16066
1275
644
12672
7368
1069
16164
14231
6448
15925
14437
2532
135
17289
16385
9178
6688
16717
3179
8370
9581
4952
9762
286
389
12518
12353
17627
3963
11556
13793
18442
13851
17303
11558
13298
1745
1832
8420
3658
18893
9492
13198
18426
15321
17124
9311
17185
18958
14996
15670
12721
15269
12789
15565
16390
5243
430
9268
4047
16346
4778
15244
10943
3794
16705
13203
3329
7327
13812
15506
14210
2584
13753
7411
15037
13795
11330
1807
2465
6629
15430
8274
11506
15225
19107
159
12385
572
1234
13587
7142
18249
936
5537
2727
16556
4303
9444
12173
15850
5842
17587
8331
13411
17463
7639
15115
10649
5011
19417
1978
3775
8152
13808
17981
3300
5728
2894
17247
16159
6284
10883
6524
18198
16481
9846
7313
11596
15355
3631
9170
10667
7802
5774
1849
2279
15248
7848
7703
19303
7305
18276
14624
15228
14007
114
8312
4184
7043
15740
7203
1755
15795
826
5649
5497
17807
14803
11335
3010
18886
300
5708
5711
1812
14597
14516
3991
1552
11931
19113
3213
13973
17210
19171
8832
2273
12705
5770
179
9092
18608
12838
340
10469
9847
1591
11867
18795
11080
12207
11709
2749
6665
19047
16392
15198
12235
6182
10268
8551
12735
5797
1580
7714
6128
1950
17668
16075
8283
14998
14642
13791
5094
399
255
6807
10203
7635
16847
1342
7326
15131
11829
11677
13631
2959
14503
14795
14099
10939
9753
11976
7005
4571
6501
14113
9452
2672
3360
18307
918
8398
7992
3190
1564
4451
14500
15374
17421
12683
118
1734
16071
8890
9913
5827
10326
948
12785
3639
12020
516
10331
3434
14745
11478
12576
18586
15240
11961
17691
19328
18215
10476
18550
2121
11448
7805
4098
13467
9919
15439
5666
13876
13604
18576
994
12804
15233
7482
5071
7770
16107
9243
125
14635
7440
10073
6335
18829
13590
10459
3222
18546
3229
16759
10224
540
14648
16275
9333
10164
3312
10407
15066
8688
17141
11282
14453
9362
18869
1804
7476
14342
3525
10726
5779
13806
1918
19344
2058
8782
17373
2341
9373
18723
226
3486
17539
14329
3292
1070
16651
13088
1346
10001
16567
12655
5206
8165
590
7648
18285
9244
10477
11146
14625
1789
6066
16969
3866
4862
7254
7114
18283
19317
10456
6863
12233
1444
3376
7754
14616
1824
9007
4556
15159
15616
6278
8317
12016
13538
12921
14874
19333
18421
17598
12697
737
2796
2898
1924
14048
6063
15366
5158
5085
14413
11746
9685
14661
9468
4601
4663
10992
18418
6275
3247
1440
9219
12451
5767
10103
10902
9763
12065
12881
13487
9982
11739
2985
7717
4461
9130
12114
2004
14033
1495
18144
736
11625
13312
10226
17738
2418
18169
14798
1836
1993
7490
16170
4728
13674
17310
4885
11007
16496
3101
1651
2201
558
186
11312
18745
16803
18113
11842
18403
1083
8979
15308
17588
11638
5969
11987
2861
2272
5475
2162
10886
15005
8455
17749
4125
1553
17065
17673
19189
88
15583
13901
2287
8086
2098
15173
8103
18244
3729
12897
17398
6980
3226
8592
10029
7289
13331
17666
14256
14026
6439
1793
11641
3790
14905
15592
6068
4489
12180
18415
5435
3174
1920
12933
4474
13386
12260
15230
16177
53
3202
2219
11292
19258
16247
11665
5293
5941
11526
16507
13131
12734
11571
13423
5410
10647
16825
17296
2071
18697
12188
11223
11428
16743
6064
10917
12068
6099
16204
16916
12387
16654
17131
8870
10088
5775
6724
14902
11159
12127
2517
15643
7606
14081
19123
6119
13020
9709
3108
15428
1110
15154
9126
4287
9602
17829
10949
16376
16103
10675
5568
17977
5245
18154
17549
3652
9182
2767
17888
13520
7687
10460
1363
8419
1119
3788
7784
13071
5015
11371
7493
18654
4651
2993
4359
6362
5888
2051
13257
126
6055
13868
530
6551
14932
11738
16474
996
4405
8154
15587
10252
1343
16294
7771
13566
4942
3072
10396
18699
17533
17580
10165
17144
5705
11895
12460
54
582
2848
19096
12471
16732
1382
10254
8313
3083
17993
18366
9588
10189
16768
7057
8157
2293
6834
14880
10123
14212
5867
10506
9446
111
7452
8902
5917
12769
6048
17936
8724
15508
3900
638
6635
8471
2263
7954
1067
14726
2233
15858
15605
11319
2270
571
2301
14907
17654
18646
9302
18222
18241
12783
14327
14220
4219
10126
18666
16845
4354
7153
4887
16745
9057
11552
3064
15421
14372
9556
19395
17254
4709
13548
17647
7093
2103
12538
12565
5881
5371
13035
12486
9470
5948
9239
6606
5119
16067
9228
6527
14965
5062
17108
13918
14416
18500
3935
16098
7279
14749
5060
17426
8932
8668
8577
4962
9687
16190
383
1523
6299
13252
10007
10491
1005
11908
342
10511
17120
12151
18056
6757
15416
17610
13838
14043
11055
11103
2003
16689
14570
8149
16993
11460
16984
12389
532
448
8319
12457
5818
18938
5026
5854
17622
8999
14230
1269
940
11827
4826
8321
2338
19385
6661
4233
10538
10346
2965
2538
6516
3678
6111
192
14346
10610
15853
7492
14609
15761
10638
15788
9207
3803
6379
1451
15165
10980
7644
13072
2043
17701
12944
15138
14776
19207
13732
15815
7820
16483
8211
12166
8275
16676
73
12853
2737
1574
4040
648
12447
4639
1698
8018
3214
6993
2282
17842
1935
15741
13468
9570
6805
19285
6701
15529
18685
2031
5025
10677
12090
17995
16819
6293
12928
17207
4491
2629
13792
6226
16813
10789
2722
4006
8314
12763
17201
10700
19032
17370
8040
12084
1721
5143
15776
10659
11856
2556
16045
17762
11135
18508
3837
7083
667
17796
15370
19092
14718
13366
9697
2662
10200
15044
1797
18075
10859
15786
6605
7193
19080
10391
9194
8481
8815
18838
10705
273
8182
5862
15425
12218
16511
7110
9776
11051
1764
16087
3836
19143
16538
10310
2083
6242
15801
11870
1775
16737
11066
5624
15122
11089
14861
3616
12787
5403
1128
16875
13690
19104
5873
10894
12578
6097
18858
10233
938
12755
7122
563
18206
16188
6739
5578
4113
9324
17692
17667
11473
7187
16552
4833
8448
3058
14679
10751
17897
5607
1448
77
6800
17088
3921
16906
1377
9310
14468
473
10047
10708
14922
17152
330
14854
8946
17894
6287
11618
3649
4260
18068
1493
14100
17337
7689
591
16517
17840
3212
8145
2223
16284
9242
12754
18950
14881
11407
5288
10858
7226
3595
15830
10500
13607
16407
16475
16784
17816
11741
6684
7206
11934
17020
7233
1425
922
11459
17870
6158
8064
13828
1099
2074
15608
3787
19028
13345
16649
6345
11009
4803
3848
3413
3052
3
16220
12724
18485
4345
7388
444
6977
12583
6304
17098
2230
13693
13300
11949
157
2911
3730
12099
2986
4674
15806
5780
1903
5968
2472
14653
2518
4583
8804
10125
11450
10544
7551
2357
10014
10835
14124
7264
18624
3257
11760
13384
11744
19432
9336
7073
9998
7335
15861
13327
17524
2656
12507
4559
12031
7133
5829
10621
924
12572
10915
15837
6079
6072
16332
9938
18669
14938
2689
4565
16970
5134
5900
5660
1141
4144
15756
4911
4298
8631
3433
8743
12118
11299
3048
10
180
12653
5260
14108
13609
6889
2349
10657
2367
3739
19334
15589
18563
16512
7975
1475
9353
11492
12926
5614
16377
12370
16965
15344
4801
6392
15934
8061
19065
13528
13584
8201
12680
2415
10162
17846
4059
8975
7322
3057
14341
7571
12444
44
12827
14492
4849
16947
11715
16704
12169
14875
1536
2645
9428
3847
16432
426
5527
17779
13056
2275
305
5411
13354
16544
284
2136
7298
15887
14967
8653
1962
9480
3886
16468
5096
8806
14275
14559
11393
16907
8126
18002
18176
8256
15946
9413
13294
16246
6880
13247
6285
11004
8940
14131
16985
3567
15746
5314
14162
13118
15296
19376
309
7218
9880
876
2539
17283
13484
4249
16458
12386
10605
11065
3842
12346
13481
18484
3903
7986
12478
1463
16942
11380
175
15532
18191
2854
4712
12056
2212
17838
6528
9732
2565
8563
18017
3472
9068
3666
9111
15749
14507
14368
14729
6179
1395
17271
9737
9773
15990
3530
7887
1176
15995
1600
12436
9825
18166
18877
2321
1572
12407
2487
17593
16889
8953
9072
8184
5003
17609
6200
9689
10800
11982
9634
10662
3065
15720
9094
5422
615
8080
12320
10624
15864
5041
18126
16445
5049
17917
6562
3245
15256
11185
10384
8047
12894
11748
9160
10028
4532
6536
14463
3634
19150
19409
10292
11401
8415
7034
13682
5986
18680
11158
9475
13746
853
4239
12172
16047
12719
1236
311
10825
17129
4022
2340
2549
2187
5672
7293
19010
10565
16099
16006
8738
8402
11792
209
13435
289
11049
4255
6853
1723
19034
8773
6218
14685
10519
9021
14721
10401
2386
7827
7725
16639
6255
1750
17340
4721
7991
6518
18874
12338
10077
19221
14294
13437
15875
18516
17169
10670
4132
10052
16629
2711
3961
1970
16303
9254
973
19416
18908
16641
6974
10300
7333
18524
10157
11811
1872
1588
6765
5392
9671
10629
16032
11583
12625
9386
18839
14264
9304
12661
5727
3255
15874
6310
4638
15503
8540
14839
8326
9897
5482
11232
13813
13697
2953
11598
7511
366
5340
9145
1462
2828
1009
15988
15843
14332
8765
15541
11898
13026
14486
13827
10921
6806
14509
11712
3164
17608
17323
15334
12555
10351
14808
11115
16548
14074
8087
17395
13541
13225
13961
13201
18468
4516
14042
16448
1123
8148
13833
14205
18748
13946
12615
9655
2507
9327
18929
3917
5719
16835
6838
14810
6849
12790
17306
16923
30
18304
4507
7209
18662
6691
325
15287
11402
16315
17309
4081
6951
18726
12121
11230
4463
15956
5498
19145
3142
8125
2968
15444
14009
11854
13177
10394
18019
1930
4761
10558
17043
4473
13221
7630
10237
1999
85
18224
1370
16547
812
718
10860
5271
5359
2326
13190
953
10665
6445
3630
7967
3110
427
19389
16976
1131
15591
18250
7808
12725
1235
13187
17662
5516
9078
16470
16406
8372
2581
14053
7288
7137
4411
9599
17290
6206
17672
3651
14585
4084
2175
850
18297
12005
17139
13017
12802
11334
13683
2527
3181
10494
4689
10276
1461
7336
12081
14401
10975
8338
14870
662
18895
18645
14397
2510
12742
15241
6737
2280
17006
9972
5162
8894
16459
15599
19231
9895
8822
6995
14019
18635
13473
910
5446
17865
3045
3070
647
14620
17016
8210
8863
9317
17711
4534
15083
17045
15082
2822
9548
10230
5108
10844
16790
11411
5120
10389
8523
4627
18182
18441
2917
1559
7624
764
4748
560
3555
13051
9472
13975
4613
677
3982
12363
341
3104
7732
11003
11831
3638
18661
19228
18390
13598
3858
5605
16425
15186
17611
2692
7115
12714
17819
895
4017
12098
5789
16364
16844
7147
6490
15383
17106
1314
6636
3700
16175
17240
1712
15436
2005
35
25
4539
13236
197
757
14316
10251
17828
9355
19007
9201
13499
13969
2506
19423
6683
7385
11308
4540
3758
6363
7124
11058
3912
1222
1340
2568
769
6888
15855
14603
16551
11920
8439
4148
11521
12050
2077
19257
4357
4316
13855
19204
9164
16154
9866
9770
4612
3922
13130
2247
2884
6648
11437
13002
6199
758
14770
17698
11719
10255
3756
15161
18983
12062
8276
11680
6525
12977
1302
18466
2408
327
11582
8335
5177
18279
9582
9977
1833
15319
9234
17008
3503
7079
8776
4519
19408
2625
335
10799
14180
9894
10887
4641
7228
18756
8177
17510
18481
6941
15515
770
11648
18808
17553
11116
2906
5415
7455
8044
17830
16361
12368
4143
4939
12316
14566
2500
8729
8228
2245
13509
14448
10944
3367
4188
14319
4077
10152
15674
10932
14215
4581
4629
2296
18688
8171
5084
11176
10774
19017
2523
8378
18428
5053
14797
12319
4772
15974
18947
13047
2802
18591
12865
9922
12947
17498
12246
15289
11706
3147
11468
11006
3904
5645
14058
19130
4472
98
7353
15989
3311
17423
18594
10065
6906
4941
2165
7143
18233
6631
7069
11528
7753
8543
5131
3225
8797
18873
15582
14945
5816
9667
17653
15076
17940
18998
147
4554
17090
1084
5999
9167
7257
5846
323
7762
6630
4693
13104
18634
11196
16367
10433
15102
19318
6436
19391
16114
1260
14925
9222
18821
6910
3843
12779
2562
7159
17312
4906
18930
10378
10006
7329
308
16014
7919
17050
19097
14712
5686
4329
5633
12740
14643
17637
2838
8539
18536
18077
1039
6498
8244
3762
12356
4529
8574
14475
5724
8305
8925
13889
15651
2299
229
8850
13648
6054
13552
18360
14584
11275
19248
5219
15109
10403
9261
14768
10102
17163
959
16148
15018
11877
6767
17213
1823
10783
19230
513
9476
13073
6016
4318
17419
11490
12426
2099
17576
673
5835
4874
7899
4592
13267
17798
17914
7291
13531
5335
14025
16124
9907
17495
5795
11943
534
2439
14980
8247
7171
6624
7996
17086
18951
1180
6858
13968
4992
11678
7021
16166
9648
17511
421
10807
1994
14257
2668
14767
13949
13706
13745
3828
6145
3248
7435
12932
15348
6192
7908
3261
14300
18734
9437
2850
8855
2646
14396
5130
4977
14826
6166
9995
1344
11242
630
17024
13758
11838
5384
10387
4274
18919
14816
522
17029
19425
3535
3797
4742
9427
14719
11072
17082
5313
7037
19000
16225
12482
16116
9992
10457
6336
15096
6670
16168
1247
13775
16800
18102
15935
9856
11622
16452
17474
504
16381
8024
9320
3507
8438
3882
2375
4983
15385
15802
3471
8740
18040
5099
16561
7855
2756
15879
17256
12242
13008
14234
19149
6208
19370
4332
5002
18792
123
11421
3635
486
11600
11753
14746
8636
4349
18494
13019
7198
19243
17067
9532
16027
725
11291
6478
9686
7718
4925
6836
17202
16508
6825
58
5763
9814
13935
333
13937
14710
13576
7796
11368
7287
9725
5290
12209
10076
13525
1483
15808
11694
10847
7084
12558
8840
3645
15829
19404
5257
4010
16664
6903
13140
2022
5358
10945
9392
14743
14931
3067
16647
428
9417
9932
17927
9758
1590
2179
10081
2424
19151
14251
4410
15116
3172
16710
1710
14644
3092
17600
13871
18527
5032
9571
5792
19222
1303
17230
10641
13379
15192
3463
11417
775
13111
15231
18910
13810
1420
5004
2572
3458
7869
16397
100
6346
2561
13610
6370
17412
1589
12396
18292
17475
10209
13079
7383
17976
5412
7042
10191
15052
272
16263
16727
10137
11059
14649
14459
17881
14446
18127
2204
13837
16864
18141
5058
12040
17937
3096
15590
18854
1816
2365
2356
17886
5186
16048
13681
5532
12290
6859
11374
879
18562
15104
12598
14455
10963
5612
14758
19337
13350
11929
14076
7099
15969
5464
3536
9741
2892
12900
542
6531
4506
2885
18828
17745
7665
1045
1514
14375
14924
7804
8860
15683
7130
1934
17551
14027
14478
12666
14208
19043
6544
5687
9934
10582
11126
3916
8515
18251
10290
7441
16423
10838
7896
1335
12525
9406
12116
12413
14636
12922
6446
817
7225
8694
17455
16863
12526
18110
13273
10718
3949
13995
10627
7026
18384
3443
15168
3275
2658
19140
1584
17046
2425
5231
15281
17477
10719
352
16838
7842
5444
6279
4827
17636
4179
12416
3613
3359
19405
7821
3283
8493
17874
17194
2834
4573
8766
6715
11045
14549
11181
18519
8599
18331
14833
8590
5676
17285
3103
9513
2879
1359
18316
3408
8783
8059
10615
19335
2234
1073
14720
14345
7222
17192
18970
10973
4560
17408
7155
3084
6401
10466
12958
8879
1511
17570
4310
498
13709
17080
15906
8110
6832
15538
9117
16498
16201
11110
7864
10986
3849
3556
6386
12995
999
6266
10046
18196
10429
8282
934
6641
16537
10473
13204
1642
19169
15182
1312
13809
18572
4217
14847
13825
6854
12937
17200
141
2660
2744
12516
1265
6912
449
13743
8037
2998
18284
13270
18531
14182
6560
11564
16555
4958
13041
14312
32
8447
4397
11723
1770
15870
12314
14940
17722
15979
8844
16060
13516
12549
12240
937
9641
17132
9059
14296
15463
8604
9015
17969
15964
4593
1562
2775
1963
6351
7274
3560
2056
1355
19197
19246
13679
18448
17362
7560
7332
6371
5994
10543
11412
14886
3185
4036
17885
11799
3238
14130
1937
8463
5467
14595
7076
8954
16996
4305
19364
13391
6985
4890
3196
10989
5063
15123
14950
14157
15903
4042
912
17286
7106
19441
17499
6256
1780
14817
11060
7183
15629
16920
11392
8556
7568
6081
153
2982
13191
13272
14161
76
5176
10059
8464
11293
12222
10806
1510
12485
1965
8927
6464
11154
10470
11120
14173
6747
8569
14229
18741
1976
17153
12748
7028
8300
19331
7356
5273
18447
17272
17552
1539
10130
18041
14920
6405
6963
14051
9714
1876
4062
8082
2869
7516
12709
19311
11261
7889
15181
6552
11423
15429
14237
9612
8808
15001
17774
5558
14091
7912
4839
743
17257
9498
6271
9479
17558
1133
3591
16338
8591
16196
10972
10913
6628
11008
10395
18945
9790
18537
1326
7054
5109
15350
8854
12800
802
8054
9501
8841
12812
10620
11675
14477
9989
11813
188
17291
18450
14571
1697
5449
15014
10474
12616
8557
4064
6643
3853
16614
16297
14750
15454
12432
12776
5545
13154
4073
12038
15581
4628
12695
18367
16516
16172
18543
7224
4245
16243
10817
4598
10132
617
1130
9003
1821
4039
18347
13316
9875
12608
15586
11106
17401
10358
13557
10166
8715
7048
17396
7961
16046
4163
13453
4897
1516
11108
4812
13894
6891
16877
5910
14337
9089
9702
1594
6727
4818
7597
13049
9928
11879
17734
5800
201
12411
7349
11783
15877
14899
3053
4819
1779
14116
2332
7126
3833
17359
18742
14849
19218
12720
16249
10837
16140
6222
10313
10497
10776
5860
6281
9693
10767
10242
5644
18844
318
6841
12375
12100
8963
4931
2393
4276
3668
5111
4972
919
19313
10609
7494
9203
16064
13747
5566
16554
5824
3558
19109
2040
18193
7186
12420
3032
7354
15999
15333
9397
9850
7372
9157
18740
17567
6519
5813
4307
11353
8881
11848
14214
8960
15983
17168
2938
3315
9161
4379
8572
2964
16186
2090
13637
3357
16780
17866
14992
9152
15917
2628
17850
17369
13863
11376
6201
3456
13983
10867
10363
5413
3420
11590
2292
2428
14000
748
19199
11050
2398
1022
4475
14563
11580
16011
5365
6803
10023
2979
7221
14893
3883
468
8001
1751
5947
3060
15469
16681
4591
4336
14547
8992
4019
16609
11309
19350
4467
10465
18385
17095
5132
9098
791
13097
10222
8477
17146
6735
351
16227
15453
19433
1728
2520
13766
8920
3947
3515
983
11926
3449
15199
15337
326
18226
12575
3920
1230
7548
3983
7434
6125
19291
15226
18762
17171
18260
15011
18732
17871
18554
9153
3868
8118
1578
8261
4215
11647
17259
7978
8656
3331
13158
3464
595
1456
14701
622
17787
4786
5717
9841
6259
5593
12618
3876
1556
4624
15908
7280
15690
8581
11200
13356
3429
5796
14387
14276
2150
14499
8700
18435
16007
6003
17690
18532
11786
2697
17252
14469
4504
16729
10661
6550
5404
14087
4003
19380
12119
2707
17963
15457
3750
14389
12543
1311
1969
18555
2947
1409
10964
8750
17467
3039
14623
4545
3850
10843
4343
14059
5943
4610
13787
3040
4392
2264
8819
13502
17464
12970
145
10024
16080
5751
17372
17681
14520
10504
6743
3442
13824
13979
15042
17678
15840
6728
8625
6828
18991
4229
8434
17717
13672
10930
13790
3621
15965
16334
17089
7249
6566
12323
12830
16568
1487
17489
10676
17414
1834
7701
10770
15540
11251
4107
10020
17448
5493
15966
8889
9870
1938
18062
15952
17522
3574
14588
4667
14249
12484
10512
5544
18473
12455
4879
3487
13807
2946
15043
6722
2956
11283
13250
15214
1455
6916
5169
2724
9062
14577
2382
10042
2915
12844
624
12911
16789
12406
9911
6380
1694
15659
4533
7453
989
4716
16802
12191
16127
16848
18980
17393
8069
8914
896
5965
1740
19377
10716
7596
8357
14122
13016
13685
10427
2191
11002
11202
7413
8442
14390
13189
13898
11267
8083
8109
10704
17052
14232
5739
17276
13676
1837
11537
9208
19077
11809
12610
236
156
7766
3531
12030
16553
291
2560
19134
15597
173
17732
1376
10771
12556
16798
14020
2018
10128
18926
9535
12133
8058
8132
92
2014
7300
11857
10436
13275
12461
10974
2088
6141
8769
16887
6316
7885
5503
12957
18510
18583
6721
18383
2391
15750
7277
17432
15556
10857
6931
6799
4420
8364
14612
8862
15130
16966
3889
15162
5977
7211
17453
14842
688
16626
3538
11444
3075
14494
7145
18814
13340
8644
19273
2570
2116
182
16590
8205
13301
14245
9715
15276
5903
9156
18637
6181
14163
8500
5299
13124
373
2409
14193
10707
13398
1139
13456
7736
14629
6404
14561
11391
10729
1182
12357
5125
8664
18871
17599
17367
160
1570
6921
10773
6007
11235
6426
17744
8680
4464
16572
5571
2908
5565
8424
17990
10388
13885
9874
7969
9615
12262
17299
15895
12550
16086
8985
18306
11732
16139
10810
7309
14304
17263
6989
13210
1479
18549
11138
14405
8628
16024
450
974
4173
10534
7062
15602
5086
7526
16274
16281
2286
9223
9512
4864
5377
19178
5372
11918
19196
16742
13803
10869
2926
18934
13160
17677
2011
9063
16573
10842
17445
10022
13944
15634
9514
11370
4051
11788
13818
739
5933
18114
15450
12887
3625
3457
7763
16655
13369
14031
14461
3962
6318
223
18459
18966
4348
18179
14054
8955
11939
15900
12832
17760
6325
3601
1446
7865
407
14385
19261
6521
10893
3462
3448
9026
7428
17381
8273
4954
8756
668
9672
11749
9042
7756
18157
2107
15863
4805
6611
16836
16269
2446
5773
8180
14391
9307
10739
17048
13982
14872
6476
17162
4210
14012
14356
2400
11204
1136
13115
16815
18971
14546
2927
7025
17788
10608
15017
18474
4644
19411
17751
15737
12271
13431
8340
6245
18195
9189
8203
12145
5979
11494
14184
4266
16184
17497
5296
7964
10702
5911
3948
15372
9412
1707
149
12634
16194
7107
9246
7557
10594
1739
18417
14845
12493
9884
17867
5336
3154
12252
10446
12882
13784
18229
11141
13123
14344
9172
13407
14669
9921
1773
6031
3492
5472
19307
5772
6406
2969
409
324
10735
11693
7066
11348
18698
15158
6156
4987
16062
7324
13765
6087
14072
10586
93
897
349
12058
16953
15455
11231
17626
7563
12798
16738
9754
15961
3706
10452
17277
13826
8793
18996
15376
7104
12013
3553
15328
18551
5548
1414
2654
17469
12433
7987
6984
15285
10447
14974
16594
7742
18242
10271
9138
3296
6957
3593
18477
13972
523
13400
3156
8365
19069
16688
2788
12456
7513
11130
9486
7498
19078
8039
2139
16282
15310
14023
14198
5289
8271
13196
1231
6466
13858
4067
10357
6009
6939
6121
15718
2631
5991
5301
14984
6094
4211
3959
10636
11331
16287
17383
2841
13618
13508
4678
18227
18258
14039
16898
9670
12234
18587
4779
8035
8095
17107
17961
10583
1063
15409
4933
13534
8913
15209
9561
13752
13952
14270
17740
13462
10013
7813
877
16360
8369
16157
6656
3751
18436
16870
9704
9335
17216
16721
414
9262
16355
3542
15282
508
18832
4964
13092
2497
16606
15016
11254
12446
7662
5164
9465
750
7559
6227
3451
12829
8195
16038
14533
8787
3891
3681
14439
1485
3510
15146
16634
3537
12282
17022
10250
15054
6190
9940
3976
8931
16354
11069
1644
10486
9012
1307
268
17178
14207
5234
8651
3703
9454
16012
7030
17190
5248
2302
2225
16333
4257
9019
12899
12376
10017
10070
5479
8800
10614
16625
4454
3234
12913
16150
4466
13835
11707
11285
15322
2053
12875
1620
10606
1295
5458
7497
7456
5987
11122
15032
9058
4705
1997
12226
1820
16305
1719
6077
4380
3476
14598
15047
7020
16897
3720
13034
8267
5204
1862
15394
19021
4863
17262
11193
17715
16133
4079
8725
4000
7737
13779
2276
12268
6623
12891
7074
8728
15041
8294
14785
2435
11372
5919
6197
14272
3125
8217
5631
6553
10246
11182
11256
7401
15150
8704
8796
5202
18345
9876
12403
926
14382
16218
13879
9221
1769
17592
3198
7683
2048
12325
17092
3495
14181
2444
11406
13853
15325
11601
5806
1785
5156
7010
4739
14262
13218
14271
4246
12920
6434
14782
6959
7248
13243
15516
12855
7417
6084
7045
8056
18653
16615
8055
18963
10087
14040
8993
8749
15397
14524
10495
11096
12296
11201
13742
968
6221
8915
10445
6043
1786
656
2569
2330
13362
10249
14668
12231
19351
1738
5142
14485
18619
4975
1066
5366
2914
6165
5541
3363
18163
9888
10922
1853
2412
12753
16013
4861
13549
16728
388
2016
9045
18254
12668
18879
12352
16946
7713
10071
5393
6432
4240
14529
14778
14353
16795
4225
17836
13126
5667
16963
3182
3425
11404
18147
16992
8212
11999
16542
13617
9237
10924
15019
5214
18506
17537
14663
12129
8980
7685
14415
13933
2844
3193
4151
1253
16697
14568
17246
4763
10575
13578
290
9889
1945
1441
6074
11166
10193
3151
3078
5880
16975
10216
12270
6745
7041
10617
507
1327
5253
4584
5001
3879
8834
8823
1664
10824
2093
3286
2731
7643
14097
2652
18639
17689
5974
13984
11186
1489
1852
4428
10509
14290
8642
1966
17188
1951
1197
6188
16182
3007
2812
1670
3693
2180
13315
15899
16253
5671
1995
3484
7420
9108
7708
11704
8048
7806
8435
8711
11776
11514
9925
7647
17772
3987
6049
19187
16713
420
16714
16775
7172
14801
11272
11189
15823
1627
2355
17975
3977
3656
16320
732
5703
6317
3203
6160
15471
17880
8249
10507
10801
19205
9842
18992
6428
17417
14352
3488
13677
11559
5319
16841
5768
17436
14292
16855
16851
7278
18579
12532
2189
3528
269
10868
2637
1199
17344
15711
694
9546
15438
7850
7921
6288
15402
19235
9017
19216
11816
16052
16750
12230
1693
3145
2470
6073
9127
9319
17275
1146
2540
14226
17659
7207
16672
16211
6028
19154
10960
9970
6685
753
9181
5332
11383
3667
4719
17724
5995
3878
17255
13830
13038
17883
7163
8541
8576
17782
10489
18978
18505
3354
9022
15509
752
9095
7760
18643
13669
4066
2842
18816
6357
11619
687
9759
1579
5255
7738
15190
7407
18941
2975
17887
13263
4788
10373
2863
9334
7102
4497
16673
3186
3284
18262
481
11067
16278
15365
8928
17643
18465
18431
8943
4055
16515
16394
17619
10030
6862
16896
16936
11585
9918
8519
7669
4364
18548
16892
18890
18502
10025
5104
9083
7504
4378
12477
2973
19264
14435
11933
15653
5893
14285
16260
3721
14637
5174
13626
9293
19373
8597
16933
4970
11403
8970
18725
2655
1990
5542
18175
3648
6791
8168
15461
9717
3094
14399
15078
18882
3910
2423
16767
10379
4594
14736
4012
12419
4566
16158
12339
14725
8883
6032
17778
18208
10485
17521
3760
13045
15883
1201
354
347
2792
2467
501
13330
16223
2893
13167
8948
6774
15813
14324
7265
18962
6804
1686
13240
5707
18581
15433
4050
6819
12843
17409
14838
17379
8031
18381
16365
8778
4840
5312
16691
15849
11508
19297
15125
5628
10984
15126
9154
13644
12408
13740
6905
4811
18664
4617
9069
11255
5499
16765
13634
10187
17130
15610
8721
4615
8864
5659
2586
7764
18868
6626
8287
16072
16403
4483
16077
787
15412
4621
17771
5146
14359
19062
13414
16708
6391
8838
3000
18954
5236
18308
1515
12498
13357
13295
7810
14174
7642
15134
16299
1529
8939
17109
7818
19293
2460
10005
11800
1401
11901
3686
693
16043
9375
15403
17817
10709
6126
10786
8144
4549
3215
4319
7297
3887
18365
3121
13309
4165
11381
18982
6091
1655
13438
19074
13874
13737
13749
14407
9342
11284
830
6037
3450
10926
18836
554
17985
18763
3818
10362
14195
7056
988
16540
8885
15880
19071
371
16884
1805
18747
1662
210
15650
10574
15954
6492
12531
2322
13555
16192
19431
17582
19088
7724
13843
15743
4389
967
12333
9642
17333
13801
19050
7920
7623
5346
7694
562
14698
12011
9851
10742
16928
17269
9855
19067
10809
10133
19414
4604
11520
12741
2856
12001
16179
6252
1850
12533
14167
13896
18245
11350
15363
12046
70
18949
8187
247
11270
13025
8659
4254
16353
12041
12295
13181
8746
14476
3372
9752
6419
12190
3236
7755
14542
8291
15811
10443
3810
12445
17739
5718
16546
14032
2882
4447
5855
14550
7893
10408
8677
18207
13794
12545
14512
3313
6835
5098
17617
8265
16142
15191
14137
6342
15347
10679
11086
8348
17884
12384
18343
15692
17758
1949
4365
17415
14858
5595
7241
15676
17159
9816
18534
9739
9574
14465
1879
2039
13393
3090
1802
10306
6901
4857
9013
18960
379
193
5651
18665
2295
19341
14740
14558
5722
10478
2434
9569
1677
14265
8798
11128
14772
18333
12585
10622
8641
14408
16730
8760
12880
13341
3504
11944
18001
12596
3080
14328
5978
4206
14604
3573
9733
9391
4965
19269
13514
11910
4595
10206
219
3171
7091
9721
18719
4333
13861
14472
8426
16019
7393
11554
6112
14672
16447
7294
8926
18026
10253
18446
6322
7478
5843
4726
19345
3066
18352
3279
1972
1599
16849
7932
5590
12186
15040
15362
5670
1943
15897
15021
10690
4657
6412
12864
9061
17996
14611
2977
3684
12848
5048
7017
1171
14935
3199
13588
8732
16812
8407
13463
1466
4356
11780
6487
18636
8010
10846
18270
14615
13052
5585
5793
13659
15271
12307
5040
3724
12239
17641
16427
14041
19114
17476
16200
6352
18155
9093
8917
14410
13797
15667
17705
885
17955
11922
9567
148
11075
338
4921
14139
8867
9779
1672
17473
2182
8869
5417
11522
7080
15699
9199
10995
16904
5447
18649
11092
17354
12120
2360
11443
2830
5626
6878
12475
7791
13941
7371
11183
17557
525
6020
13401
6622
3755
2477
16610
6902
6402
10321
15958
12622
11148
14095
838
5581
13122
10272
9266
11563
10626
2521
16846
3937
16449
11361
12106
4526
6418
4417
16388
1125
7676
11539
14987
11937
4162
13194
6749
6662
7845
15094
5725
16747
16852
18922
972
17847
5309
8000
10994
15049
12380
13351
13452
2860
10687
2305
3189
19290
11772
8066
12540
15545
1612
15658
206
142
1150
15860
1074
2035
1426
4228
313
6096
15156
14082
4124
10282
825
1492
7980
15606
10063
9491
3632
2813
17720
631
2519
82
10961
9775
8968
11513
6998
13443
8281
7418
13040
17878
13695
18153
8853
6565
17783
18787
7470
129
6319
401
12954
18305
19284
3452
13619
854
6062
6887
6333
12123
8727
8002
6385
8652
7123
1683
7619
1892
18496
3399
3715
13910
1498
779
5256
10141
2550
12152
7778
12397
19155
11587
862
4815
12292
10072
7859
9099
6541
5802
15942
15775
18820
14555
6093
16927
17620
4782
14098
7316
7243
18398
8630
11322
1851
8520
1214
2839
19323
13153
10653
16918
4878
11668
771
4086
16091
10734
10725
3881
15206
8027
18355
15941
17902
6769
12395
1494
9121
5320
5918
14447
10642
7566
14357
372
8755
8411
13031
15520
13597
9800
14467
17481
6764
8903
15996
7427
12901
609
2786
7227
447
9298
2184
9769
19420
7907
9175
12263
15379
353
754
15978
7844
6535
17083
15472
13799
12500
5105
2729
12553
8663
12250
10107
18736
16603
12312
3105
7381
3277
9917
15841
9817
14460
1465
4281
13960
13162
13096
16073
12435
17015
17951
6840
950
18349
15796
676
14708
2512
12846
855
5264
17674
14724
10205
15201
2785
17891
6220
1162
7884
14030
11958
14505
17991
16256
199
8181
17005
7100
17382
11968
17241
16868
15916
6039
6149
1669
3680
5092
12224
18668
10698
9886
632
5787
15607
1177
3609
12909
4655
4697
12291
7144
5515
12613
5834
9227
2723
811
1143
5863
14525
9107
11480
14784
393
5825
14730
6045
2525
9387
13082
18332
16138
17640
3735
16021
17223
5093
8280
5958
13233
11213
12760
9279
18387
7379
17294
10741
13665
11805
1560
6276
13440
18728
6117
1841
16755
580
13310
5916
7743
13070
13436
4030
3191
5115
6896
13684
13989
5679
10969
17325
15745
19434
6571
116
17427
9497
2630
9484
11794
786
16701
6458
7946
18314
19316
11306
5344
12636
2052
14686
1883
14882
13381
11151
4690
4631
2895
19336
15249
1168
12601
623
14299
9503
17957
6658
13731
16873
1566
15062
6733
10344
19044
2557
13506
18499
12781
10784
19206
13373
19275
5295
15358
1720
13469
14150
13947
3159
15691
9524
5681
9838
4027
15648
8492
10833
16467
1927
15119
13606
10688
9658
12069
5765
4118
3999
7556
9356
18140
8030
9272
7464
3852
3867
9364
17575
14884
5777
2511
834
16330
11534
1088
13427
7295
6714
7910
7399
14421
1538
10352
19267
15656
5470
11486
5534
7638
6575
19159
15452
11001
881
16650
12212
16329
4856
12326
13318
4419
13408
5875
3184
14586
14805
17452
18846
10104
2638
5833
3823
709
17921
10747
7700
13378
8258
1898
2152
10791
12514
18946
15865
19146
8320
11316
301
2683
7600
794
6962
18369
9273
15665
4241
1767
11756
13870
10136
13211
10508
10934
13261
7391
18004
10240
4517
8067
3596
9163
12852
3112
2732
15742
482
1867
1193
15932
13483
10151
7250
16886
2081
711
9637
18320
1183
16326
5953
16402
13986
13714
2387
7244
6033
10780
11687
12551
19234
6761
16823
2819
3965
5934
3527
16757
14868
5374
5781
8344
5360
1114
1660
5726
13471
10908
1546
15373
12788
5925
8821
13333
5677
7473
6539
8416
1875
12956
16926
12799
3517
336
11129
2248
6554
18031
3173
2117
14532
18993
3770
3926
9778
8533
14004
8406
12505
9780
3877
19238
8115
4479
7898
7214
7253
9075
15039
12479
9463
5951
2721
18037
17504
18609
19209
15572
6778
7811
2222
8150
19302
155
14997
17834
11953
8017
2743
5439
10432
13358
11889
232
12097
8293
4522
11927
17446
1614
1551
1806
18918
11770
13216
7735
11446
13055
6526
14723
8588
17706
16169
5279
6263
5430
15494
2823
8491
8138
9436
3289
13264
12157
12857
15715
18674
11175
8842
6816
6223
1595
14952
12449
14403
5892
16363
9308
19016
5069
18389
17947
3577
12088
8734
13282
16245
16228
18067
16971
18382
11736
4990
5668
6966
5388
18939
14809
8691
5389
18100
12876
6367
11795
2297
13518
9416
1203
9924
10560
11087
8827
14335
13390
8241
2534
2905
11073
2735
11265
7459
15222
13271
13856
6507
1435
15977
13011
10440
7331
1407
14351
18160
4372
18737
15727
15821
350
10061
6907
9885
8803
7870
4717
16585
10564
10528
15398
18709
16163
12410
18168
16850
9043
17179
10875
5675
2421
13800
9359
4149
18230
9624
11425
16669
9619
9055
5348
5878
2298
8147
3012
16232
15784
6523
3602
589
4883
4235
6040
18353
12907
11562
2543
12463
3956
7432
3892
13866
8308
10053
14287
9190
16325
2019
11936
18
3897
6011
6678
17594
12712
5163
9859
10475
17759
15950
17119
15789
774
3544
17064
7550
16497
15705
15794
18052
11530
15219
3519
3481
11332
3391
18054
18340
13168
665
13023
8220
18379
8473
15179
5641
17822
6174
4416
11560
14221
14914
5020
16794
2691
7330
6344
1115
4016
15953
16695
3120
15957
2877
7500
10959
11228
16960
14937
10231
104
12044
828
15594
13399
4425
546
13692
14462
12681
15902
250
6015
6947
976
13077
18023
11595
12621
18216
17515
11727
10129
17264
9531
10546
15112
4038
9629
14711
18103
12849
7715
16997
9400
11606
626
13698
7868
16414
4991
16008
343
13067
16781
3219
2454
398
8697
9948
1753
2
12425
10955
12527
7979
8768
11994
15842
15291
5957
12762
960
8596
2285
847
17546
16271
2670
2240
14301
17786
3169
458
1402
16337
8839
17571
3975
17236
5736
810
3561
7121
883
7989
7406
7959
5601
12927
11660
18672
759
11439
17402
17999
6433
1957
521
5521
16793
14968
16526
16057
11352
13125
13305
5657
9872
4430
958
5674
16482
12037
10919
14554
2449
7880
11429
17920
7229
3970
5476
2575
9418
8400
8666
11483
11338
4090
12951
6505
1887
16441
19019
2135
3854
17973
7491
18964
14188
7809
5756
5152
4023
14835
13219
17924
12826
16460
13029
11233
14530
17111
7204
10322
221
15100
4089
1157
17904
4109
14988
15274
18535
14673
7423
15689
9646
8696
16001
15184
6359
13279
4111
10830
15596
4279
19139
18348
17023
4982
17208
16144
8074
2350
2583
12198
858
14733
10781
4793
9419
12126
10177
8835
2644
15034
16082
18847
2142
228
1843
16991
2733
10464
2708
15793
3073
16199
16034
15440
5556
4195
10410
9442
7816
5838
7620
7653
12422
2456
14187
16856
808
14626
7007
1167
6654
5752
9577
12652
556
12053
14502
2563
4482
10439
17665
18286
12678
4611
13815
12054
1901
2578
2045
10979
5166
12496
5326
3109
7139
16342
18150
2416
7276
277
13152
6178
5217
2385
12254
9747
2595
17274
7661
5209
10711
18593
3581
5567
243
15009
2242
3988
17519
7740
4574
5665
17260
12854
6169
6451
9016
904
3161
9502
14158
17485
11516
17992
4881
1383
18464
3954
13823
7506
12547
18357
13430
8524
9028
17186
16039
3778
19073
8744
435
2459
15431
12510
410
18289
12978
4244
2650
16331
12454
6833
8246
18082
12969
1103
12658
4729
15604
18328
12085
12993
5157
17462
15771
16903
18427
9869
14761
10211
13444
10118
12688
17931
2049
1107
18074
16279
17053
6440
527
6327
3767
17968
12929
2316
337
10547
8899
8127
3259
11241
7565
5080
18761
14373
294
12009
10098
5650
18142
13311
13724
11630
3742
11972
803
5853
119
14154
11145
5091
8122
13559
13873
19340
15816
1954
9993
13735
13043
14414
2719
10386
16929
15339
7092
18338
10354
19371
17282
9265
11840
3969
17059
15819
6703
9954
2410
8191
11657
13909
18852
7822
3844
4804
7957
15279
8506
3494
10412
18322
18989
10523
14919
9422
4459
12117
3122
16096
13771
15543
4100
15755
1375
18642
8983
9660
4481
14121
19227
9831
15685
10281
14583
10850
11501
11684
12686
1904
11578
14647
3894
6305
12687
5610
4853
3540
1525
5239
17934
8805
15264
16461
17964
10319
8214
13042
7451
8238
12942
6238
16740
476
18123
1120
4133
15377
15197
728
3306
9676
15324
14519
19125
10342
887
14083
11874
9232
13492
1357
14531
18856
16891
9482
10054
8301
7994
17718
10355
7242
3564
10874
9529
2790
6639
18268
12155
15189
15790
17212
15092
3393
5445
1839
5184
8356
385
413
11150
1952
12452
1337
14323
5194
271
5874
15121
10680
18623
18865
12609
14103
17750
12404
6788
12744
18199
9049
13147
4108
10149
15435
2829
3753
4278
3217
7998
3546
1501
11784
14125
4563
16109
8829
83
14823
7296
10645
18831
503
416
3856
14487
8060
1086
5406
3390
5247
13971
109
17785
10590
10278
1573
18210
9935
1855
9722
6377
7405
1384
14336
9187
14159
17872
15458
4093
5451
12940
8795
3687
14393
3768
7733
5097
12137
16409
13308
1362
11869
11498
8413
18478
17731
5278
678
9379
3149
12330
1822
16499
8514
14645
2980
1923
4814
738
16600
12771
15892
12035
6139
5050
8425
9052
9555
5632
17173
16528
11730
9539
12936
15968
3233
2464
13583
19292
859
5103
3321
1286
15245
14029
7587
7538
5658
5799
15086
17682
18046
19342
1481
9823
1691
6393
279
8355
9696
9382
13388
18495
10852
7781
17353
14050
11142
9518
13762
13664
3280
1173
1859
12729
14156
11713
386
4301
17578
1983
6403
12619
9798
17958
18720
19283
13860
18757
10085
2807
845
6511
13396
13489
5870
16840
3063
14101
17586
10453
18323
15145
12782
17251
2257
11323
12223
17126
15027
14796
11860
16136
13687
344
4060
12232
14964
16252
19260
10405
2837
90
4578
16990
1027
10171
15621
1956
7398
19054
12664
3820
7963
3260
6702
6098
1216
9618
10426
7489
5270
18961
16735
12200
17530
16134
1360
9020
9443
9451
12360
9500
3133
12924
1436
18892
13859
6994
4292
15216
13599
8615
10736
7284
15098
8006
12390
14722
13954
5572
6150
10689
5233
13642
4800
8371
10570
16231
1408
4580
18278
12160
16373
18622
2859
12162
19289
9281
4974
10878
3855
57
10108
16411
8029
334
5036
16601
394
1373
12004
17826
11226
14602
5564
3037
8436
7325
15026
18378
15341
9659
24
13421
16574
11532
46
15056
11572
3205
12694
5197
8450
19124
820
12964
9162
15313
13915
15770
14605
5757
10197
13953
10182
6291
3152
5529
15859
17433
11764
5100
10948
16955
8896
7135
8830
18878
9076
16065
1687
18515
11234
11826
4471
14079
8544
16935
1731
10285
11179
4499
5904
8512
8403
17945
9128
10541
16872
1277
6417
18451
12966
8042
5017
7312
18903
17971
16023
17484
18805
2585
5693
17541
16296
18457
3077
10744
4433
11969
7346
11695
19117
1593
19094
3246
13227
8111
4444
196
11803
16952
7950
19129
2784
5554
4630
19251
9277
2244
12727
19060
15666
4400
152
7256
4130
11470
16310
16042
3496
14544
12243
8142
18101
16259
4723
5287
3107
5019
9271
321
10195
13256
16782
8848
16352
1447
19170
16094
9761
4232
14381
18638
6148
113
6979
7059
16147
6753
10699
16267
10619
15050
16092
11173
4176
480
5386
6695
4283
1308
3423
17923
1179
17017
7838
14464
5617
7591
6133
19393
7815
12588
13595
1480
1338
2651
8170
17629
12144
9372
18518
11621
6253
997
1757
9445
4607
7165
13625
16726
5251
15574
12508
11989
14278
16723
13377
16702
2641
1941
2395
776
9819
2648
11263
11426
6289
5740
7691
16563
9740
5583
3034
1499
8045
6782
14829
4791
15277
7621
10818
1218
807
5364
11505
3936
17103
1438
19226
19184
4429
18727
8762
2008
6382
16224
12026
6502
10330
19219
9218
1341
4582
3440
488
5165
2092
18264
7711
15904
7064
8866
9835
6124
1520
17556
7377
13513
5823
3297
13993
19426
13285
5305
364
2974
4366
6759
1429
103
19213
13718
2617
14814
5505
13981
15061
5764
172
10228
3607
11068
11726
13368
6010
13317
17041
10632
15878
7588
9854
15805
5895
12980
18050
4854
4910
4535
7659
18769
16862
6044
18676
9865
8510
4268
13721
2883
14806
13089
9711
2432
12873
765
17603
6542
10329
6674
16632
6283
8949
841
13496
12499
12080
9337
6763
15838
6142
3291
15408
445
3781
6529
11344
7175
5452
9755
16648
6602
11037
10832
9434
921
13723
10982
18864
9402
5706
9964
249
5508
1749
3701
15423
6041
8226
15101
7426
17355
557
13977
15728
3952
10536
17183
7795
11418
15129
15800
6387
1955
9490
18612
10798
2494
17226
956
11947
4943
8289
18055
9193
799
9206
5391
9857
9601
13485
14364
11455
10592
11546
8113
16178
5591
1450
15090
15012
13416
3738
4476
13209
16477
9990
10067
9966
11759
112
15664
331
16078
9464
10291
17752
6503
5474
4277
378
18925
19167
19056
15507
6210
2202
873
17439
18380
2324
12912
1690
543
3322
1283
16924
9258
6455
10173
3996
9650
3328
15890
11904
18143
11765
4099
598
10101
18501
12693
13136
2887
7360
9291
9757
2208
13887
18640
15566
15022
3872
189
17079
10796
8536
11431
17943
18108
11990
9558
16290
9947
3654
592
3358
8814
2615
9537
6693
9423
17000
14910
9236
1219
314
15213
17073
17663
2120
9826
2141
3252
12544
45
8367
169
10758
3061
9235
15075
11413
18393
5405
6137
2592
2277
17292
10502
3483
10499
9144
4004
13633
3679
11950
14090
14239
4014
16588
18860
11415
1844
18311
1190
8812
16637
4759
19046
4212
3188
6720
10256
17925
68
7466
14367
16753
8174
9941
6938
13149
18580
13371
17671
10849
18408
7359
8263
11356
2289
10179
17562
19133
2197
5894
8397
6913
15871
18673
4984
4976
12213
9746
17268
14813
740
9792
6415
13326
17633
1968
17725
436
1432
9720
5710
16694
5361
17472
13546
12331
18350
13940
13530
1942
1348
11123
16419
17712
18560
8052
16758
14084
10301
10516
18810
18786
18326
19326
11035
5909
5540
8016
12703
8390
12918
18416
2144
16778
14160
4358
9829
13497
11676
18703
6785
4901
6361
9591
1347
14392
15336
2896
7553
17915
10522
9343
17087
16484
365
3374
8748
16295
16543
3618
945
11581
10235
10753
19287
17861
7462
10884
13238
13820
18660
3675
8924
1152
9282
10749
10442
3093
15278
18302
15797
15944
16865
7709
4371
6780
6754
14293
15194
14120
6831
7904
16962
2924
13262
11084
1563
17853
7341
19177
8202
7877
1385
14702
16883
18976
16500
4394
13816
15951
7710
17728
9961
16110
14340
16428
11044
14191
8351
1582
12772
5691
11540
10438
19165
13537
16239
11823
17735
18907
4498
7677
9734
5310
16356
329
7607
16961
9211
13212
4031
18129
14052
4152
3643
17645
8971
8594
14844
13636
4596
2547
8660
4710
9729
5611
12244
5913
6076
15202
7038
7819
17932
8689
16382
14169
14545
12539
8485
18096
12369
15193
8757
18512
12066
15060
12288
18072
6696
13722
8761
2902
12042
14378
10912
11507
12723
13703
2390
18891
15210
2195
3925
17189
18972
10201
9224
3543
17174
16510
18751
4290
9783
8552
4957
9314
8811
14282
16375
7376
5095
18487
5692
4916
18655
18738
18051
15835
2632
4440
18377
7347
7787
8296
7485
1381
5230
18034
14018
12738
9357
19443
15631
3576
7595
15251
230
18606
2344
3873
707
9703
18049
18275
7983
11609
12440
16995
5822
4331
5262
18183
17857
2649
12383
15065
7132
17093
18033
18651
2696
14576
9550
5621
79
17949
12866
684
6742
5662
19111
10293
18247
1548
16336
8945
18721
5786
15773
4691
12952
3646
4834
11861
7573
15349
15640
12541
4261
390
8959
8897
3801
2548
16643
14479
7705
8906
11362
4740
15752
5068
470
772
8382
12015
1615
18269
3885
2671
768
3140
10542
3923
17523
8627
18084
14017
11419
15077
4338
1287
17803
19192
1306
3782
9936
7776
14431
4384
2455
1931
1794
12429
212
17818
2050
15889
1138
18344
16631
4656
14216
15885
8801
17038
4877
9536
8046
18793
5669
1890
6508
8449
11593
13829
2433
9858
6398
8352
17806
14660
3741
1156
17723
6360
14677
8235
307
16055
15530
18368
17584
15459
9863
4001
1944
13150
16350
1666
11984
8705
10472
14261
10613
4829
4643
17096
1080
13575
1864
18209
13099
4486
1577
7729
13772
7454
12313
17235
3467
19306
1581
17966
3242
13439
7748
14114
6332
10510
16880
639
8417
17478
11711
11651
9449
5716
16213
2198
3520
17013
2642
14092
10757
913
8516
16095
18574
6155
5575
10650
2865
11965
11545
18341
16957
1350
15046
8916
18272
13776
16431
11224
5563
8566
1817
440
14057
8930
10106
14738
9398
533
16596
14148
2832
8747
8876
2928
14466
13764
7194
14183
6233
4493
1113
9136
9958
642
16053
16712
8681
6948
7
5954
16777
9745
4154
12057
17384
16044
18905
2017
13526
11791
15353
18597
11700
7799
783
11030
4859
8259
13701
2283
15804
11346
551
12237
7699
12377
13627
16149
17182
19012
12361
15856
4391
4423
18780
865
9649
15299
17918
5949
12480
17378
11125
15724
15025
16981
3349
15707
17568
1
15067
8874
3373
13712
18117
18266
3863
9217
5732
7891
16112
19348
1825
18480
11636
18298
10115
2220
16300
7909
8716
3533
10985
5192
2484
17839
185
9483
16680
9119
15298
1497
11512
12589
13422
8117
8956
3734
18434
9654
620
3022
15579
10928
17128
1111
6879
849
9241
15834
7370
17948
5620
5283
11031
2404
14659
14773
9087
4321
13466
7615
2745
2312
4816
8965
2720
3549
18391
6856
15464
3043
14739
961
8405
8528
13543
15033
17071
3838
14279
12642
2476
18942
10318
15178
10713
11394
11276
19270
13653
4403
11538
3747
14934
4799
17429
15099
2190
15478
7070
17238
14638
3333
6236
11168
8578
17007
11303
4570
2021
17142
14521
5940
4200
2361
17206
7088
15367
1877
16783
11390
7374
453
5141
10444
8650
8445
2983
12006
12342
4317
15048
13639
8330
11047
7800
16679
9141
3454
17345
9245
1763
2888
12072
3716
5431
17502
18876
11102
18627
11432
6023
4850
13805
12202
4795
11246
11147
3749
16762
16683
7419
16822
7129
9018
6372
2237
9473
19030
8329
15392
3224
2046
12732
382
12349
2851
1170
6456
10899
12904
14777
6308
5582
10090
17270
19004
18704
12018
5347
5738
14508
11945
14515
6547
18217
14591
7631
8427
12115
17890
10210
7338
1626
12757
17458
8345
14013
13524
2951
5839
15188
10055
18530
9560
13030
4448
5375
14268
18342
13477
8892
2804
11257
7267
4647
8670
11768
7085
14386
11474
7060
14038
14995
17440
6597
2752
19195
17505
8462
2122
11210
19294
8649
17908
8216
7707
13406
8788
14572
1147
10236
4660
13908
3663
16401
792
11983
7507
18271
16167
11570
13329
16950
14200
1496
11880
823
5709
2961
3240
8501
8137
11536
13756
12297
3344
12138
12134
9056
17040
1430
878
17791
8937
5144
18711
244
15847
8686
14790
16867
8593
5837
8665
16454
17811
5805
13862
17781
13959
7966
15382
18066
13156
17150
2094
12165
10752
746
11801
5598
15868
13044
1782
13768
10302
19310
5024
7380
7540
13175
2907
952
7520
14534
6725
10607
12394
14820
7117
15907
15038
12382
11209
6461
10569
1200
7744
6827
4956
6990
418
10754
3929
15239
14695
3924
2335
8225
5906
949
136
10215
8164
9751
15831
10954
14852
4696
4355
17361
7053
6964
11464
17907
5704
5481
7825
8475
17863
13292
2933
1301
7027
4783
1226
14190
1418
2186
276
17763
3566
9405
8884
16418
15105
15721
7184
13222
11973
18953
497
7916
16444
14781
6258
12633
16462
11884
14338
6677
13931
6559
16725
7176
7199
1241
49
9034
8723
1192
5836
12203
1790
4602
3404
11416
6633
18956
17322
12492
5990
16442
18777
17318
14510
10968
7141
12002
13461
11180
12052
5285
8606
13178
6876
11878
17482
14955
1279
12871
18628
12236
14562
6471
15445
11626
16842
14189
15975
6929
10663
2742
17471
10204
13382
7599
11034
7704
7148
429
14361
9097
4263
12334
7888
16560
9562
12267
5035
13656
16173
16703
9306
15242
8951
16222
797
14258
16833
12497
16591
16934
13991
10674
4312
3565
16983
13902
3356
4126
19099
14860
13397
10866
15677
4046
235
18422
18875
16327
2932
13304
1353
13781
17058
1092
11822
3168
16104
19038
469
8887
6350
18750
14892
12573
18373
15618
7931
15661
10413
11388
14856
19142
831
12083
12752
6375
18789
18065
593
8186
15704
18238
14196
16115
9142
6911
11420
6973
9849
17366
13511
15955
8257
6425
215
10323
18282
4248
5369
18770
2037
3548
11913
11373
10772
4900
16015
16493
12597
14687
14557
11351
248
13173
17042
7150
