17592
3635
1064
5200
16263
3869
13215
13423
4413
14891
15573
6448
3043
12786
13431
17299
15762
18404
11900
16428
1052
15870
2997
2570
6526
783
3431
897
17477
13601
2935
18446
10020
13527
17420
18704
7865
13819
10313
19425
11124
6102
1283
680
9751
8795
19044
4921
371
17551
4488
14194
6649
4696
15503
13238
12731
15167
18066
12881
6360
5459
13417
3413
7086
3053
1027
18724
8782
392
15734
3353
5707
16365
8979
16933
1895
6125
14557
10098
14179
14607
9537
1867
15504
75
9997
6455
5306
11267
13109
3188
10752
16312
15735
18641
853
3696
4058
9080
14864
7563
17579
5951
11945
7266
8961
4582
4867
9221
17582
17688
1539
1217
15774
16526
12245
15819
14473
11360
12446
2650
13108
8109
17508
16483
6020
17220
13019
16599
5540
15473
2394
14887
13937
14490
10719
5402
14058
94
10118
17813
8138
9385
11228
18466
17780
5515
13526
12532
2944
10878
717
6685
18228
6577
5913
1076
11886
1582
14547
15556
1298
15466
7579
18982
13768
3169
14131
3212
1127
13068
751
15538
18096
16253
18399
9386
12840
6665
2424
7727
11861
1612
2915
6402
18434
2779
1390
4939
797
882
12853
1051
16449
1598
5613
6395
6671
9707
5651
33
774
6148
17644
3674
6071
8160
19073
9308
5863
3383
16530
14027
18805
12837
16574
9398
17539
10432
3535
9575
12102
7139
6581
3192
6263
10351
14238
7902
19140
1852
10398
2767
8890
4892
4064
17749
8917
5689
14394
5929
11331
15682
1441
16481
13116
8050
16495
7342
4746
5672
13691
7476
1879
13229
9640
12301
13502
8
15358
13495
18605
10036
12585
15140
9636
10858
1240
3648
10834
7635
12618
17255
5455
17295
14099
12120
8070
16986
5363
7039
15148
18341
9503
15885
10271
13090
17271
9100
13516
17453
3990
18534
18918
2940
826
11411
13085
9972
11150
723
7952
2733
15199
17173
2538
1816
12985
7947
6663
19292
3618
10443
3358
19201
10724
3971
11718
14564
10125
6276
7846
14837
4021
8705
8819
6681
17491
6072
2313
11821
14077
1222
6837
13455
8112
2007
5876
17731
18386
5489
3720
6412
15020
17002
9393
4515
13865
17280
14298
6253
8565
9136
3227
10801
11386
17163
15704
15028
9854
3122
8511
12768
7029
8520
15966
14340
3342
1461
9478
11381
4957
18143
2421
1454
9211
17947
9966
3315
7630
6224
340
7033
4023
14665
18276
12871
19414
1548
11587
3706
10070
8259
11315
4111
6116
10418
7811
15367
17016
14468
9856
18443
7288
19146
7710
14889
17978
18829
6352
19302
14343
15802
13492
18806
4665
16892
1909
14354
8181
11412
2474
715
16441
14494
14256
11387
7723
11023
17666
11190
18134
8796
14506
9996
5045
2628
13318
14324
19423
15818
9867
15054
18836
12632
16973
6265
12787
11925
13415
14041
16938
3749
18983
86
16660
2219
8010
15341
16078
10975
11101
17046
13440
8938
9181
5259
16210
9507
18449
19219
6554
3120
10721
16295
17233
13368
3599
4440
17795
13875
192
18201
12860
10364
7397
6849
17223
6323
563
18343
15864
5621
16774
7740
13126
5632
17171
17654
5480
8512
3622
1981
1564
7622
8034
10746
1918
7341
13830
19372
17655
7272
18510
12277
12078
15477
7379
1824
8272
5025
3878
19260
14167
16956
12279
15715
9401
12835
9089
1849
9490
6497
16896
18827
15440
3569
13595
4632
9013
9501
1226
511
11904
5165
7206
16965
1180
17740
13876
18526
15063
16349
18369
4406
6109
14097
14290
4446
3631
2363
1459
8173
11085
4405
3698
14030
14148
10164
19126
2708
18882
5186
15368
9937
8706
4945
8111
18783
3641
6325
14140
9887
1099
6945
6126
12595
4908
13036
13273
5195
3902
19359
3898
13582
10633
2447
18378
16237
16653
2668
16902
201
7451
13020
18565
10498
7024
9402
3082
3782
14263
15547
3166
12608
8408
2257
7222
15557
10821
5627
11786
1911
18735
18191
6642
17309
6425
13168
15527
4079
8505
1778
14746
15706
450
19263
2400
4958
5769
18235
8305
1206
9450
1613
8672
11068
13584
15731
9702
1153
12580
11517
19084
406
2992
12367
17686
17756
1137
3184
2655
4932
12480
5661
8564
1573
1924
14057
17500
6002
16936
8273
6670
1098
11379
6998
16243
423
10649
15168
4964
14730
6856
8749
8438
1435
7662
2521
15773
15150
18895
15793
3520
15920
3104
9470
13253
1287
18688
19339
1875
6123
3218
19054
14638
10780
13568
7001
16464
18173
17018
5065
3935
1483
10509
1635
2450
11208
18727
15928
10809
2638
9721
15001
362
14958
8118
15060
9301
13112
7370
8085
14661
14052
5406
5070
8413
14035
866
7810
18420
9332
290
2836
10872
9083
11443
8509
16073
14225
13695
16023
3922
3443
12415
10654
6179
12666
13239
18483
14572
8025
9745
17642
4320
15285
3403
11552
6710
11327
16395
2562
14890
8467
9353
16355
12145
10793
3186
18771
13285
13924
8529
13729
7070
11306
14276
6852
2996
13272
17010
2838
10395
18682
7993
14312
2410
11750
11734
8381
2789
11143
13275
16379
10319
14497
2868
14143
2955
7424
13687
13858
17152
14998
13075
9366
13566
8875
6267
15558
11605
10610
15615
5231
1193
18620
12617
5600
4951
16593
678
8346
76
793
8920
19438
8484
2201
5806
9865
18667
13367
10209
4506
1717
17296
14492
12760
13530
15146
11532
15794
3597
15872
1480
580
15877
12811
16977
11912
8762
14009
17054
9145
12769
6246
13712
10826
3607
109
5168
2166
18919
11559
15215
1062
17515
10652
3203
11039
6188
12564
1401
15472
17378
4125
3636
4385
11147
9547
13144
14085
2354
14724
11166
8667
4865
19189
6016
719
11468
17630
13528
18897
18886
15859
15308
18938
10939
15692
13487
19053
48
1377
6304
3452
15333
7453
8515
9110
17898
16362
16901
16460
11193
1554
4524
17681
2938
12155
18465
18924
12383
17408
16343
16224
11679
12791
12122
3901
17146
15064
6530
14536
268
5019
11277
2850
11921
3843
8171
4641
15310
11250
10916
3142
2790
4529
13202
1961
15943
8850
15070
9753
11309
9208
141
14283
5452
13882
7795
702
17999
9391
3753
13225
18011
2785
2484
17675
15478
14892
15659
4646
7468
1463
16128
17939
3336
5513
3195
16996
16190
7172
14979
18489
1097
19303
17789
18606
17875
1672
1456
5587
7037
2298
9372
19
8895
11792
17838
551
14180
16838
4426
15745
13121
12685
10298
4099
5158
10666
476
16335
6073
4046
13260
11972
16006
1218
14871
5761
8802
8415
1041
19064
6034
4795
19287
12438
17751
5494
6340
1354
11513
6972
7820
7036
15805
18732
6292
6862
2913
13976
9436
14778
15502
5483
7596
16626
16858
12897
16727
1907
2618
2775
4559
5774
8194
17593
229
14664
16160
8939
12993
17719
1290
2607
2413
8044
12242
17943
16152
865
15452
14762
17945
12861
19194
14965
18792
1999
1013
4063
10433
2134
15605
17997
14974
467
11108
1896
13731
607
1155
10768
17274
374
9348
10986
7707
17656
17248
13896
6615
2340
14626
18934
18691
18432
1871
668
13765
6803
6144
8609
295
15685
13143
9113
3251
18914
18159
1042
10370
17197
7539
16173
16935
9704
4901
6559
18384
13499
2393
12806
4129
4931
4850
15268
18345
12975
18893
13304
1882
712
5496
4965
885
351
18055
9781
13607
7322
18482
16301
19031
11627
6437
5235
15903
16360
8721
6599
2153
1734
14053
18647
6285
14013
2776
19371
17392
10414
4920
11983
5209
16341
1139
7207
12725
5508
15956
3519
7498
5283
9775
8244
15043
12549
12723
17032
12849
5558
5940
10391
18583
11092
620
386
5968
3969
10343
11800
10718
149
2230
17495
13606
10179
18558
7198
1416
17318
3124
10479
10717
9936
10748
18916
9392
14936
17399
19349
14427
16887
2822
19285
510
3367
16862
19067
12059
14204
8180
17447
10502
3107
7656
12922
17129
15736
18122
6835
19278
13439
14320
19384
17762
9883
15779
4532
14994
7054
11203
11712
12379
3956
11323
2112
14199
13958
3131
49
10662
3997
5931
11834
10136
15911
15431
17808
1837
14487
15742
10894
6746
6623
6397
18328
2660
15183
6857
3135
6737
14184
456
17331
11889
9696
2845
12409
6516
17324
17555
10838
4210
9514
7649
9845
2768
19050
4726
11187
660
12868
10651
6996
3742
16747
1631
7179
136
4255
7963
14900
375
15090
1669
3064
13920
10300
4033
10943
12004
875
176
4824
1804
19206
12508
18486
9641
10013
2150
889
19141
15228
3890
15115
11609
5260
12938
10474
18809
11850
9487
4101
18338
111
18561
7778
16843
6982
15823
14403
18649
3806
2048
3002
3945
11471
3987
9801
6515
14229
9164
1131
17794
9793
4070
11774
17334
6702
10007
11388
5227
13001
14094
10469
1739
2870
2723
421
14187
3145
16049
7199
9176
9079
11707
3787
15088
11462
5264
3267
1133
13278
12484
18456
6579
12376
2065
18576
15935
13040
3022
9938
16123
15957
6272
9521
15660
7802
7966
5941
18629
3039
9076
453
1455
2859
18019
13162
14429
412
13983
15887
884
15513
17154
16611
15393
18991
2148
18284
11819
16357
2395
8292
14749
7821
17915
12816
5771
11391
11322
19218
14747
7934
15981
12672
8205
19296
9143
8206
19038
16570
15934
1843
2548
3180
11994
12288
2950
12623
15656
207
12606
7381
7809
10607
16561
19367
11906
10946
16643
1619
1492
3400
4856
47
15061
17715
2739
10866
11612
557
15130
13475
8253
4236
1164
5948
8427
17974
9082
12936
14737
7905
12826
8188
16165
13959
7756
2385
10021
10309
13011
9675
10732
16060
14498
10100
480
15784
18210
14319
2367
11156
10871
6140
13523
2994
5697
11946
3651
14580
15763
6124
17584
12196
13014
15360
19298
5877
16873
12454
8566
15954
10566
8587
7256
19198
17258
10705
13173
7888
17361
6384
17120
347
13985
4692
8726
12537
11621
15983
1648
18389
5281
13903
6523
6629
10915
11122
6068
8091
15776
14275
7735
571
6189
17093
18997
10268
7123
16353
13269
8800
14959
17040
593
8557
8436
1721
7414
5490
10785
4604
13744
18233
17863
10480
8808
5671
16140
12211
6245
18539
14640
8886
9132
3425
19035
17919
13788
14745
623
6910
542
7954
11276
11855
3894
14438
19293
10
18478
7289
15272
8470
17390
11963
7138
10101
17310
11020
15949
7314
2961
955
509
9811
2849
15415
12575
9914
10739
1306
14839
7440
11534
8168
9491
3510
17822
17575
19145
9568
3297
18624
10431
8519
12593
2408
6273
15147
3012
3545
13048
18794
2737
5419
262
5818
809
3924
18922
7291
16910
8182
1599
16917
11922
267
13693
16476
15019
5581
1594
4721
4883
19335
14090
8728
17252
85
18509
682
4848
7325
2105
15076
12374
17852
11080
14525
3360
15837
10999
116
7480
13209
1633
5533
17231
13884
18056
9127
7842
5571
18869
9422
1788
1355
8537
3516
17669
5374
1836
18931
3045
7073
16370
17959
10228
16555
4049
6830
859
15436
3108
9902
16781
14631
17465
12494
6387
5680
11036
1163
1614
14469
2977
8649
4741
8584
12749
4195
17397
9813
6547
11451
18089
17501
16500
7323
8913
13079
8420
6672
13966
15203
17496
6808
6476
11795
10047
1374
3562
134
13110
4239
15209
1768
11686
6065
19039
12960
3983
13493
12365
4378
10346
14878
17709
18118
17113
17682
4126
16857
5241
9260
14089
17653
17102
12085
15175
10602
15832
14470
8203
14132
16562
5386
14334
15874
17626
11067
10550
3730
8479
3975
13170
3794
16967
7211
9138
13867
2052
16979
6420
420
14413
16841
9155
505
16199
7729
2813
2432
7282
6832
8277
18970
8766
18908
7717
5655
1125
8628
17891
1357
4190
14857
8097
12033
17522
7930
4757
8439
13734
775
19257
15378
12194
3668
10186
12807
15253
6519
685
4706
8158
6392
17267
17967
854
10272
2041
10959
1285
13115
6196
9589
10898
15616
8531
8303
11588
9344
2164
15958
16409
14387
2801
11713
14734
771
1991
11403
12240
4148
15561
14820
8042
14873
12153
3140
364
8254
11859
5534
15340
5979
2795
3594
14202
13305
16568
810
1773
17573
1086
11123
17871
997
11201
10673
19137
3390
10870
1956
10932
9652
7818
6064
3433
9982
16823
12172
6735
10293
7841
7623
17394
7305
924
2317
5795
1493
11012
782
12955
17658
3258
5146
2309
14925
13086
10650
16016
1049
5553
3875
18256
1019
9555
14948
3965
1168
13421
9334
11343
9602
4549
9380
15118
14208
8454
4819
12583
10006
10157
2074
9157
16369
2179
877
9986
14342
11059
17616
4244
14703
1955
178
8817
8627
6316
11045
4562
16038
7124
3699
3539
18857
3231
4639
10623
9123
6560
6613
11560
8949
9611
3456
12738
10829
6165
366
4241
8264
11998
312
1935
6010
5087
18808
677
6696
10447
16065
4963
13450
18972
9279
9549
9649
1288
10152
13580
13107
3929
10018
15433
18591
169
7822
5895
4335
671
14203
19380
6008
1418
19142
11423
9313
4919
14361
16847
6576
17818
17380
4055
11996
18514
5579
6279
18323
19092
7776
15455
16359
18234
15214
720
19230
1289
16877
13280
14570
13123
19248
10636
8448
18745
11364
6571
6049
3047
16482
17400
7712
12235
2106
4974
13035
3632
11981
2467
6229
15550
6538
13780
6761
18758
16988
17619
17130
14649
9140
9848
13345
2528
1387
18778
7218
14617
4977
4277
7998
11868
2672
16340
17599
15132
5538
2781
8003
816
6215
5698
16711
60
19266
7103
17167
11971
11376
1728
4456
17266
8570
558
14428
481
6541
16591
17867
16679
16485
1429
3649
18431
8461
8296
862
7178
8417
11487
15032
17119
15011
8822
10327
13426
10541
1406
1363
1764
18903
3280
16271
13932
11334
7489
13365
1243
19261
3094
172
17536
8674
13675
13433
10546
10004
13051
2540
14551
5781
13201
5287
12335
12313
676
15683
7910
2057
19037
5337
11273
7088
8759
2358
8429
6656
17194
5916
1018
13212
8660
14416
10323
14918
4189
18679
15640
11501
16234
17886
10354
16300
14292
11860
6644
4262
19400
9607
18582
16721
3196
12752
9660
6236
7621
5305
8525
15492
19440
13522
18780
9405
19223
8410
7186
13008
18392
13981
3429
11895
17899
2314
17637
1561
18571
13717
13194
5242
6763
2196
15475
14464
16218
18081
10374
5687
12490
13128
13840
1821
13950
10842
10800
4695
3434
16587
11966
16569
12160
15718
9486
4552
14103
19317
18821
1641
5336
16296
3457
9198
13249
8495
1576
6401
17985
14520
9564
12406
4224
7829
9327
9019
4640
2397
16028
17662
18169
8099
9305
17950
12518
16729
8184
6429
10094
4261
936
5410
8962
8164
5528
7689
198
15363
3320
17366
5219
4319
7064
19174
14753
14480
12072
12186
13728
18925
5205
5990
13984
7951
14465
6569
4410
16675
4417
264
13665
879
12441
11495
6439
11677
972
18110
13909
9924
2886
12201
2341
14321
742
6275
12294
16688
8293
3702
4180
19215
12917
16046
4454
12761
6028
19300
4671
14137
12613
14941
1501
4060
5502
13399
2486
14511
1584
13390
5688
8069
3093
5257
16445
4018
5683
19297
10789
7438
15096
18616
11284
7978
4407
11149
15339
10848
5154
11772
13525
10028
10533
16699
16013
2084
6758
17576
17241
4345
10501
9498
17141
10266
13943
9896
17272
4987
11351
15738
18167
19055
6110
940
12430
13870
11168
12680
18662
1375
8072
2123
10082
15583
6252
18363
11751
8000
13507
11954
3154
2274
15882
11618
17222
16282
13294
349
138
7788
16685
19190
4943
11791
12848
10073
9456
6079
4902
9940
1706
10042
11008
19227
16972
10291
3663
7284
16472
10160
2444
15996
11493
6815
14518
17982
12526
18680
10470
9953
4270
16314
1755
8301
17009
17427
17961
16107
1908
581
12535
10598
6533
5892
18264
6829
6794
14138
11997
16302
15878
3849
19373
12224
12824
1930
17365
4027
18816
3238
8288
1399
13017
14231
15236
14672
15457
9212
16595
15524
16779
19205
4269
11238
13241
6058
7392
5334
14584
5111
12541
17124
11710
11158
17200
6946
17213
462
7464
10141
4150
9092
5972
7147
10456
5554
17840
12720
2854
393
8382
9445
6329
11196
16652
15635
3016
12107
14045
13715
8653
4652
802
15425
2722
13303
4967
18464
18542
8270
16077
5721
5899
3277
17033
9244
6508
19101
1446
3985
16543
6269
17092
6875
12740
665
17975
18512
1517
3912
19171
12963
13395
7278
16385
14913
8440
5961
17941
16397
4516
17868
12828
18795
8276
15967
12298
2040
2637
2138
13692
11372
11634
5719
7851
13807
8648
15465
10712
2412
14884
7535
10222
15498
16467
19275
2872
20
17911
17155
3308
16288
1110
8466
14163
11885
14459
13614
6855
2441
5190
13828
9989
10445
6561
9995
13096
1504
10182
12302
12942
12087
4538
7567
16784
576
9440
7496
8114
4056
14017
9237
15121
17210
8231
16374
8781
10960
13355
10830
13471
17437
18828
8942
988
6936
16382
18775
18700
19267
19125
17741
13711
14635
1853
12966
9465
443
1600
11287
15225
10322
3996
16405
9827
18844
9927
4397
628
7470
19341
5604
18397
672
15964
4673
2726
9182
19049
14082
5566
16442
9511
10254
1123
2126
8471
6639
16412
4025
5245
17239
2760
18088
16800
4743
10466
3337
14899
19310
5221
19024
19086
16141
3459
4630
3915
1091
10405
1003
14933
18939
17524
8655
5411
4793
3193
4311
10565
6061
4895
10775
3236
13158
14919
6001
9170
13287
6041
19078
11117
4841
19354
10564
16641
19170
7016
11146
14124
5690
11576
18892
15066
3772
158
1863
12050
57
2532
12622
7472
11788
9766
10448
12933
17376
13641
17888
12477
12221
7202
17641
18559
17055
16430
11518
2023
8810
1906
11673
15135
6227
10123
10843
11370
8758
16516
4093
14866
265
18953
3118
16145
18176
10950
15299
3639
16170
7434
6086
17878
2251
213
1279
2597
13130
2223
14774
17514
7511
5970
15588
3198
16552
7835
14785
18163
19200
9016
634
11307
4077
13679
4371
17607
19374
7985
17586
14205
19047
13990
2948
4057
2035
13243
12500
3467
8392
9053
10078
9743
14188
18496
2693
13684
5497
18980
3327
15173
16169
16342
11200
11371
3397
16919
6816
3035
15676
7137
7373
8403
5633
16490
10586
1900
16835
7251
11271
4613
5686
3210
14577
16112
411
4539
7588
12978
6602
4731
10977
17398
18457
2503
11778
11383
16157
1310
19420
4429
16740
11035
2914
10782
10223
6883
2871
18033
14546
3008
13443
10531
11445
80
1403
16715
15052
16134
7687
6916
4322
16184
16211
5050
4479
5417
18834
18967
2911
12485
5040
14928
3746
2936
12491
16928
15352
15421
13770
5215
8541
6600
13013
3368
2804
13583
14763
13663
16891
6716
8348
7299
1835
12195
16576
10282
14967
9825
9267
17834
6843
7773
15712
9383
9578
1192
8225
16508
2680
14028
4338
18269
3450
7701
19017
13988
7924
18902
2806
14921
9863
11241
13843
6994
10956
9153
10240
12026
9513
7122
14100
14942
3802
2480
14420
7059
5668
14091
8572
17846
12053
18851
1208
15053
13593
8397
17577
3578
17633
6254
11382
19072
16583
3543
1089
844
17276
15068
5656
5320
7130
14443
9480
5021
14136
18117
13713
4185
13784
12958
7922
11932
11377
4128
19121
9834
3288
18797
1083
4151
9147
11469
1642
14629
18352
14939
2622
1552
13307
10192
16347
11930
2368
8368
4197
15248
3585
17865
4716
9987
10044
4152
5775
6444
5232
13266
2612
2580
10841
9022
3343
180
12852
11865
15221
1157
11827
8922
7886
16084
1986
18035
13899
1458
13647
1432
11973
8095
10728
18546
12523
3716
9409
18189
14412
16322
5332
13348
12631
2382
7225
1223
6054
13154
12808
3517
7329
8190
2945
5676
10053
16733
4019
3471
16230
8644
15445
12656
14652
344
7551
13576
1465
3515
2270
3693
911
6675
4384
18161
7790
14127
10776
16427
14031
17833
12435
8497
1736
973
18613
15359
13230
3477
7343
15600
10558
11753
17732
17413
11330
12397
16247
2039
6032
13393
7834
11431
17302
6506
16991
11472
1789
17901
2963
14807
4324
1420
12177
11456
224
1031
1438
4473
8355
17185
15365
10326
4830
14603
5096
18830
14952
4879
16966
17251
15775
17796
4971
313
17379
5607
15688
173
790
13467
17747
3595
6785
8380
901
12338
5598
14726
791
3250
8528
6568
4684
1607
3068
2511
18600
15274
8983
15621
4226
10210
9518
5934
3963
18179
3078
4817
4500
8863
18381
15765
17416
19393
16754
3642
10903
5199
642
18974
12176
11920
9302
3050
4628
1143
10945
12248
10988
17107
6604
9603
5583
3454
8052
1800
913
15222
7112
12275
10970
74
13376
9818
2071
1649
4634
8210
908
3141
16378
14915
9029
8592
9510
3788
2623
15653
11848
6057
16657
12436
8335
14508
18193
6660
14784
8310
17754
3892
9285
5126
18480
13746
15250
2998
13827
36
7002
5036
14982
5498
18071
14544
17624
3445
4758
7999
14043
12567
19289
2443
9948
7619
13998
15770
18069
1489
17294
3818
6870
18786
13802
11840
11055
17438
18192
4511
17111
16827
16338
2648
7996
17951
10215
2951
2735
3237
11448
3097
3352
15087
8773
10344
6595
2225
7840
11825
11239
16308
4643
15801
2107
13749
9118
10280
13888
17385
9918
15112
6350
16541
13538
14860
2168
12931
16600
1655
9055
3658
12284
10063
14625
661
10200
14125
17521
14478
17031
4833
18791
700
12210
11140
14910
9869
18295
11566
12645
16654
291
17455
2482
6378
7868
3370
9261
6968
8104
9830
2652
8005
15041
946
9094
19153
18104
3492
2931
16916
5369
14116
2512
10486
31
1968
12119
2027
5467
4486
18764
3160
12450
11780
10407
8177
1457
2990
9038
6249
3428
9857
4984
9846
4483
1503
9474
17976
10265
457
18683
16020
5460
19006
13058
18453
13602
9991
600
9985
7657
16279
14831
5234
4222
12389
11243
18495
10771
8487
6601
4310
15820
18631
17963
16637
1581
12343
3910
1876
5758
12620
754
18127
13012
15474
4043
6317
9633
8522
7577
6111
9712
3202
6428
5885
11689
7920
11396
13626
12924
16403
2772
4546
13685
8827
10452
13927
15424
3234
2346
6405
7806
9556
4815
17717
5853
7907
220
2499
7431
19123
12126
9873
1928
399
12854
10744
827
12846
3673
12974
766
811
1009
11459
10980
5064
13625
13152
4267
17080
18003
12452
15906
12285
10177
10287
9742
17869
12315
9335
8926
7848
7728
15608
9831
841
9663
10672
13346
8308
12624
11205
914
1154
18607
15723
3750
12693
15144
9057
2326
5717
11675
9562
9015
6099
3006
3401
16763
18817
690
14095
14086
16707
10942
444
18064
3734
1449
9437
6965
8821
7267
1308
3954
5756
1591
12776
8805
11249
7908
9534
1346
17885
15973
466
5035
14569
18714
6117
19109
6121
8826
11102
316
17177
5108
8524
14310
15094
14800
13938
5760
19154
11498
2798
12932
3435
15592
13508
5838
18009
639
9758
17873
14362
7477
5703
7439
15988
15626
12551
16872
15156
11952
14160
12203
4199
14375
13341
14976
14783
9228
19241
2720
5376
16964
16920
5977
17021
9429
3591
19143
2691
6549
4163
11395
2893
4519
9044
1661
8426
4878
1833
16503
8972
14714
5091
17591
8435
19328
5578
5493
16018
16331
807
15327
16683
15494
13358
8956
336
5469
4375
73
16614
13033
18599
9150
8078
6500
15714
3257
3957
12001
14953
6564
18132
7243
3424
15803
4044
18279
12028
2985
11233
1781
15016
13866
13350
14822
8122
4030
11109
559
7969
17547
10504
16072
13199
15540
17614
18153
15937
7376
14430
5563
5856
13104
2860
5643
12684
12147
4273
4211
16087
17445
12225
1574
14273
6462
7779
16052
5920
18689
10985
15844
16181
11060
1578
7774
7067
16419
9126
13387
17436
12400
15114
8714
4594
7745
10384
11235
15778
318
2853
13389
12533
18376
3941
14336
12691
18488
1183
2401
8915
3823
11318
3349
16868
18975
532
8994
7677
5893
19340
18942
13087
7249
13300
11676
18013
18738
15418
6134
15008
2079
8154
15223
11336
3795
12449
6132
1118
2411
15122
13567
16024
9275
4504
13954
14797
14966
11719
2683
384
14700
6274
10472
9946
4380
1460
19197
15099
2308
1103
13169
11481
10777
11598
19060
4293
868
1022
9373
17486
1269
15800
3189
13483
4112
6000
9876
13918
3726
13419
3523
2698
17070
8864
6915
16832
2647
16174
1384
19229
14454
11
12800
16776
7190
10625
17523
18082
953
15668
11194
5612
9066
5555
12324
16429
7626
6693
9552
12243
3048
7168
15024
10895
6319
6827
16262
12008
6081
14063
17289
11614
8351
13756
15707
12648
18184
15869
6136
15030
5845
12521
7884
18316
10941
3420
7828
7132
4565
9232
18911
6833
7119
12348
5706
1070
13407
2456
12910
10596
3439
18175
4449
2515
9979
8719
6714
18349
17585
16278
10641
17060
18061
10429
8144
5203
15170
16283
5731
3462
13939
9586
12498
14083
18635
4028
13986
11346
5614
9304
8416
14656
7403
17549
18164
431
11029
15012
14519
13466
487
17606
619
11580
12486
1987
11594
11211
14729
5591
14446
13798
4165
2287
18105
9626
14756
1014
16388
3973
4753
12909
1092
7404
4925
15460
10547
16117
3544
3582
1476
2302
15381
13880
11028
8612
14689
9497
7079
7743
12788
17730
16019
10631
4727
9958
4742
15580
1779
13714
3281
3073
17014
14173
13084
9112
13224
18282
11803
13235
10979
1634
7576
12396
19284
7608
589
17782
12014
15491
9959
17513
12393
10514
7682
12514
10485
4930
2144
8049
2182
4935
14742
876
17903
6294
1848
1813
3588
17639
5031
5822
8229
12148
13901
3856
11807
8615
11361
9009
17224
7590
13571
8746
10653
14251
1892
9524
8737
17890
10954
15972
15405
17962
12314
16518
14723
11522
3660
8217
7023
19008
18387
10077
14198
11824
15977
12949
7335
3687
18845
212
6284
2750
10453
16743
16749
19396
6281
533
5793
2279
10933
6190
18272
17303
10982
5017
18966
15467
17516
8421
1673
14034
18240
12679
4949
14216
7552
151
15483
14381
1597
3581
2096
8121
17308
17921
11477
9790
15697
3359
19236
16021
15138
9911
9572
11439
13322
482
17139
9964
15022
4354
3683
7611
1731
8871
12312
11335
15787
18713
6572
9777
13309
16859
2303
7990
17476
17988
11142
7711
10862
1785
19157
18956
1662
8691
17964
14059
1860
6166
14935
1878
16080
17443
315
13302
10737
567
11120
4333
3759
7092
4472
1701
4232
3724
11175
3888
12651
16125
16585
2380
232
17511
15224
4452
16953
16692
7676
3430
8224
9163
19250
12694
17856
3968
10710
106
16911
2574
7271
10187
1528
8268
10863
16147
2419
2459
526
4818
12865
3283
9971
11392
13747
7923
11223
14510
19251
2294
10657
9651
10147
13745
17403
1555
17285
12165
1738
10511
5246
11033
12683
6819
15643
14980
16698
12108
15213
6435
2481
17058
9482
11195
19409
13859
2070
13351
11313
10754
7433
1772
7233
8258
4296
16969
5710
11502
17790
16880
18640
13185
8698
11939
10873
13877
18157
16665
789
2608
4797
238
382
17193
3615
2835
10885
17176
959
2184
11321
9693
630
17993
16517
10278
2271
2927
16104
8613
8616
16893
18355
16076
14118
9703
6643
13284
4962
928
9214
12831
10129
615
2247
3226
2809
15751
9717
17518
5564
9754
11138
7571
9673
8165
5681
1663
2546
3952
1044
4073
4966
13295
16010
1490
409
18949
1951
2954
14987
10922
10934
19181
15860
13947
5664
11167
1650
8950
18596
15821
2543
8030
15974
1938
11070
4303
4496
17773
15335
1784
8854
18365
4089
804
10038
9268
8516
3805
15395
11809
11270
693
2666
2086
863
12236
14457
17876
14550
17589
6865
7799
8575
13464
7609
3487
18961
6459
19276
17000
11507
7301
8378
14608
10819
6905
12289
1263
14683
11242
3458
13031
19148
14851
3905
9137
16252
17700
8342
15584
12550
10520
9994
5986
473
10955
5557
14040
6175
13259
12562
13078
3340
12739
2821
6162
8841
175
16914
7693
3972
18736
4591
2973
4200
11389
8240
4888
12061
17892
7962
13125
12180
140
8838
9836
13847
16351
17140
17502
10043
12316
12239
14605
10026
11458
17150
18380
17072
1949
7857
16559
206
2706
15889
4880
1413
8948
7338
18426
5262
13279
13820
15663
6445
1311
1300
14566
5691
10825
1934
12034
6509
17645
6537
9577
16773
2924
9853
14379
495
3995
1814
12046
8675
14735
15372
16391
1644
15133
15462
122
13804
54
12703
18473
5113
2406
2356
1207
11924
7964
16945
14964
14810
14563
4026
18275
17527
3470
19046
16209
15120
14087
627
12918
15337
12893
8048
18952
11537
18346
17734
1248
14328
1502
17872
13910
6770
16978
5391
10635
4814
5358
4995
8982
851
1984
6979
2531
12125
2316
18648
17215
1128
12607
15759
18367
2386
5836
15321
6287
16332
14047
16488
11823
1462
18581
18366
9691
17096
9345
10482
7592
17678
4610
17292
19406
15385
864
11808
12082
12473
12231
2817
10914
13701
12522
18412
15226
8595
14523
7133
15085
11979
17478
18026
5327
10828
8198
2519
11508
10404
16560
5094
10106
10909
10691
17485
9069
4332
1398
5903
4274
16824
6036
5022
16229
11665
6939
7941
10000
2008
4264
18334
6055
4854
13324
9190
947
379
16943
16572
4507
14305
9973
12944
595
14237
12429
8798
2792
16778
2220
18402
13067
4349
14088
14191
18368
1753
3333
7526
18833
1122
7455
14245
2451
4080
17203
13408
4664
5667
4213
13908
3920
16680
2453
9828
7725
13565
13879
13559
13481
12626
16037
17953
4408
9240
6562
3675
8673
14422
7304
6641
5294
5880
11878
6991
18898
6226
3617
9201
5624
17926
9283
15329
7957
15390
12219
1767
8400
15618
5230
18770
16392
16889
4252
12319
11355
11867
19415
12266
4482
14636
14054
16158
1185
12736
16439
16100
17049
17317
8317
5725
19188
17262
12456
11413
15304
3771
10711
10247
17679
15489
2663
17729
13808
9892
8289
18763
4874
12479
4430
14806
7005
18447
121
7462
7441
13357
3134
8357
5565
7562
12018
90
16985
9686
9684
13029
11461
9709
6682
13928
380
29
9280
3748
12782
5957
403
15591
10759
4497
348
5063
8874
8929
7556
4491
17841
7270
2629
11408
13524
18638
13690
8664
9122
18497
12653
15387
6704
15879
338
4372
16242
12094
15551
4183
13750
145
51
11520
16081
13418
14084
14389
11943
7805
12912
6201
5974
15965
15717
4557
6617
3398
10576
12732
334
3893
5829
15480
58
8816
1130
1854
6527
12805
498
8631
10191
16029
1747
6869
16790
197
18038
3804
612
465
3855
16375
1313
16176
11606
2885
4798
39
11993
16198
2056
16848
922
19139
664
17564
10600
12614
10281
16817
3133
18158
18811
19004
10993
9912
18199
17981
7844
7721
4889
4728
8143
8473
18929
17680
2731
9788
4316
19282
17696
16484
6542
3917
16311
7679
16805
12758
1326
7104
16227
16294
19385
541
10012
9298
8604
3873
17003
17755
1156
9963
12420
14682
1714
17097
2759
14471
15968
2578
8652
8247
11764
11775
2711
2087
18501
11076
18728
1173
15104
12926
5837
9253
18302
9262
11879
8601
15596
6115
10627
11394
11690
16091
5454
18041
16819
13982
10089
2489
2756
7898
11044
7312
4857
3377
17201
17578
12220
16720
185
5010
18265
12130
18926
4912
18574
3784
9111
3381
9945
16687
3468
7747
15324
12968
422
7573
5574
8775
13853
3835
18610
17733
12385
10974
19010
9272
16826
6834
5368
1566
8711
18556
16864
1817
10035
2828
1242
6354
8388
15241
15111
14516
2212
10246
2525
12116
16280
6484
4666
19435
8783
13541
10051
3803
3219
13153
40
1686
16606
5801
18890
6846
14066
19116
19331
5458
15194
17778
3159
1887
6806
2189
12357
2586
17969
15056
2995
2005
110
15448
6305
19314
5421
10751
8330
16043
16520
4623
1990
6232
2718
8661
2825
3528
16074
4580
16201
12588
7345
18327
10308
3451
15834
2942
18781
7317
2324
13208
10225
18905
279
13182
9722
8789
17610
1466
7201
11016
4474
6742
14311
14539
4680
15463
967
4790
12621
2907
13837
6367
12123
3678
9340
18430
18215
12584
15082
12948
15435
3514
4001
3244
10424
16890
5495
3173
7606
17433
14051
11641
11571
11317
17934
1702
17023
4462
932
15098
11062
10508
846
4954
13573
2646
15831
13960
16828
18520
8755
15101
11723
19129
18814
18441
1341
2049
19131
11647
1905
10949
8753
7742
16645
14940
5865
13696
9174
7165
187
2542
4717
5396
7961
1297
16015
2497
1618
7732
9610
12610
15048
9347
9962
4467
7255
4279
1119
16987
9414
11811
689
14056
18078
8332
14627
14279
12460
324
6776
16990
641
12386
9479
15004
9496
321
3204
14951
16017
223
7956
11030
4086
8597
3745
2422
16376
1703
5967
13856
7944
6139
4540
18673
6820
18684
16417
4533
12253
18838
17076
18317
9331
1994
8704
6220
10575
13852
9322
10613
1191
9167
12558
3174
16812
9535
19379
941
2530
6888
16634
748
10702
6755
16459
2218
8394
13642
10996
8725
1693
12802
8256
4240
7892
7817
4586
10410
9277
17116
17013
484
15177
4978
9588
19085
13095
13629
16762
18220
5991
3447
13220
10103
8539
6903
3650
15506
12493
17356
14234
402
12636
8606
9043
694
19028
6812
5999
7659
15783
2095
9798
16735
5373
1436
120
17960
14254
860
8338
17132
18788
1754
993
16982
3438
13330
1150
16448
17050
8635
6718
8670
10791
19365
16465
16289
19030
10677
5431
513
4800
7633
14440
8015
500
8302
3918
3256
15658
14385
16497
8485
12121
3481
7869
12411
11680
16223
2094
9197
6782
11308
18250
11041
3937
6112
4045
13059
1079
9007
14623
2921
6620
4526
2403
17170
11435
6706
6933
11732
15900
17918
1482
14367
16523
10230
7482
711
8751
10251
7422
9030
15479
9263
11499
7118
5919
10134
2330
6024
18254
12380
9186
8860
16512
14968
1660
10713
13205
11787
14902
8906
1025
5474
5711
4466
9413
3086
5642
17304
13150
18224
2561
6893
15666
13817
14751
4215
14602
13569
17082
2250
15531
12517
12970
17169
13228
17441
9355
8130
8045
18950
17263
1903
9291
13005
12735
7447
704
592
18864
9062
15755
535
17617
14771
6461
17469
8865
13554
16070
15828
14164
18519
7010
13392
12382
5267
11057
9311
18917
4327
1024
2664
2136
1790
16717
3017
17750
3640
1855
14796
13496
8734
13809
16981
126
18944
5743
9983
8683
17498
10341
2226
17279
13518
5908
5416
15454
13681
123
12226
14431
16044
13898
227
10583
11428
11581
3928
9841
9906
8358
19429
11542
578
6930
162
13105
7647
5197
8936
3796
6181
4304
2744
15211
8741
8793
13183
18002
9512
10506
14190
16658
13844
15816
16691
13310
4100
16661
943
8551
17053
8825
7061
4732
8372
1221
11136
4740
18458
18800
4476
19334
4292
13131
18222
2454
15862
19368
7330
184
419
9426
8835
5293
18874
5048
16348
9475
6271
119
9499
2409
3681
8740
1688
3518
18325
16980
6867
5114
18531
9314
3853
2014
5
10881
16667
219
19023
16191
1061
16590
3322
16536
4495
13670
10144
9477
10969
3265
12973
1033
2338
13683
10132
10899
11962
12690
17386
9307
5562
9543
7918
9773
6687
11908
17691
17179
14450
17363
2547
1265
18598
16083
2122
9034
452
6087
8271
3376
15636
7459
17467
17106
15786
2939
15010
18242
8723
14257
17772
6517
6859
16831
6654
2183
9406
8304
18070
4246
11163
193
18229
373
3423
3628
7640
15543
19378
15370
16424
11561
8745
12068
1447
3010
15330
15039
8806
19427
16291
10440
10252
10669
7368
4314
12135
10463
18586
2280
17473
11096
18875
1426
4257
792
12982
12505
3781
19191
4946
13391
12907
12280
14818
8792
6988
19307
16401
18214
9886
1322
6015
2659
14757
17541
18733
528
9451
15232
3165
16546
4642
9920
13218
8060
3592
16258
10900
4682
9078
10855
17073
13149
16446
2210
12310
1335
14667
18021
3858
933
3862
16499
11519
15785
6635
2099
15782
15291
1529
11115
13671
17530
12724
7046
1820
12115
8024
9525
5125
13600
8621
10355
7584
3867
4381
11089
17182
10675
12891
10594
12447
10019
9731
1749
2630
14975
506
14207
12601
18059
14922
1104
269
5192
12983
18277
9932
5098
5187
9720
8574
16730
14317
1765
6952
18068
4603
16741
4620
15517
5422
6841
12659
13793
11909
12345
16567
3986
756
1842
1944
9368
15493
12565
3066
19225
19214
17078
2191
16206
10277
16466
5117
5809
622
2675
13997
4772
8504
18575
2291
8780
8665
14978
14559
16814
12036
15176
16677
18468
16256
12141
18042
9492
8337
8156
15933
14571
3417
5868
14634
13016
14859
1358
1516
4461
6764
1510
1811
6419
17357
9364
4720
2431
5097
7405
9447
18721
2956
6413
337
12718
8957
6898
5119
12013
2081
11086
16758
12726
13413
16164
17091
7983
2895
13252
16408
4318
4434
11013
352
9522
3318
992
8137
10127
508
6931
7863
6298
104
12822
446
9024
7708
27
12940
11991
1910
9375
11968
12440
16947
12633
11264
18463
15343
18198
14282
610
10345
7034
12981
12994
6463
13560
3765
9287
18351
14688
10580
1368
18687
12142
8054
2436
10491
4638
16048
8943
333
15702
2427
5787
17629
5740
5058
10665
322
15036
11406
17133
6474
14639
8241
8412
13640
12020
6388
3072
13045
6947
17828
15955
6753
11527
1069
11601
135
8275
16086
11938
16475
10762
9939
9108
18168
16885
9377
6464
8567
249
1054
4980
18663
18567
18718
8255
15139
2705
995
1915
6962
2263
17454
16366
9130
1914
15749
13970
12777
16527
10570
15696
11923
14809
14418
16075
813
19234
4612
8369
8656
5238
17335
14218
3967
18128
13473
6241
15691
16540
3589
14347
8914
8804
15645
14380
9299
5412
9952
9160
15354
18260
15863
14681
10435
2572
12945
11056
13122
5103
16299
13190
848
8327
14946
16197
11251
15246
5654
9934
8401
13612
12197
8951
11898
16874
3026
8031
10444
6894
19216
18298
8700
10896
13119
17463
18091
11810
7094
14613
4448
12190
4052
6807
8249
2312
18557
17333
8234
1485
4592
2275
15488
5144
11001
17825
2981
7881
4139
16742
11646
16710
10389
8501
3740
17506
1652
14018
15522
8431
15746
15017
13668
4138
8126
4403
15560
16233
8008
646
14114
7542
2632
16906
16907
11073
3654
18711
13816
13760
6565
8450
7554
6786
9947
6023
253
5466
4263
17601
2811
4982
19124
2151
1923
13673
3191
168
4747
17759
8295
18889
19398
13069
4777
13949
9093
11733
10868
8582
14174
2539
241
7047
652
2433
5449
13286
14134
14696
11019
12889
4090
13752
15852
4009
12437
15423
10054
15297
3494
285
11849
15946
8202
3138
10796
4651
12457
4624
17791
18475
6045
1527
11928
4686
16632
11948
289
14678
7581
4360
14373
17499
16833
12470
10113
594
13354
6990
15269
3689
16639
13945
8991
10704
3596
17760
15999
179
2787
14659
12112
13617
7994
8076
12510
3602
6363
10958
14232
1497
5561
16185
5056
16871
1783
12136
15197
12390
11862
64
18990
4191
15379
2438
10798
5802
1165
17928
17905
4911
18508
4886
1204
8641
16115
16447
18015
7217
12771
16708
9814
15023
8791
8232
12162
6157
2165
4598
18548
14382
7413
12204
14712
673
15612
12182
1409
2319
6959
9789
9881
10055
19195
18710
8387
4811
16155
12083
10644
13250
12545
4136
12370
3199
3881
5582
10525
13197
8220
18668
11174
6765
13193
16724
9454
18825
10990
2651
15409
15817
4155
17253
3197
6597
18087
3895
1443
3042
3854
2535
4254
16127
479
9416
12952
16946
15345
12307
12260
16813
1550
2299
16672
317
617
5873
14616
16686
1620
11523
1553
17925
8491
9444
2598
525
10605
7347
1433
18594
14486
12074
5732
12843
8862
10747
2600
15916
9343
14504
3044
19413
14844
10559
13510
18564
8986
4265
2233
674
17125
1988
18311
8748
3739
12649
165
4792
18406
18739
10668
5243
12311
4229
10256
11741
13790
6128
1962
14410
17998
15611
8152
2803
5669
11007
10971
2115
10153
8769
14643
13313
12075
1546
13430
4366
17041
19283
301
3132
9823
9032
6684
1039
10731
5602
6300
15568
3576
11112
17286
14907
17914
15597
5625
4705
13811
15399
4933
5861
1844
14538
3363
4631
15125
7458
436
4622
9877
7726
127
17407
18943
10253
17345
13564
13826
10709
13585
10016
18625
12151
14242
19155
3453
17088
16968
18294
19430
4863
11714
272
4014
17775
15815
10150
13694
16136
11599
258
662
16664
2974
10953
1881
16066
45
17043
7457
12790
6237
13895
7141
13315
6986
12842
6555
8642
12063
18211
4421
8445
12841
7816
18712
17745
14287
16421
529
989
15434
12244
13700
3863
11457
3688
3274
5060
743
8611
6489
2038
11737
17300
2527
18194
8038
15046
17718
7031
15884
19016
10169
6433
8514
8586
1757
8824
9363
19238
16760
9687
6441
5626
10087
12719
2458
17237
974
12009
4178
2788
4887
16431
10865
16815
17694
9098
3264
8396
13771
18177
3907
13868
777
3593
19048
7512
19235
13004
9520
7691
7383
5953
3713
13263
6217
11568
11992
17765
5827
5878
3261
12869
7986
7435
13993
6703
12905
16926
5310
11661
15651
9668
9907
7642
17282
14393
11332
9928
6762
7274
17395
16918
6983
6878
50
13222
15537
6575
11165
11528
1514
11600
2404
17052
847
3536
15771
18217
18336
14896
13838
18223
10115
18208
15398
12084
9768
7100
370
7087
8543
14073
6306
8712
12403
5800
8881
5364
194
280
516
4905
19370
9551
1096
17006
5891
14540
11048
17236
7718
3324
16143
13759
16000
3164
7478
17095
8088
11421
12341
18506
143
171
16225
3813
11976
5722
1
10734
6788
6192
10606
8608
10178
13857
16816
13438
5258
6609
14147
10396
17244
4330
8185
9144
11989
2831
10543
1520
560
17563
18658
13513
728
2837
13906
3764
1898
13099
14686
3993
11474
18093
18782
16178
3598
15979
2510
5445
11884
15667
16992
14329
12674
19080
13851
11328
17348
6255
666
13398
2615
156
3040
9744
11450
3442
2752
2725
10476
687
1927
2673
17409
12352
15164
10892
10403
9682
17432
16818
17375
12803
10025
5682
5518
10756
2199
713
8093
7384
12597
17168
2605
13977
5082
15383
19183
18772
3556
5673
8669
16681
7355
11670
16962
8090
18674
17798
13371
13786
13381
6694
4231
5813
5742
17566
6606
8267
4484
4514
14023
9816
2658
17510
10467
17819
14200
17045
15822
1556
14642
6521
2957
11784
4206
16537
11729
6752
112
19252
6625
3733
1530
14758
13672
2204
17671
14300
2198
5273
18871
12100
17537
1523
14004
8815
18847
16738
1647
9065
10537
15912
19433
945
10925
5738
2284
7129
4719
17695
11620
10919
12251
7216
9662
15570
4804
18523
9716
6880
1958
746
2784
5926
9476
7510
8901
18545
6513
17802
14308
2369
8443
17968
1708
4149
18528
9634
18527
15067
5326
12323
426
93
11338
12056
15851
9981
7599
9840
8139
6011
17728
6321
12747
3868
4611
17568
3801
7214
3590
16410
17004
3112
12398
13659
11199
17079
4544
14294
2350
1148
8027
19027
2699
7849
16400
164
6286
218
11731
13742
15438
13579
3486
13953
14495
1302
17151
13000
7528
7025
18803
16642
15362
9239
8464
5864
5820
10292
6923
13056
18304
12612
1638
6858
18307
4475
9571
16260
16941
17256
15569
1224
18377
17360
10851
2746
5811
11622
10022
2800
9689
6063
16884
5289
9336
6133
14482
12355
9579
10769
4248
19405
3282
14476
7753
8720
8605
2678
309
6396
17842
10270
12453
11285
418
18340
13073
7056
6505
2810
3090
644
3205
13425
14588
16553
15361
12527
18769
18930
12139
14947
12273
13462
4329
7432
15848
1807
12093
12524
6652
4353
948
18046
17631
13532
798
14101
13189
13333
19203
335
13002
18900
2696
18730
16272
14999
19029
12913
17313
4499
16997
5728
10227
14074
18948
17851
19377
15655
3369
9448
12821
764
4370
15606
18123
2979
14811
5270
9741
13436
6692
14996
8449
17625
5526
13812
14716
18920
14359
12698
14221
15038
7196
656
14743
13989
18448
13023
5804
19273
9063
1562
2061
19247
6183
13886
10096
6676
9557
3955
4762
2415
14916
12827
850
15062
10484
7783
113
4975
16501
12997
18709
9761
13179
9941
428
734
6466
7357
15953
9669
497
7120
12642
14620
12388
14156
17894
17186
4589
18530
14676
12127
19088
7144
114
17779
12342
7770
8395
1338
3182
10867
14499
9792
17109
842
5971
6432
9844
17240
8498
1067
6539
15172
4866
14836
17264
16444
8063
8407
7815
16897
19305
463
18266
5965
13597
4253
8345
2878
2471
2170
13941
779
14529
7838
9992
14236
15375
6715
13242
8715
15644
7974
4374
15141
14404
13180
4464
13599
11375
16433
13723
8663
16411
2783
17995
12845
8007
3354
8630
7210
2830
6456
13192
3298
11418
1028
19165
18802
15366
13872
17189
11555
3553
5492
5964
8754
8371
13610
1186
4759
15210
11420
7585
15377
5251
16539
16909
17907
727
17429
6494
11368
1199
18053
18007
12427
5174
1700
16264
4016
13409
16003
9058
10884
18172
1379
17126
10084
12117
8321
10372
2472
14133
9415
8823
5435
16423
7967
7182
3885
679
17135
8480
18274
16736
10011
16396
14862
12255
15411
6301
4498
1080
15516
12890
5105
5191
16226
7020
9504
13010
17166
9576
4523
13766
13555
7904
19032
4831
12709
9832
16063
1797
10056
10176
799
4020
16850
6522
5217
1161
7766
13676
460
17933
16324
13111
4650
8432
6312
14020
8695
9179
14014
7074
11047
3908
2430
5086
2242
15678
314
16094
4355
9236
4816
3861
15264
10037
5851
5724
2297
12581
16473
10385
10621
9102
326
1210
13353
8434
3037
1160
17319
8447
2983
3932
18185
6570
19175
13592
8940
6177
10255
17594
14384
15752
18333
13735
18408
8568
3058
5109
17556
5278
14614
2656
7027
10615
15806
9677
11024
829
8167
14528
15541
2173
273
11446
13147
77
7519
11366
7850
14780
11693
9052
13709
14436
8428
16764
5479
17489
4748
9430
6364
6498
15944
10913
950
16425
534
17725
7600
2236
4171
9872
18537
11704
16354
12422
13248
14697
15484
5254
5704
13210
18849
8960
16124
6811
18136
8053
3877
14765
16406
9423
5700
4181
15346
7098
12838
6548
3904
14848
5028
4276
3710
15009
9172
555
1770
10029
6170
6633
7617
10706
606
11539
14395
2000
17301
13874
5090
14453
546
9617
12198
13223
18329
8888
18717
19156
17816
7674
739
10647
9442
3031
13137
3069
3747
8681
12356
15847
2592
19011
3964
13261
9254
14330
16373
2901
11248
14926
18697
2117
4307
14397
9898
10774
13913
8411
8889
16245
13181
3799
9756
13815
14798
8320
5946
6853
12433
10436
8894
11159
13024
8161
18622
10608
4952
556
18230
18442
17843
13777
17212
329
6206
6828
16116
5548
11401
649
2437
16673
1293
1136
19358
3729
7638
4234
9464
7187
12274
17970
1047
2329
11658
18257
9040
18915
5037
16586
10107
11596
5488
3775
17221
17829
15564
16942
12759
14016
17542
8963
15171
14407
7220
2504
3404
12213
856
12663
12540
17148
14012
3779
12706
1592
189
4389
2700
4851
9427
18330
8696
14731
17349
16566
13740
2642
16298
10419
11570
11429
15607
9316
186
19389
2339
11643
15622
19249
15788
18511
7859
16491
2906
14271
5194
19391
13833
10944
11353
10618
13406
331
5635
3395
2774
7093
14295
8971
14297
2311
16854
5208
16845
16963
15501
11905
4047
13890
8556
2072
16498
16110
9642
16418
4558
3075
7313
3697
6486
8283
8743
1114
13331
1545
3240
15037
16339
7116
15602
18720
9698
3947
7320
5145
7639
1512
8127
13329
6680
5444
15152
5440
18195
11595
6550
17596
10061
15323
13578
18083
11726
1328
18504
2295
11842
5016
4615
10522
11802
15078
13114
12810
11282
210
7858
455
16011
1149
7506
6605
12043
17708
7173
5575
6954
18962
14845
975
17315
13968
6795
3491
13347
19347
12337
16797
14576
9850
10471
13655
13881
12237
6390
11585
2674
8884
2159
4677
4670
13458
10197
6790
9096
5606
14805
6211
13796
13334
8280
18672
6882
19210
10159
10110
10400
5134
4929
6739
7107
5628
5520
16610
12047
11466
3530
12021
15131
6866
10912
16422
6511
5366
6744
3272
696
8386
9338
243
6431
13382
17192
11269
11210
14669
11262
12232
12697
9923
17290
18551
12572
15456
5768
624
12173
19166
7518
4326
9550
17748
8727
12230
5026
1215
8909
16095
5998
2321
3263
10561
7040
13930
7227
14875
9506
5805
12328
12293
12407
12959
9394
16180
18692
14944
12271
18627
2435
9733
14316
10009
4256
332
10528
2933
19152
502
14461
16009
15271
16386
4463
11738
6614
19213
14693
17932
11953
13254
12708
14950
9546
14452
6069
4218
14662
10661
10416
10340
7771
527
11916
7193
15013
13929
13296
4067
4159
4113
5537
16704
8019
6751
9961
414
5799
16580
14795
16748
737
18589
15546
18789
3567
12741
12957
12619
6879
5933
4527
3060
17603
14715
1666
7589
13677
7945
18628
4938
15261
19291
15827
13775
18500
13860
19112
8145
11237
17648
12444
10577
12950
3248
8955
18568
13384
11426
3179
6343
11052
14858
14808
4503
2888
11911
3834
1940
17958
6545
17800
15091
14931
4647
15565
15680
41
8552
17326
5085
18285
2332
11189
16462
3373
3560
4779
87
5130
12976
11688
8923
4693
2619
8157
13352
1815
15927
5338
2475
5904
13422
18987
3149
18979
6223
4780
6026
17480
18261
10549
10001
17957
5308
4024
1846
17538
13174
18686
12426
2999
16881
17196
17158
17227
4032
7926
12066
4956
17183
7353
3474
18271
103
16620
19182
5202
10045
6907
2098
13245
11005
8935
2494
10380
9233
4105
18884
2595
14062
6074
17099
15809
16042
8452
15866
7369
14561
9173
3872
4188
18039
15449
7290
6182
15185
16618
12915
9434
2980
16118
15117
4771
12658
1805
5623
5394
15835
12308
11735
1712
14773
6097
4629
15158
6460
19130
8576
12530
11358
14852
9900
1444
17723
13805
18025
19327
9035
15103
3976
11611
1030
17147
8970
5757
16690
16168
1220
8084
6778
8973
2147
13478
18699
6887
18855
19231
1344
15298
14046
2045
7703
520
19204
11151
19312
16746
14010
11957
12339
915
8992
2657
12413
8924
12815
10069
9004
14555
16863
14721
14015
808
2292
13586
18429
1068
18498
6150
12587
7631
17235
11449
2146
277
3345
7916
5645
6293
10861
195
6160
10869
6154
298
16582
15854
18696
6003
2331
3167
5150
8023
12425
4436
5736
18796
5797
15369
3870
4828
16588
1216
15514
14817
5143
8593
12019
17991
18994
906
14113
18993
10503
5389
3019
4187
16220
10904
2918
22
12069
5328
552
10446
4918
5041
3791
14779
1627
16886
19386
8235
17329
11425
11014
66
6999
10137
15496
12695
2051
17857
17937
9223
9797
18273
2749
14914
15638
12238
16793
147
18421
17924
11486
11141
12953
15804
3705
16792
2132
18146
3254
4281
6618
14150
530
14098
7246
7485
17464
18935
18280
10784
18047
18315
803
18958
10079
805
8339
18569
3278
19323
17677
19113
6558
12268
7641
6891
16999
3785
6772
12006
17048
1060
18650
8398
2549
6155
16674
6066
9356
3549
8147
10817
15945
6009
2357
3146
2186
18850
14888
8390
9381
9574
5299
14535
11116
14983
12866
307
15315
11933
8581
14117
572
1966
16609
11265
15458
7607
17275
17382
13703
16249
18115
5923
4761
13633
10645
7856
12901
8191
11454
14668
15128
6971
6291
3703
10766
9199
7336
10735
845
1453
3695
2167
9472
221
1839
7254
4668
14076
244
9128
9400
12097
9888
1182
5472
9690
15287
15157
15699
7839
902
4418
15083
4755
3168
7861
15830
6043
17793
1320
17520
8590
2248
13813
6075
3638
12934
1468
10450
3988
8693
12132
951
17600
16532
10379
9071
17396
11515
18547
4357
8056
12002
4881
605
13340
5151
1272
15443
15075
15105
14235
13234
2156
15384
12664
16998
19094
7705
18719
18008
7804
5545
19245
9734
7669
9149
8870
11917
16944
129
6963
16709
3755
3777
10976
2416
7049
14834
5785
9488
3025
6836
4947
8290
1158
12995
3850
9810
7171
10229
9509
11349
159
13863
3475
16325
10542
16236
14814
18505
9446
3372
10659
5716
13590
10806
3903
14754
16603
18746
13211
3701
5088
15295
15566
16307
12980
3671
53
16538
11944
6398
4013
2222
1113
16837
7095
3579
1237
7372
17323
3483
14003
9483
14037
13477
1056
7624
4864
11006
7700
18375
3561
5542
17136
13855
8937
18863
6158
18777
8274
13416
15216
12354
13637
3232
2344
17165
18666
12876
18181
17131
226
18532
13044
2343
18390
4146
12423
4042
17180
5481
9175
11990
2856
15206
6774
15416
4142
15962
8490
7106
10628
4361
19311
18877
15634
7420
8068
13370
8245
7407
12555
13394
7987
15453
10905
7781
5560
8286
11065
2877
4501
12801
2488
1275
18360
12823
4849
14685
8885
14611
1933
3296
17973
13486
17835
16474
12650
2834
12753
2495
7360
1383
5777
12259
15376
1518
2585
13356
18894
4290
5881
12817
6756
7204
3630
17401
17673
16770
8830
13931
15670
7170
2278
1745
11877
14261
11674
3816
5609
17029
18040
3306
447
15578
12451
18846
2892
16544
10770
2564
18831
12489
16327
16957
15938
1889
1636
8842
16479
18221
2937
1676
11225
11797
18751
15086
4862
15464
12022
7738
10184
11986
12016
2133
9020
15554
1952
12687
10109
5888
11407
19014
14633
6683
18353
2934
100
12054
19353
10224
19256
4588
18137
19381
10216
6205
8771
14905
3290
19343
5938
18232
7501
4006
3313
609
13561
18490
7167
19237
861
7988
17689
11359
18
12418
11541
14286
13926
12502
13163
10067
19286
5288
18681
8117
10519
835
7887
15296
1373
3680
9676
12499
12331
10003
1360
15414
15619
8061
9361
3103
1858
10612
16970
19187
3222
10477
17977
79
15245
2249
19061
2325
10151
2103
18685
5529
730
1359
228
5666
15532
10742
5925
14833
5003
9667
16788
12076
15923
1295
7973
7048
15040
17738
12414
11666
7257
13386
15850
8257
8463
9829
12916
12030
16246
13453
4419
14417
12060
3512
5074
19308
19132
16712
4097
1074
15758
5862
6733
13537
7991
4041
14255
12128
11540
9339
12362
14675
16751
6266
12207
14554
15791
17788
5301
4678
10930
3331
251
17028
9207
15347
6394
17342
18414
3891
5392
15169
11011
13148
3151
616
266
823
10995
15394
5418
13969
14406
17159
4823
2953
18045
17735
6490
16731
3700
18776
15047
15113
8424
3247
14366
16285
10516
19394
11977
15756
4106
17722
2402
11562
13274
14400
9740
16961
15380
4711
15259
11684
10088
12381
5312
13737
18314
19127
13332
15662
11259
701
16101
6308
8855
10201
13991
359
395
6911
7333
17949
9135
9884
10076
8356
12482
7062
15026
4915
11543
8263
903
13902
19443
14647
11582
6612
9659
4015
15470
10248
5340
7872
19419
1791
4625
5590
8833
11268
4432
8927
1245
4379
17012
8603
16703
18247
9516
17327
9056
2142
12412
7713
4825
9597
9259
2736
15631
18180
1294
13463
2193
9623
18773
15672
830
276
5839
12920
2791
11858
1664
10437
1065
2253
9178
12895
2613
8654
6337
15587
1651
15528
986
18499
7557
18612
12675
16188
13674
5176
19207
16068
10688
15838
18267
5426
7975
13151
17351
7791
7709
585
12080
7877
19416
16636
15129
18018
18880
14542
8012
17103
8867
11162
8853
1063
10764
10920
11511
10328
3181
12353
688
15161
19268
12358
1162
17992
17860
5670
1385
7419
9739
11137
1877
9117
4172
4834
6622
17784
3537
686
8006
5032
5867
4143
7737
13842
17204
1268
17440
16381
17874
6955
11326
3790
16297
7565
13682
11298
8694
8265
10535
14211
17035
5084
4308
5012
2797
14414
13405
2769
44
14355
401
13301
11590
14197
4084
13720
2075
9330
17084
4005
9615
14956
13974
6628
14161
10730
17269
4489
19351
1632
1547
11765
10758
16350
1107
11038
1954
16866
8212
6098
12394
7159
14537
19383
5586
5767
14
1894
4998
10755
9418
8580
19421
18891
19192
14945
2372
15589
9231
13772
19232
15853
18550
16364
1250
16154
14791
14604
11748
435
18357
7560
15430
10165
6503
19134
6592
16706
11856
18937
7102
6711
14240
4352
10275
2529
4744
1752
7017
3448
7306
19362
18227
18971
14718
9419
10642
1477
17036
4583
9037
2882
9993
11506
11139
11097
8214
13885
4991
10722
4574
3421
5352
10622
11261
5708
6525
14552
3573
6400
6219
14243
13933
9711
5415
16221
10383
7890
18418
4509
16067
7870
1623
1170
14767
8297
10513
15050
7408
3883
10534
5193
5403
17085
16952
18617
17142
10617
10367
13047
12387
12590
16320
15486
5132
19224
11245
8170
5949
12340
9341
15469
6311
14920
11706
9452
24
568
5993
17044
7260
961
14556
14302
11829
4789
11749
14352
2172
8945
17534
2307
2829
8344
15904
5693
4439
12005
12927
6902
2903
13444
2143
16468
17005
14178
19091
15350
15084
14069
5505
3242
10139
10772
5285
13156
3925
18587
12161
17528
14325
11492
11220
17226
5679
17370
12492
1507
769
15403
1205
11985
17083
12992
6985
9601
11695
18138
13064
17115
4783
13157
15808
6823
16238
6368
17990
18347
13889
18678
7110
7038
1016
4193
11579
61
14865
358
3587
11846
14589
14618
19264
16756
2080
540
1202
13216
15402
8083
17826
1832
3876
654
19100
16571
4094
16701
2839
7490
6749
19397
8002
11913
17219
19259
5694
13088
6958
16840
5296
512
8820
10072
7080
9530
8294
1347
4794
438
17771
8383
13171
7265
17118
4657
6375
10149
1691
6626
1678
16547
10421
4343
18820
16259
14108
18535
6338
12012
2518
13469
9802
910
18992
3109
14840
12880
7445
5115
6826
1179
8848
19070
18960
6767
3831
2686
705
18010
3067
15035
389
745
3408
2583
14912
18203
12041
4517
6037
16451
11292
13589
12531
11082
16801
7388
18580
12371
1901
17444
15871
601
6379
9796
4321
539
15328
12217
15661
15960
96
19222
2857
17667
4287
16631
14158
6233
2152
8716
7194
7229
8834
12979
9785
12164
14249
390
483
16276
11619
17558
4596
240
1475
9408
17207
18415
7819
7909
15856
2967
11512
11817
5131
13146
9328
17987
3817
968
11127
13686
3909
16794
15342
3839
5062
16171
214
17711
8503
13317
7091
15057
12599
6119
17238
19337
16670
3623
5405
1827
9591
8736
9545
15711
2477
17462
4637
8087
2732
16166
6725
7066
18119
8677
7140
2932
17552
5842
6632
11847
9627
6769
11204
15951
10442
8313
10171
2751
14578
11294
14442
157
4401
6650
9567
15593
16601
8899
15899
12539
15709
3032
6914
8610
9593
15947
16057
15571
11212
15049
18965
3577
3488
17254
19417
8953
14481
12592
16856
8510
9095
3110
11773
3532
632
2322
15159
19318
14579
3092
14847
7327
5210
8374
8966
18237
6721
11087
15609
17692
3900
10329
16882
9612
1309
4170
15572
2478
4119
15994
16305
4528
4597
15575
17739
4050
12399
10211
17565
5313
12919
6668
18577
10189
14425
6727
750
7043
8239
2296
4359
8409
2282
11230
17449
8419
15896
13782
4752
7231
14193
7399
13594
10425
19431
598
16149
12410
5915
4584
4074
13054
17069
5024
3916
5323
7575
881
10886
14908
12678
5177
12443
817
8710
1540
11583
770
7597
14761
1763
13971
3921
5388
18502
13520
16932
8281
14585
14883
8998
7734
16455
6208
8851
9679
15665
15722
7875
15109
12830
11034
10350
17777
8876
19079
5685
9657
14804
5641
3814
14026
9599
19193
13219
12404
8064
15188
18142
5780
15574
12137
7488
12040
6169
9935
15257
9107
1152
8625
1201
6728
9319
3480
3768
1212
17663
2684
5207
13854
14363
16694
1640
12762
564
7454
5660
15239
18936
9466
17955
9189
17550
14491
6127
13821
2017
11344
14856
11610
16290
18218
14937
5384
16852
13236
4083
15690
3224
14691
13664
5140
14270
11209
12377
2177
2636
12851
10090
17571
10267
10629
5100
7192
6372
12049
5152
478
18913
15408
4767
1487
3959
15905
5236
12035
11350
12064
18373
486
4813
19329
14842
3551
11160
18978
19005
12346
17908
15929
10360
7653
3469
11589
3507
16628
8219
7891
17259
11491
18350
7896
2031
6861
5329
5658
2959
14949
1045
13627
14722
7230
12360
18866
2351
2966
5439
15812
6359
14121
9051
7331
7704
18566
16071
13097
17884
17448
10926
2428
7473
18012
12010
7580
13873
18703
18597
14938
6800
15865
13136
12573
10844
8360
11843
8577
4144
2575
217
2778
15579
3866
12464
10290
15413
2863
15106
2244
18723
8365
9826
4531
8406
160
3496
14215
5543
16014
13916
18989
16811
7919
14139
18854
17519
5511
16615
8098
16678
9531
6299
407
7371
7184
18661
10874
9839
19041
396
11526
15810
4065
8291
6701
1682
5464
10708
11545
16103
15598
1353
17157
9025
14531
17022
16533
11434
5095
12692
6335
17459
976
6824
14708
6679
15750
12686
350
4955
14575
10202
17562
18858
13404
16413
10259
6901
14711
15814
3393
12886
4654
11649
12292
4605
4062
4839
17853
1093
7135
4098
2022
18139
12770
292
16927
17374
4768
16105
1904
11956
6242
1969
2425
957
13267
9931
18619
18623
18677
8209
9410
11483
14671
9875
10833
11234
17545
3844
9502
3484
18963
1004
3070
18932
18150
17965
10609
12098
7277
8839
6805
19432
3126
1866
6662
18065
4451
6552
17570
4260
14680
17481
8756
18595
10852
13372
6528
6470
3677
15563
9290
2848
10992
17144
16912
12785
9970
9618
8591
13264
2163
1775
3614
5371
7931
16700
12772
7491
3613
7153
16377
18716
18968
10376
740
12929
2283
635
13917
17512
13791
5501
12079
7484
14399
4655
3546
17608
16737
11960
7283
18642
17861
9779
14997
10585
10553
16861
15126
834
9293
1331
2987
2520
12152
9817
1825
16937
1227
7793
14258
5843
5648
9732
11303
10773
9099
1595
7979
17670
1589
3255
19115
2703
10961
8722
3080
15535
7315
17546
10763
14364
13732
5943
4423
14766
11783
9529
9724
17811
18148
17806
13046
17384
11864
5000
9922
8017
8831
18878
2327
7678
8790
10412
18715
9105
7008
155
10736
3214
11521
16012
13145
10967
9878
1020
13556
15080
10968
65
4667
5620
16494
2376
5994
6885
638
18476
13388
6067
14170
2581
5401
17439
13006
13758
2300
13050
13727
4435
17764
11637
14265
3605
7932
18052
2342
19056
12809
18896
7698
4593
6446
8102
259
17421
16528
11460
1314
873
18297
16144
7760
16798
15924
3625
8742
10698
10887
5580
19164
5995
11497
9614
9435
17632
2161
18946
7757
6478
14507
2129
1327
7561
9533
18348
11128
6357
6942
153
2160
4537
547
6984
16714
9166
13042
7800
2631
16976
34
3275
16971
18051
10483
15426
6033
12615
14371
15650
6797
9632
5409
14151
1017
10295
7083
5516
15461
8697
9484
17156
6101
15412
15894
17228
4356
3087
17257
18319
1629
6383
7319
17071
9749
16830
7675
9317
11759
3741
10827
15289
19375
8037
16179
15392
9033
3552
2556
18111
10260
14146
18190
14886
4877
788
14660
2902
383
6993
8113
19063
10301
18487
13314
11557
2195
16725
12744
1261
5256
15319
7169
18270
12637
7150
16640
7911
4301
13204
19356
590
5541
11999
9570
1972
14219
6077
385
5807
1260
9919
10512
11655
19090
14477
7543
6921
8844
17923
92
18255
9139
11110
4635
16452
11257
1680
9194
15145
14509
4669
19418
5527
14159
16635
2894
19135
15992
14650
8925
1536
1342
18090
18029
15555
16515
12984
1229
18544
18140
15100
2993
2823
7294
4788
15357
7733
7374
6730
10066
9838
18981
3913
7188
10060
14398
9142
16208
7041
15344
14239
12149
15338
3177
14346
17583
17879
16394
3293
19434
4040
17008
71
12660
9008
8074
95
17042
98
256
6377
6661
3558
1769
12344
14033
13972
1603
19075
4697
18188
2568
4661
19262
8192
18516
18524
10963
4656
15908
7406
12455
4681
16440
10226
11022
14515
7085
12914
13604
12928
4973
3534
13127
15604
17435
15508
4810
14214
188
2879
1559
14969
16860
11776
4130
10683
1029
1560
16865
16630
7965
2576
18941
7730
12765
4853
2818
18361
691
13308
11744
7520
9284
16153
4737
7925
10213
6318
3852
6256
12716
14695
12543
12972
14272
703
1572
16839
16007
10387
8022
1656
17451
12655
825
306
7566
10126
12755
16089
18246
1364
2011
13946
7053
8166
16923
16167
6960
17660
17830
7882
17744
5292
6741
3751
10849
2139
4325
11546
5907
4331
10639
11432
12779
7126
5457
1120
1252
2192
18549
9647
18725
1412
9365
9003
6757
14738
569
3767
4337
7012
16799
16648
16142
4453
1496
14220
6351
5093
4913
4847
13823
18862
208
10231
8174
14162
11854
16511
12998
7494
6218
4425
19350
17297
6385
10207
17836
6472
10276
11820
18477
12193
11505
16092
7595
3172
10972
7572
6624
14782
13411
6507
13129
10353
11266
11176
13015
19412
2545
4756
8680
8153
37
16432
12882
18693
8887
16960
8222
17074
1759
11565
191
17580
12349
4004
3246
17017
2627
14679
1970
10190
8200
17817
17752
17581
11664
14189
4012
2460
342
3081
14904
1292
16008
14684
12023
9548
1995
13743
16785
1336
14386
4660
1035
204
18927
10286
10749
18707
7409
991
12887
10363
14281
2286
7421
328
4900
12305
18374
9458
5850
17482
7377
19013
7382
13098
3533
8563
8679
2814
2290
9650
10085
6481
8262
8366
13862
12923
9042
15162
3970
1733
8075
4882
15594
15178
5362
14558
9177
10390
12424
9710
8984
18027
7028
17839
3371
724
1124
8364
858
8119
17620
12015
18741
10835
9443
17966
8968
5773
15055
15624
15855
16507
8701
6876
13200
16939
10128
13282
13207
6333
10173
15769
14872
9585
7096
18639
4595
8546
1869
8689
1786
10460
8880
12605
15439
14895
5792
6667
4587
15397
19077
3284
15716
14630
18427
15867
5978
17355
233
10040
3943
10490
5812
602
12702
1264
16001
16102
17371
17774
18669
18933
17768
209
9746
16487
3826
19159
2121
11218
14489
14186
1257
9310
8001
721
18621
16250
19258
16326
12297
11380
4807
3621
1230
16622
16684
12964
9658
9694
9648
17858
17705
15876
1748
16771
8761
1626
14725
5427
19025
8246
6556
18644
12681
5240
13722
11894
12855
17030
12783
17942
18171
18155
17952
12627
4871
9885
17532
16925
2462
6056
5295
5053
2550
3501
6035
4087
3527
17507
3307
1899
9558
7724
16204
13134
449
4134
8807
15798
14280
10889
10330
16769
12813
1646
3725
14358
14781
14374
13994
1685
12286
3162
12169
13680
6076
2557
14195
16175
2158
4336
18698
2259
10154
2982
15898
12900
1847
8148
10468
6417
7504
12661
5593
16195
718
14005
8709
10386
10901
13498
10601
5433
2820
8916
19167
13736
6070
13548
17190
15582
14880
8221
4358
14262
10212
8349
14704
19081
14266
10676
752
15027
11536
16671
5404
18705
12497
5976
7401
18204
16898
776
3406
12157
1246
14285
16135
3046
7175
15796
230
11874
517
10664
1668
7516
1147
6106
2336
4275
11839
12134
8282
938
16389
7615
14541
8325
8494
10753
2611
10495
19209
15840
6780
12144
12858
1395
3312
7989
7148
6282
13373
3498
6722
2260
17020
7796
7183
8402
72
14475
7157
13283
9289
5779
13547
1451
16780
4782
18451
10415
7813
3291
12434
2305
14175
13167
10362
6418
5657
1630
17769
7082
2514
6631
17056
30
9036
2361
5982
14954
14653
1007
7772
14196
16114
3105
9858
16438
13534
17587
6524
17832
11103
14597
3564
17650
13484
7400
8331
3691
10356
5104
2387
6012
983
2808
17450
10438
15015
11229
10217
17684
6403
9357
18790
2034
1337
10818
7223
18609
2203
13027
5365
17383
16745
15880
1515
17931
3991
2883
999
7203
6007
16478
17701
3666
13339
17636
4827
6691
17425
1219
7
7242
13325
18108
12241
10352
5309
10745
1695
12174
6404
761
6091
18655
10989
15757
15081
1744
11324
17792
9560
7483
4123
2905
2446
5619
16883
11213
15728
12445
5883
3356
3694
3411
14733
16589
18182
9333
7548
5576
17261
16950
12507
4534
107
3944
13575
937
12888
4508
12167
13070
18471
9227
18017
12844
4763
16851
8685
2584
10567
9725
17492
18977
14750
9218
11544
11974
2968
15567
8812
8155
15108
3743
17373
46
3659
8873
18062
16705
152
18354
18436
4036
14115
17986
8809
2908
7754
12321
736
13361
17188
281
8465
10767
19144
13562
5007
19360
11135
7311
5359
9306
9519
284
15768
4490
118
1144
7587
11586
3156
6415
13572
9296
7748
768
182
17983
15998
17803
387
18985
2786
16232
7324
19355
6212
6646
1408
15069
522
11374
17305
12525
15883
11363
16239
6336
2880
16855
4985
3405
16146
562
19313
14502
6426
18183
1720
102
6021
1324
896
16565
8230
17837
1570
17929
2724
8784
13724
15326
10548
18518
18839
18321
2851
2654
2301
11253
477
18086
14657
1543
871
5649
1284
2649
9266
1021
2500
12689
3555
7968
16477
2709
2277
14154
15429
5118
10205
18787
18460
8651
1725
13609
17344
18671
4760
9608
1066
17426
8207
13814
14423
11781
1129
12395
1831
4936
11470
12138
9778
16269
15302
11873
13883
9200
8489
16345
11554
5265
16755
17698
11950
12442
8964
1481
9114
18603
2896
12576
9359
2928
9072
11742
15442
15708
11806
1203
8975
722
10497
14260
5572
18094
10902
11980
15963
17935
7475
1439
18462
10574
19336
10620
14543
14426
7570
17471
5987
9216
588
11696
6798
1392
7007
7143
1751
14000
15243
15829
6221
9234
10285
15629
9230
10697
9068
13511
12421
12448
5393
14720
17862
8708
16126
174
17414
7784
13106
17859
16894
15280
7076
18396
3757
15481
5531
12369
14068
52
9133
391
6222
18398
5011
1608
10455
3511
3529
17368
4754
5499
11504
1402
9226
16458
9206
133
6951
17940
7497
8523
5030
982
16130
14846
5702
13979
18101
9759
7235
12544
11069
10786
16380
9243
14901
5226
10936
6610
16612
16995
12401
8375
2240
1048
1356
5874
18750
13973
5503
14259
5754
12326
16904
2506
11254
15230
12578
82
12373
9897
16668
6371
427
12742
7686
18263
11075
13265
11224
17609
7253
1440
10465
4205
14917
11188
16286
11918
13380
8846
9770
18160
18044
9862
6473
4861
1859
1428
13652
16787
3014
8578
6
8377
9217
16133
12625
5751
13281
18810
8472
35
8477
13776
10540
3190
11399
19178
15721
19309
14331
15364
12088
3871
17936
6200
15014
8930
9955
9879
91
14587
2841
5629
6039
16270
16367
12616
17243
3810
4176
14963
5947
6258
10880
3606
10357
19199
16753
7803
4299
543
3657
1525
4404
16022
13824
894
12291
1494
6754
10569
12025
17206
4872
5361
5263
6151
15198
13514
16450
11129
18479
5634
5765
6171
2742
18394
17354
1280
1427
19076
6259
16975
6611
10757
4392
12105
9563
19103
767
16469
11021
16251
4805
13751
12124
11801
12894
5762
3770
16088
5075
19269
10857
330
11982
18407
9462
692
14112
12799
15450
10810
7316
16187
5123
8216
13779
8340
6791
15610
15529
732
1997
13738
485
8902
14609
16913
2832
12333
9757
9460
9292
13427
18037
9204
14322
2975
2604
6929
11678
5379
14705
6345
14181
11530
15868
18632
4723
10185
11752
3756
10422
8080
6825
13697
1588
5476
16993
2617
18207
1687
19111
11072
18309
1615
9763
15018
17920
19114
3690
12222
1488
18533
14955
18876
5413
11591
12832
10918
3574
6608
1677
19332
8046
1541
12003
1301
1872
6365
9666
3982
735
12055
15288
5354
5755
13506
14128
5944
2898
17311
19221
6191
18268
10409
6877
13542
17483
16277
142
12586
16005
13598
11910
12704
11826
6328
8039
5770
3136
10973
18868
8932
643
10510
8142
5759
2805
12748
11987
5052
2125
17674
10787
7764
7442
7612
15930
9087
10592
6943
1793
18001
6531
17063
18050
2025
8379
16056
17452
10626
11362
659
12937
4081
2276
13803
18493
514
8896
13383
18231
7307
11659
18085
16200
294
10464
15181
7807
2345
4010
18371
12106
2920
15959
11286
15941
6688
16189
8437
6745
9219
11402
15482
7117
9954
14829
13030
5567
146
5173
9269
1484
14093
10065
15151
14122
11736
15917
3129
4674
17
11624
19106
9762
7655
5335
12017
13327
8488
11385
10670
14378
19118
5013
16592
6440
17138
16509
1055
2847
2799
11766
17710
15754
10854
14306
707
17657
15143
4447
13956
13730
2566
3217
327
4644
5307
6342
9282
11573
18413
6678
6458
13360
4826
19147
9728
10760
16437
1983
16310
15277
14799
4885
19062
7452
12361
3357
17340
9849
4225
15727
12705
17059
1467
10481
18133
11563
12553
6080
5170
1270
10924
10155
4601
15657
14854
3820
9726
15729
3669
9281
7814
13082
18954
9104
83
16333
14120
16496
11170
5659
6677
8141
1318
14677
15549
448
14169
17104
5372
13618
15740
13721
5819
15646
10966
15219
2925
13557
14344
3774
3661
5414
19233
3391
17352
4990
18452
3645
7523
7971
8803
16274
11373
16162
8999
1985
11417
8562
16196
17007
19357
15278
13178
19122
1197
2645
19020
7789
8506
11252
10427
16514
3609
9246
9638
11525
11828
17595
14301
2766
6787
3071
11316
11325
148
7893
18249
3961
12951
13039
6048
5866
12384
15371
10523
12965
8908
8589
8778
4691
18049
11965
13268
5255
7244
583
255
2360
12696
11949
3106
11121
5069
7714
917
18701
14748
18472
15737
10261
3279
13706
5298
16363
11050
18474
11813
8903
14323
6974
17065
4602
12463
18170
2391
15686
14405
9692
14421
12099
10521
8269
18410
14600
4829
16461
17672
17602
3738
10877
12330
12250
6407
11975
12589
7219
2120
8997
8150
7200
13400
1111
18320
14505
10015
8897
18856
5847
8811
7428
5984
3344
5164
7559
6346
4521
13632
8500
1073
6480
18339
2904
1726
14728
3233
13472
18178
6194
15675
17783
10393
3063
11415
12095
12930
8776
5631
12798
16111
8872
13226
4972
13344
5225
15153
8238
19306
11181
18322
1247
8036
11453
7269
17431
8059
11275
12892
16820
11043
13878
9688
18726
18032
2004
19369
14370
4173
17162
7426
2044
5099
14874
8596
10597
14530
10214
1943
19333
15373
3329
7155
16795
3836
8179
16182
10536
16959
1690
1795
12628
10964
16281
15677
18614
4003
5279
10062
2124
10478
16036
17996
3566
17490
18226
9581
4510
18197
2073
6230
14130
18054
16275
4249
5470
17412
7912
17706
16647
14341
5057
18881
18156
12262
10544
7493
13952
17457
11272
16085
12839
7959
16505
2187
8744
5015
16513
16984
4545
7057
12673
11064
13810
8086
17214
2941
4778
926
16061
5424
286
12754
18196
17077
3152
8527
883
12513
10727
3449
12699
5020
5198
8370
5718
15497
10221
13517
2202
16575
8540
2916
4970
6956
1234
16151
18756
9870
17015
11509
684
18585
9917
13165
11216
5764
3999
6014
14792
772
19395
18405
6738
6187
9695
5080
12073
13025
16905
19348
18555
8738
1941
5763
10716
12804
7358
2
11339
10917
4571
16948
886
17064
6918
1937
13631
16138
2745
10303
14152
15813
12347
3865
18754
12977
11348
9508
9273
8542
14050
9295
9544
17598
6589
7321
1722
14268
17216
1015
16261
1084
9258
10824
4480
8617
16139
3084
1167
43
8900
10674
7744
15909
17232
12051
1689
17423
15410
8314
16303
8779
1964
929
2687
8132
15895
19376
18852
16625
8988
11063
19342
6873
10241
13066
18637
4869
5730
7568
6078
4017
4893
18289
8869
18643
16098
4690
11226
1822
5568
14632
7853
15306
18593
18296
2965
11816
7564
3737
14816
18097
17877
7845
16550
15065
18998
17281
8666
9538
15766
12159
6658
11207
14264
7540
1190
3542
14032
3300
7787
12188
15471
15681
13795
8840
10408
13065
14893
14485
12212
7921
16172
6044
9915
2887
17488
12792
4896
11553
14166
5959
8729
18815
6814
18904
15858
3125
18973
3100
363
17098
7683
5992
18058
4029
18112
2418
19051
12688
13660
14227
12267
12859
6897
177
13256
12109
6297
11857
63
6964
8300
11644
4802
3776
7385
17367
15281
18491
3819
3221
14396
13669
19180
11145
13846
15002
11467
13403
4107
2697
14838
13794
6700
7885
15033
14228
14741
4204
13038
9021
9821
1950
10837
9059
15186
5184
11384
9399
15664
19196
11295
9674
9776
16766
16041
11186
16617
196
4570
18752
16728
9783
6686
14488
5290
7332
13630
3121
8607
10170
15110
8389
14562
6471
2378
1932
13432
302
13262
8442
13891
1522
9671
11081
5573
824
11711
6288
10726
10104
6551
9097
5029
2077
15220
9998
7980
19426
14212
13769
15349
5101
2704
3321
11125
16695
11947
11025
16235
2946
16732
3348
15217
8772
14288
12081
1286
14881
12884
14615
18359
7423
4812
14624
9265
11342
8393
7620
18860
15826
15790
2812
14885
9670
17979
12270
12208
1698
13529
13639
18645
5157
15931
12638
6278
19211
8462
8530
18213
10316
16524
17472
14759
13726
14447
2644
10397
3837
10940
3646
8136
18590
18801
9729
9428
11337
7746
11769
16368
6062
15694
6145
15632
14021
15251
18212
13366
4008
7929
15051
2239
16213
7163
13761
10693
10859
10244
1810
8215
4115
3334
6247
14512
786
10883
16329
17114
18757
18652
3213
18251
9352
6553
3524
8169
4621
9180
8189
468
2738
633
14740
10399
3731
9977
150
6941
12652
4505
10951
14244
11964
8040
9463
5674
16231
1323
5375
12878
3565
2560
4492
18135
15842
3679
17187
17649
7765
13603
11514
16177
429
16777
5169
10632
18030
19151
3101
16974
10614
15519
9573
9782
14401
10725
10401
18416
5954
6838
369
5316
10411
2819
12375
18154
12154
10434
16346
18656
19404
3034
4312
7416
11716
17270
11838
15242
4712
4230
11484
4133
9889
5605
13835
1586
12814
4485
3652
16045
8035
11668
18562
7215
11651
18570
10166
6935
2162
18391
15997
10203
4228
1610
11152
6310
18459
1505
3482
12520
10850
17497
16822
8204
4124
14777
14119
7228
12052
11782
1942
8125
11745
19133
8750
9141
3942
4941
13326
12857
13102
1200
18395
18959
17917
367
6492
4560
8341
7935
7855
16344
16958
7634
19098
18654
5855
12032
14717
17105
5789
2729
17727
4102
5639
759
16629
10823
11740
18209
18454
16903
13893
6973
14924
12867
1023
16358
12856
15451
14458
4786
15641
15969
5966
13801
2018
11263
13187
7591
14599
15536
507
7146
2141
12113
10590
8082
3531
2229
6094
4465
15182
9957
19108
8933
11832
4286
1851
15948
18283
11354
10994
1551
8278
7862
12024
13501
18382
14177
181
15191
7879
10638
1469
11822
17913
10441
3455
9864
4242
16804
17230
299
9755
3029
5484
9639
9714
7762
2523
18074
18423
7960
5956
9630
13311
14628
14870
2093
966
2364
9473
5430
12604
6892
8985
12062
13335
15950
11934
1670
278
5909
14533
11404
137
7736
11202
521
18563
5875
18653
4609
1255
7629
15586
18098
10102
1393
18646
12763
4493
12757
18075
15202
16752
13117
15743
17081
17916
919
3418
1511
12515
14591
7300
4875
9271
663
11427
4714
378
248
2390
15914
12961
18906
5705
14145
3506
11657
1178
17341
14687
1303
17027
5739
11625
14293
2740
3341
16284
9748
1806
7741
3758
8634
3289
10206
11164
7109
9916
12600
2986
16808
18372
9146
11995
1312
18318
11214
887
9018
7418
10619
1037
18976
15200
4468
16651
11931
1945
1593
14233
12175
757
3096
3548
8195
12031
8619
12209
10890
12089
6386
13645
16416
15614
8475
16090
13611
11730
13298
1082
11247
14612
14648
1348
13634
13429
16025
15092
9158
2224
300
8767
4227
11232
3949
14024
2909
10875
6362
6326
12935
1495
9672
4364
11293
15180
12181
3326
17273
15507
14549
1382
1580
18837
5747
16336
18332
18731
9397
11231
1976
8067
3923
1707
3499
14183
3760
11685
15193
18740
8571
14503
7318
5167
9604
6889
7121
1609
1343
9162
8633
14835
11613
7108
9320
11593
17402
4471
7950
6142
4579
15921
16337
6989
2293
14803
4859
3575
4000
6957
2719
8878
12875
5089
2090
5110
9561
10162
6535
9819
494
18835
10046
18660
566
5344
13996
10527
13081
9539
6149
13552
1307
5983
7176
2264
15674
17067
4160
16402
15485
855
15648
17724
8493
3825
4894
9151
18020
12114
15029
18694
18152
13022
10130
15799
6339
14038
10832
15526
13482
15428
442
828
990
18165
11869
15932
9901
7826
19083
9321
6040
14456
5824
3500
1519
1864
7264
12609
14790
19220
10783
15732
6978
14466
11524
2067
15719
11356
3000
14462
17927
17161
11106
12714
11937
1253
14567
5447
1277
17622
13762
15235
17246
18205
15189
14011
18073
13077
5752
15890
11743
2157
14479
12996
2690
4976
11648
14768
18888
4773
16222
16457
7417
2273
10888
18657
16470
16050
10163
1448
7363
18125
4266
13480
5156
13757
2743
9921
820
5544
15761
3984
18553
18951
7145
16696
7652
17887
10907
6651
2976
8733
16053
1340
14645
16563
15562
18238
3399
9835
6966
9752
8455
1621
831
16803
16853
17850
2399
5835
7832
2861
1115
17635
17268
1704
12322
12746
18873
1005
12118
10788
18100
9847
10707
10324
13306
17202
10624
7665
4132
18411
14855
13257
18675
10366
2083
11400
15422
14296
11357
19117
14882
13975
6981
1639
15995
5112
16203
9342
6174
5248
13535
18578
1694
19344
16888
14984
2846
11280
9842
4535
19102
1683
15603
5360
11437
1241
8845
14534
11796
8599
19022
6659
16031
12561
1890
12899
13540
12044
13915
13456
124
3049
13509
13596
7955
14985
4233
2569
17664
11967
38
10250
2180
11441
3171
19162
2423
59
8058
13052
9654
4433
18409
11683
14415
1861
15534
388
2563
9860
15980
354
1116
11009
5665
878
19208
18034
3643
3299
15989
12967
10952
13055
15116
15059
13646
18151
6380
17145
12864
13708
7287
18385
4876
11687
6995
8993
11700
18335
2962
4481
15500
4837
5172
12187
7213
10050
3812
11126
7644
2588
11473
3778
360
3183
12676
14153
16059
7280
3292
5004
12863
18615
3270
7667
8763
13907
10648
13247
14699
12734
3672
10321
8140
18940
10193
815
2349
5859
11494
5695
3682
1350
6587
3563
12971
16842
10568
4039
7380
1109
5737
12247
5252
16983
18292
3414
18016
9045
5617
17424
12156
9737
5735
13369
4897
1965
11157
2476
11604
13435
10500
17057
17753
7241
7226
16183
9088
10030
2794
14345
4513
9156
504
5550
6327
8312
10337
17456
3601
7297
11575
3262
13698
13089
1305
4174
8684
5247
9188
4548
716
18084
13240
10311
16292
3061
18004
15300
5107
17325
10333
10499
14861
9379
305
19240
17640
12150
3036
13041
4616
12325
11416
6487
15539
18262
19110
5001
19363
11000
17278
17746
5324
12794
19150
1407
14522
